-22.8888610532708
-22.884675290144
-22.8738917451387
-22.863106505118
-22.8523195708531
-22.8415309431154
-22.830740622676
-22.8199486103067
-22.8091549067788
-22.7983595128641
-22.7875624293344
-22.7767636569615
-22.7659631965176
-22.7551610487747
-22.7443572145049
-22.7335516944807
-22.7227444894745
-22.7119356002589
-22.7011250276066
-22.6903127722903
-22.6794988350828
-22.6686832167573
-22.6578659180868
-22.6470469398444
-22.6362262828035
-22.6254039477375
-22.61457993542
-22.6037542466246
-22.5929268821251
-22.5820978426952
-22.571267129109
-22.5604347421407
-22.5496006825643
-22.5387649511541
-22.5279275486846
-22.5170884759302
-22.5062477336656
-22.4954053226655
-22.4845612437047
-22.4737154975584
-22.4628680850013
-22.4520190068089
-22.4411682637562
-22.4303158566188
-22.4194617861721
-22.4086060531917
-22.3977486584533
-22.3868896027328
-22.3760288868061
-22.3651665114492
-22.3543024774383
-22.3434367855496
-22.3325694365595
-22.3217004312446
-22.3108297703813
-22.2999574547464
-22.2890834851166
-22.278207862269
-22.2673305869805
-22.2564516600283
-22.2455710821895
-22.2346888542417
-22.2238049769621
-22.2129194511285
-22.2020322775184
-22.1911434569097
-22.1802529900804
-22.1693608778083
-22.1584671208716
-22.1475717200486
-22.1366746761175
-22.1257759898568
-22.1148756620452
-22.1039736934612
-22.0930700848837
-22.0821648370915
-22.0712579508637
-22.0603494269792
-22.0494392662174
-22.0385274693575
-22.027614037179
-22.0166989704616
-22.0057822699847
-21.9948639365281
-21.9839439708718
-21.9730223737957
-21.9620991460799
-21.9511742885048
-21.9402478018504
-21.9293196868972
-21.9183899444259
-21.907458575217
-21.8965255800513
-21.8855909597097
-21.8746547149732
-21.8637168466227
-21.8527773554395
-21.841836242205
-21.8308935077004
-21.8199491527074
-21.8090031780075
-21.7980555843826
-21.7871063726144
-21.776155543485
-21.7652030977764
-21.7542490362707
-21.7432933597504
-21.7323360689976
-21.7213771647951
-21.7104166479254
-21.6994545191713
-21.6884907793155
-21.6775254291411
-21.6665584694311
-21.6555899009686
-21.644619724537
-21.6336479409196
-21.6226745508999
-21.6116995552617
-21.6007229547885
-21.5897447502641
-21.5787649424728
-21.5677835321983
-21.5568005202249
-21.5458159073369
-21.5348296943186
-21.5238418819545
-21.5128524710292
-21.5018614623276
-21.4908688566343
-21.4798746547343
-21.4688788574127
-21.4578814654546
-21.4468824796452
-21.4358819007701
-21.4248797296146
-21.4138759669644
-21.4028706136051
-21.3918636703226
-21.3808551379028
-21.3698450171317
-21.3588333087956
-21.3478200136806
-21.3368051325732
-21.3257886662597
-21.314770615527
-21.3037509811615
-21.2927297639501
-21.2817069646797
-21.2706825841374
-21.2596566231104
-21.2486290823859
-21.2375999627512
-21.2265692649938
-21.2155369899013
-21.2045031382615
-21.1934677108621
-21.182430708491
-21.1713921319362
-21.160351981986
-21.1493102594286
-21.1382669650523
-21.1272220996455
-21.116175663997
-21.1051276588953
-21.0940780851293
-21.0830269434879
-21.0719742347601
-21.0609199597351
-21.0498641192021
-21.0388067139504
-21.0277477447696
-21.0166872124492
-21.0056251177789
-20.9945614615485
-20.9834962445479
-20.9724294675672
-20.9613611313965
-20.9502912368261
-20.9392197846462
-20.9281467756473
-20.9170722106201
-20.9059960903553
-20.8949184156435
-20.8838391872757
-20.8727584060431
-20.8616760727366
-20.8505921881476
-20.8395067530672
-20.8284197682872
-20.817331234599
-20.8062411527943
-20.795149523665
-20.7840563480029
-20.7729616266
-20.7618653602486
-20.7507675497408
-20.7396681958689
-20.7285672994255
-20.7174648612031
-20.7063608819944
-20.6952553625923
-20.6841483037895
-20.6730397063793
-20.6619295711545
-20.6508178989086
-20.6397046904349
-20.6285899465269
-20.6174736679781
-20.6063558555822
-20.595236510133
-20.5841156324244
-20.5729932232505
-20.5618692834054
-20.5507438136833
-20.5396168148786
-20.5284882877857
-20.5173582331992
-20.5062266519139
-20.4950935447246
-20.483958912426
-20.4728227558134
-20.4616850756816
-20.4505458728262
-20.4394051480423
-20.4282629021256
-20.4171191358715
-20.4059738500757
-20.394827045534
-20.3836787230424
-20.372528883397
-20.3613775273937
-20.3502246558289
-20.3390702694991
-20.3279143692005
-20.3167569557298
-20.3055980298837
-20.294437592459
-20.2832756442527
-20.2721121860617
-20.2609472186832
-20.2497807429144
-20.2386127595528
-20.2274432693958
-20.2162722732409
-20.205099771886
-20.1939257661288
-20.1827502567672
-20.1715732445992
-20.160394730423
-20.1492147150369
-20.1380331992392
-20.1268501838284
-20.1156656696032
-20.1044796573621
-20.093292147904
-20.082103142028
-20.070912640533
-20.059720644218
-20.0485271538825
-20.0373321703258
-20.0261356943473
-20.0149377267467
-20.0037382683237
-19.9925373198781
-19.9813348822098
-19.9701309561189
-19.9589255424056
-19.9477186418702
-19.9365102553129
-19.9253003835342
-19.914089027335
-19.9028761875157
-19.8916618648773
-19.8804460602206
-19.8692287743467
-19.8580100080569
-19.8467897621524
-19.8355680374345
-19.8243448347047
-19.8131201547648
-19.8018939984163
-19.7906663664612
-19.7794372597014
-19.7682066789389
-19.7569746249759
-19.7457410986148
-19.7345061006578
-19.7232696319076
-19.7120316931666
-19.7007922852378
-19.6895514089238
-19.6783090650277
-19.6670652543526
-19.6558199777015
-19.6445732358778
-19.633325029685
-19.6220753599264
-19.6108242274059
-19.599571632927
-19.5883175772937
-19.5770620613098
-19.5658050857796
-19.5545466515071
-19.5432867592966
-19.5320254099527
-19.5207626042798
-19.5094983430826
-19.4982326271656
-19.486965457334
-19.4756968343927
-19.4644267591466
-19.4531552324011
-19.4418822549614
-19.430607827633
-19.4193319512213
-19.4080546265322
-19.3967758543712
-19.3854956355443
-19.3742139708575
-19.3629308611168
-19.3516463071285
-19.3403603096988
-19.3290728696343
-19.3177839877414
-19.3064936648269
-19.2952019016974
-19.2839086991599
-19.2726140580214
-19.261317979089
-19.2500204631699
-19.2387215110714
-19.2274211236009
-19.2161193015662
-19.2048160457747
-19.1935113570342
-19.1822052361528
-19.1708976839383
-19.159588701199
-19.148278288743
-19.1369664473787
-19.1256531779145
-19.114338481159
-19.1030223579209
-19.091704809009
-19.0803858352321
-19.0690654373994
-19.0577436163199
-19.0464203728028
-19.0350957076576
-19.0237696216937
-19.0124421157207
-19.0011131905483
-18.9897828469862
-18.9784510858445
-18.9671179079331
-18.9557833140622
-18.944447305042
-18.9331098816829
-18.9217710447954
-18.9104307951901
-18.8990891336777
-18.887746061069
-18.8764015781749
-18.8650556858065
-18.853708384775
-18.8423596758916
-18.8310095599677
-18.8196580378146
-18.8083051102443
-18.7969507780682
-18.7855950420983
-18.7742379031465
-18.7628793620248
-18.7515194195455
-18.7401580765209
-18.7287953337632
-18.7174311920849
-18.7060656522989
-18.6946987152177
-18.6833303816542
-18.6719606524215
-18.6605895283324
-18.6492170102004
-18.6378430988385
-18.6264677950603
-18.6150910996794
-18.6037130135091
-18.5923335373635
-18.5809526720563
-18.5695704184014
-18.558186777213
-18.5468017493054
-18.5354153354927
-18.5240275365895
-18.5126383534102
-18.5012477867696
-18.4898558374823
-18.4784625063632
-18.4670677942274
-18.45567170189
-18.4442742301662
-18.4328753798712
-18.4214751518207
-18.41007354683
-18.3986705657149
-18.3872662092911
-18.3758604783745
-18.3644533737813
-18.3530448963274
-18.3416350468291
-18.3302238261028
-18.3188112349647
-18.3073972742318
-18.2959819447204
-18.2845652472476
-18.2731471826301
-18.261727751685
-18.2503069552294
-18.2388847940806
-18.227461269056
-18.2160363809728
-18.204610130649
-18.1931825189021
-18.1817535465499
-18.1703232144103
-18.1588915233014
-18.1474584740413
-18.1360240674484
-18.1245883043409
-18.1131511855375
-18.1017127118565
-18.0902728841169
-18.0788317031374
-18.067389169737
-18.0559452847348
-18.0445000489498
-18.0330534632015
-18.0216055283092
-18.0101562450923
-17.9987056143706
-17.9872536369638
-17.9758003136917
-17.9643456453742
-17.9528896328314
-17.9414322768836
-17.9299735783511
-17.9185135380542
-17.9070521568136
-17.8955894354497
-17.8841253747835
-17.8726599756357
-17.8611932388273
-17.8497251651795
-17.8382557555133
-17.8267850106501
-17.8153129314116
-17.803839518619
-17.7923647730941
-17.7808886956588
-17.7694112871348
-17.7579325483441
-17.746452480109
-17.7349710832515
-17.7234883585941
-17.7120043069592
-17.7005189291694
-17.6890322260472
-17.6775441984157
-17.6660548470976
-17.6545641729159
-17.6430721766939
-17.6315788592546
-17.6200842214216
-17.6085882640183
-17.5970909878682
-17.585592393795
-17.5740924826226
-17.5625912551749
-17.551088712276
-17.5395848547499
-17.5280796834211
-17.5165731991138
-17.5050654026525
-17.4935562948618
-17.4820458765666
-17.4705341485915
-17.4590211117615
-17.4475067669017
-17.4359911148374
-17.4244741563936
-17.4129558923959
-17.4014363236699
-17.3899154510409
-17.3783932753349
-17.3668697973778
-17.3553450179953
-17.3438189380137
-17.3322915582592
-17.320762879558
-17.3092329027365
-17.2977016286213
-17.2861690580391
-17.2746351918167
-17.2631000307807
-17.2515635757584
-17.2400258275767
-17.2284867870629
-17.2169464550443
-17.2054048323484
-17.1938619198027
-17.1823177182348
-17.1707722284727
-17.1592254513441
-17.147677387677
-17.1361280382997
-17.1245774040403
-17.1130254857272
-17.1014722841888
-17.0899178002537
-17.0783620347506
-17.0668049885084
-17.0552466623559
-17.0436870571221
-17.0321261736363
-17.0205640127276
-17.0090005752254
-16.9974358619593
-16.9858698737587
-16.9743026114536
-16.9627340758736
-16.9511642678487
-16.9395931882089
-16.9280208377845
-16.9164472174057
-16.9048723279029
-16.8932961701066
-16.8817187448475
-16.8701400529561
-16.8585600952636
-16.8469788726007
-16.8353963857984
-16.8238126356882
-16.8122276231011
-16.8006413488688
-16.7890538138227
-16.7774650187944
-16.7658749646157
-16.7542836521185
-16.7426910821346
-16.7310972554964
-16.7195021730359
-16.7079058355855
-16.6963082439776
-16.6847093990448
-16.6731093016197
-16.6615079525352
-16.6499053526241
-16.6383015027194
-16.6266964036543
-16.615090056262
-16.6034824613758
-16.5918736198293
-16.5802635324558
-16.5686522000892
-16.5570396235634
-16.5454258037121
-16.5338107413695
-16.5221944373696
-16.5105768925468
-16.4989581077354
-16.4873380837699
-16.4757168214848
-16.464094321715
-16.4524705852951
-16.4408456130602
-16.4292194058454
-16.4175919644857
-16.4059632898165
-16.3943333826732
-16.3827022438913
-16.3710698743064
-16.3594362747543
-16.3478014460707
-16.3361653890918
-16.3245281046535
-16.3128895935921
-16.3012498567438
-16.2896088949451
-16.2779667090324
-16.2663232998424
-16.254678668212
-16.2430328149781
-16.2313857409774
-16.2197374470473
-16.2080879340249
-16.1964372027475
-16.1847852540526
-16.1731320887777
-16.1614777077606
-16.149822111839
-16.1381653018507
-16.1265072786338
-16.1148480430266
-16.1031875958671
-16.0915259379937
-16.079863070245
-16.0681989934595
-16.0565337084759
-16.0448672161329
-16.0331995172696
-16.0215306127249
-16.0098605033381
-15.9981891899484
-15.9865166733951
-15.9748429545178
-15.9631680341561
-15.9514919131497
-15.9398145923384
-15.9281360725624
-15.9164563546614
-15.9047754394757
-15.8930933278457
-15.8814100206117
-15.8697255186142
-15.858039822694
-15.8463529336917
-15.8346648524482
-15.8229755798045
-15.8112851166016
-15.7995934636807
-15.7879006218833
-15.7762065920507
-15.7645113750244
-15.7528149716462
-15.7411173827578
-15.729418609201
-15.717718651818
-15.7060175114507
-15.6943151889415
-15.6826116851326
-15.6709070008666
-15.659201136986
-15.6474940943334
-15.6357858737517
-15.6240764760839
-15.6123659021728
-15.6006541528617
-15.5889412289939
-15.5772271314127
-15.5655118609616
-15.5537954184841
-15.542077804824
-15.5303590208251
-15.5186390673314
-15.5069179451869
-15.4951956552358
-15.4834721983224
-15.471747575291
-15.4600217869862
-15.4482948342526
-15.4365667179349
-15.4248374388779
-15.4131069979267
-15.4013753959262
-15.3896426337219
-15.3779087121589
-15.3661736320827
-15.3544373943386
-15.3426999997725
-15.3309614492301
-15.3192217435572
-15.3074808836
-15.2957388702044
-15.2839957042167
-15.2722513864833
-15.2605059178505
-15.2487592991649
-15.2370115312733
-15.2252626150224
-15.2135125512591
-15.2017613408303
-15.1900089845834
-15.1782554833655
-15.166500838024
-15.1547450494063
-15.14298811836
-15.131230045733
-15.1194708323729
-15.1077104791277
-15.0959489868453
-15.084186356374
-15.0724225885622
-15.0606576842581
-15.0488916443103
-15.0371244695673
-15.0253561608779
-15.013586719091
-15.0018161450555
-14.9900444396204
-14.9782716036351
-14.9664976379487
-14.9547225434107
-14.9429463208706
-14.931168971178
-14.9193904951828
-14.9076108937348
-14.8958301676839
-14.8840483178804
-14.8722653451742
-14.8604812504159
-14.8486960344558
-14.8369096981446
-14.8251222423328
-14.8133336678714
-14.8015439756111
-14.7897531664029
-14.7779612410981
-14.7661682005478
-14.7543740456034
-14.7425787771165
-14.7307823959384
-14.718984902921
-14.707186298916
-14.6953865847754
-14.6835857613514
-14.6717838294959
-14.6599807900613
-14.6481766438998
-14.6363713918641
-14.6245650348069
-14.6127575735806
-14.6009490090382
-14.5891393420328
-14.5773285734173
-14.5655167040448
-14.5537037347688
-14.5418896664427
-14.53007449992
-14.5182582360541
-14.506440875699
-14.4946224197085
-14.4828028689367
-14.4709822242375
-14.4591604864653
-14.4473376564742
-14.4355137351188
-14.4236887232536
-14.4118626217334
-14.4000354314128
-14.3882071531468
-14.3763777877902
-14.3645473361984
-14.3527157992266
-14.34088317773
-14.3290494725642
-14.3172146845847
-14.3053788146473
-14.2935418636077
-14.2817038323218
-14.2698647216457
-14.2580245324356
-14.2461832655476
-14.2343409218383
-14.222497502164
-14.2106530073816
-14.1988074383475
-14.1869607959187
-14.1751130809521
-14.1632642943047
-14.1514144368338
-14.1395635093966
-14.1277115128506
-14.1158584480533
-14.1040043158623
-14.0921491171354
-14.0802928527304
-14.0684355235054
-14.0565771303184
-14.0447176740275
-14.0328571554912
-14.020995575568
-14.0091329351162
-13.9972692349946
-13.9854044760621
-13.9735386591773
-13.9616717851995
-13.9498038549877
-13.9379348694011
-13.926064829299
-13.9141937355411
-13.9023215889868
-13.8904483904958
-13.878574140928
-13.8666988411432
-13.8548224920015
-13.842945094363
-13.8310666490881
-13.819187157037
-13.8073066190704
-13.7954250360487
-13.7835424088327
-13.7716587382833
-13.7597740252613
-13.747888270628
-13.7360014752443
-13.7241136399717
-13.7122247656717
-13.7003348532055
-13.688443903435
-13.6765519172218
-13.6646588954279
-13.6527648389151
-13.6408697485456
-13.6289736251817
-13.6170764696856
-13.6051782829198
-13.5932790657468
-13.5813788190292
-13.5694775436299
-13.5575752404117
-13.5456719102378
-13.5337675539711
-13.521862172475
-13.5099557666127
-13.4980483372478
-13.4861398852438
-13.4742304114644
-13.4623199167734
-13.4504084020348
-13.4384958681126
-13.426582315871
-13.4146677461741
-13.4027521598864
-13.3908355578724
-13.3789179409967
-13.3669993101239
-13.355079666119
-13.343159009847
-13.3312373421728
-13.3193146639616
-13.3073909760788
-13.2954662793897
-13.2835405747598
-13.271613863055
-13.2596861451408
-13.2477574218831
-13.2358276941479
-13.2238969628013
-13.2119652287095
-13.2000324927389
-13.1880987557559
-13.1761640186269
-13.1642282822188
-13.1522915473983
-13.1403538150323
-13.1284150859877
-13.1164753611317
-13.1045346413316
-13.0925929274547
-13.0806502203685
-13.0687065209405
-13.0567618300384
-13.0448161485301
-13.0328694772834
-13.0209218171666
-13.0089731690475
-12.9970235337947
-12.9850729122763
-12.9731213053609
-12.9611687139171
-12.9492151388138
-12.9372605809196
-12.9253050411036
-12.9133485202348
-12.9013910191825
-12.8894325388158
-12.8774730800042
-12.8655126436173
-12.8535512305245
-12.8415888415959
-12.8296254777011
-12.8176611397101
-12.8056958284932
-12.7937295449204
-12.7817622898622
-12.7697940641889
-12.7578248687711
-12.7458547044795
-12.7338835721849
-12.7219114727582
-12.7099384070703
-12.6979643759924
-12.6859893803958
-12.6740134211518
-12.6620364991319
-12.6500586152075
-12.6380797702506
-12.6260999651328
-12.614119200726
-12.6021374779025
-12.5901547975341
-12.5781711604934
-12.5661865676526
-12.5542010198843
-12.542214518061
-12.5302270630555
-12.5182386557406
-12.5062492969893
-12.4942589876746
-12.4822677286698
-12.4702755208481
-12.458282365083
-12.446288262248
-12.4342932132167
-12.4222972188629
-12.4103002800606
-12.3983023976835
-12.3863035726059
-12.3743038057019
-12.3623030978458
-12.3503014499123
-12.3382988627757
-12.3262953373107
-12.3142908743923
-12.3022854748951
-12.2902791396944
-12.2782718696651
-12.2662636656826
-12.2542545286222
-12.2422444593593
-12.2302334587695
-12.2182215277287
-12.2062086671126
-12.194194877797
-12.1821801606581
-12.170164516572
-12.1581479464151
-12.1461304510636
-12.1341120313941
-12.1220926882831
-12.1100724226075
-12.0980512352442
-12.08602912707
-12.0740060989619
-12.0619821517973
-12.0499572864533
-12.0379315038075
-12.0259048047373
-12.0138771901206
-12.0018486608348
-11.989819217758
-11.9777888617681
-11.9657575937433
-11.9537254145617
-11.9416923251017
-11.9296583262418
-11.9176234188604
-11.9055876038364
-11.8935508820483
-11.8815132543753
-11.8694747216962
-11.8574352848903
-11.8453949448368
-11.8333537024149
-11.8213115585043
-11.8092685139844
-11.7972245697352
-11.7851797266362
-11.7731339855675
-11.7610873474092
-11.7490398130412
-11.7369913833441
-11.7249420591981
-11.7128918414839
-11.700840731082
-11.688788728873
-11.6767358357379
-11.6646820525576
-11.6526273802133
-11.640571819586
-11.6285153715572
-11.6164580370083
-11.6043998168206
-11.5923407118761
-11.5802807230563
-11.5682198512432
-11.5561580973187
-11.544095462165
-11.5320319466643
-11.519967551699
-11.5079022781514
-11.4958361269042
-11.4837690988401
-11.4717011948417
-11.4596324157922
-11.4475627625744
-11.4354922360715
-11.4234208371668
-11.4113485667437
-11.3992754256855
-11.387201414876
-11.3751265351987
-11.3630507875376
-11.3509741727767
-11.3388966917998
-11.3268183454913
-11.3147391347354
-11.3026590604164
-11.2905781234189
-11.2784963246277
-11.2664136649272
-11.2543301452025
-11.2422457663384
-11.2301605292202
-11.2180744347328
-11.2059874837618
-11.1938996771927
-11.1818110159107
-11.1697215008015
-11.1576311327512
-11.1455399126454
-11.1334478413702
-11.1213549198116
-11.109261148856
-11.0971665293897
-11.0850710622991
-11.0729747484708
-11.0608775887916
-11.048779584148
-11.0366807354271
-11.024581043516
-11.0124805093018
-11.0003791336717
-10.988276917513
-10.9761738617134
-10.9640699671604
-10.9519652347416
-10.939859665345
-10.9277532598585
-10.9156460191702
-10.9035379441682
-10.8914290357408
-10.8793192947764
-10.8672087221635
-10.8550973187908
-10.842985085547
-10.830872023321
-10.8187581330018
-10.8066434154784
-10.79452787164
-10.7824115023761
-10.7702943085758
-10.758176291129
-10.7460574509252
-10.7339377888541
-10.7218173058056
-10.7096960026699
-10.6975738803368
-10.6854509396968
-10.6733271816403
-10.6612026070576
-10.6490772168393
-10.6369510118762
-10.6248239930589
-10.6126961612785
-10.6005675174261
-10.5884380623926
-10.5763077970694
-10.5641767223479
-10.5520448391196
-10.5399121482761
-10.527778650709
-10.5156443473103
-10.503509238972
-10.4913733265859
-10.4792366110444
-10.4670990932398
-10.4549607740644
-10.4428216544108
-10.4306817351716
-10.4185410172395
-10.4063995015074
-10.3942571888684
-10.3821140802156
-10.369970176442
-10.357825478441
-10.3456799871061
-10.3335337033309
-10.3213866280089
-10.3092387620341
-10.2970901063002
-10.2849406617014
-10.2727904291316
-10.2606394094851
-10.2484876036565
-10.2363350125401
-10.2241816370304
-10.2120274780222
-10.1998725364103
-10.1877168130895
-10.1755603089552
-10.1634030249021
-10.1512449618258
-10.1390861206215
-10.1269265021849
-10.1147661074115
-10.102604937197
-10.0904429924372
-10.0782802740281
-10.0661167828659
-10.0539525198466
-10.0417874858668
-10.0296216818225
-10.0174551086105
-10.0052877671274
-9.99311965826996
-9.98095078293505
-9.96878114201963
-9.95661073642076
-9.94443956703574
-9.93226763476196
-9.92009494049687
-9.90792148513786
-9.89574726958269
-9.88357229472918
-9.87139656147527
-9.8592200707189
-9.8470428233583
-9.83486482029152
-9.82268606241712
-9.81050655063352
-9.79832628583929
-9.78614526893315
-9.77396350081408
-9.76178098238074
-9.74959771453228
-9.73741369816784
-9.72522893418684
-9.71304342348853
-9.70085716697249
-9.68867016553838
-9.67648242008588
-9.66429393151468
-9.6521047007251
-9.63991472861703
-9.6277240160906
-9.61553256404623
-9.60334037338424
-9.59114744500526
-9.57895377981002
-9.56675937869903
-9.5545642425734
-9.54236837233414
-9.53017176888225
-9.517974433119
-9.50577636594569
-9.49357756826384
-9.48137804097498
-9.46917778498079
-9.45697680118314
-9.44477509048393
-9.43257265378509
-9.42036949198882
-9.40816560599741
-9.39596099671321
-9.38375566503866
-9.37154961187638
-9.35934283812913
-9.34713534469969
-9.33492713249103
-9.32271820240617
-9.31050855534849
-9.29829819222104
-9.28608711392732
-9.27387532137083
-9.26166281545521
-9.24944959708423
-9.23723566716169
-9.2250210265916
-9.21280567627812
-9.20058961712535
-9.18837285003764
-9.17615537591934
-9.16393719567521
-9.15171831020978
-9.13949872042784
-9.12727842723426
-9.11505743153408
-9.10283573423252
-9.09061333623466
-9.07839023844594
-9.06616644177179
-9.0539419471177
-9.04171675538957
-9.02949086749308
-9.01726428433421
-9.00503700681896
-8.99280903585347
-8.980580372344
-8.96835101719708
-8.95612097131901
-8.94389023561649
-8.93165881099637
-8.91942669836521
-8.90719389863015
-8.89496041269835
-8.88272624147678
-8.8704913858729
-8.85825584679392
-8.84601962514761
-8.83378272184147
-8.82154513778332
-8.80930687388099
-8.79706793104263
-8.78482831017609
-8.77258801218987
-8.76034703799202
-8.74810538849113
-8.73586306459577
-8.7236200672146
-8.7113763972563
-8.69913205562991
-8.68688704324445
-8.67464136100898
-8.66239500983278
-8.65014799062529
-8.63790030429592
-8.6256519517542
-8.61340293391001
-8.60115325167305
-8.58890290595315
-8.57665189766051
-8.56440022770541
-8.55214789699787
-8.53989490644842
-8.52764125696746
-8.51538694946591
-8.5031319848542
-8.49087636404338
-8.47862008794435
-8.46636315746814
-8.45410557352602
-8.44184733702927
-8.42958844888931
-8.41732891001767
-8.40506872132609
-8.39280788372631
-8.38054639813016
-8.36828426544963
-8.35602148659698
-8.34375806248428
-8.33149399402402
-8.31922928212848
-8.30696392771037
-8.29469793168248
-8.28243129495737
-8.27016401844817
-8.25789610306778
-8.2456275497294
-8.23335835934631
-8.22108853283184
-8.20881807109956
-8.19654697506299
-8.18427524563581
-8.172002883732
-8.1597298902654
-8.14745626615021
-8.13518201230052
-8.12290712963068
-8.11063161905501
-8.09835548148808
-8.08607871784454
-8.07380132903915
-8.0615233159867
-8.04924467960234
-8.03696542080101
-8.024685540498
-8.01240503960872
-8.00012391904852
-7.98784217973283
-7.97555982257765
-7.96327684849846
-7.95099325841136
-7.9387090532323
-7.92642423387729
-7.91413880126274
-7.9018527563051
-7.88956609992066
-7.87727883302612
-7.86499095653809
-7.85270247137341
-7.84041337844907
-7.82812367868208
-7.81583337298961
-7.80354246228907
-7.79125094749769
-7.77895882953306
-7.76666610931276
-7.75437278775461
-7.74207886577647
-7.72978434429608
-7.71748922423182
-7.70519350650186
-7.69289719202425
-7.68060028171769
-7.66830277650072
-7.65600467729189
-7.64370598500998
-7.63140670057396
-7.61910682490266
-7.60680635891535
-7.59450530353131
-7.58220365966973
-7.56990142825017
-7.55759861019223
-7.54529520641556
-7.53299121784005
-7.52068664538548
-7.50838148997193
-7.49607575251969
-7.48376943394885
-7.47146253517994
-7.45915505713339
-7.44684700072983
-7.43453836688997
-7.42222915653458
-7.40991937058476
-7.39760900996151
-7.38529807558596
-7.37298656837948
-7.36067448926354
-7.34836183915971
-7.33604861898953
-7.32373482967479
-7.31142047213729
-7.29910554729912
-7.28679005608244
-7.27447399940932
-7.26215737820219
-7.24984019338349
-7.23752244587583
-7.22520413660189
-7.21288526648432
-7.20056583644621
-7.18824584741061
-7.17592530030057
-7.16360419603935
-7.1512825355504
-7.13896031975711
-7.1266375495831
-7.11431422595211
-7.10199034978802
-7.08966592201461
-7.07734094355613
-7.06501541533668
-7.05268933828061
-7.04036271331232
-7.0280355413563
-7.01570782333724
-7.00337956017983
-6.99105075280887
-6.97872140214944
-6.9663915091266
-6.95406107466554
-6.94173009969184
-6.92939858513071
-6.91706653190778
-6.90473394094864
-6.89240081317914
-6.88006714952518
-6.86773295091281
-6.85539821826824
-6.84306295251751
-6.83072715458715
-6.81839082540353
-6.80605396589332
-6.79371657698329
-6.78137865960023
-6.76904021467095
-6.75670124312265
-6.74436174588248
-6.73202172387762
-6.71968117803576
-6.70734010928409
-6.69499851855046
-6.68265640676247
-6.67031377484806
-6.65797062373525
-6.64562695435213
-6.63328276762672
-6.62093806448757
-6.60859284586296
-6.5962471126816
-6.58390086587209
-6.57155410636323
-6.55920683508386
-6.54685905296303
-6.53451076092994
-6.52216195991373
-6.50981265084382
-6.49746283464975
-6.48511251226097
-6.47276168460736
-6.46041035261858
-6.44805851722456
-6.43570617935554
-6.42335333994162
-6.41099999991295
-6.39864616020007
-6.38629182173334
-6.37393698544362
-6.36158165226151
-6.34922582311793
-6.33686949894375
-6.32451268067019
-6.31215536922846
-6.29979756554978
-6.28743927056567
-6.27508048520762
-6.26272121040732
-6.25036144709652
-6.23800119620731
-6.22564045867155
-6.21327923542128
-6.20091752738898
-6.18855533550683
-6.17619266070731
-6.1638295039231
-6.15146586608698
-6.13910174813147
-6.12673715098981
-6.11437207559485
-6.10200652288001
-6.08964049377831
-6.07727398922335
-6.06490701014865
-6.05253955748777
-6.04017163217439
-6.02780323514246
-6.01543436732595
-6.00306502965888
-5.99069522307549
-5.97832494851017
-5.96595420689736
-5.95358299917161
-5.94121132626753
-5.92883918911987
-5.91646658866363
-5.90409352583382
-5.89172000156552
-5.87934601679405
-5.8669715724548
-5.85459666948318
-5.84222130881483
-5.82984549138546
-5.81746921813083
-5.80509248998701
-5.79271530788993
-5.78033767277574
-5.76795958558096
-5.75558104724178
-5.74320205869464
-5.73082262087647
-5.71844273472392
-5.70606240117378
-5.6936816211631
-5.68130039562887
-5.6689187255085
-5.65653661173924
-5.64415405525845
-5.63177105700378
-5.61938761791276
-5.60700373892351
-5.5946194209736
-5.58223466500131
-5.56984947194462
-5.5574638427419
-5.5450777783314
-5.5326912796517
-5.52030434764152
-5.50791698323932
-5.49552918738419
-5.48314096101495
-5.4707523050707
-5.45836322049055
-5.44597370821388
-5.43358376918006
-5.42119340432879
-5.40880261459948
-5.39641140093206
-5.38401976426624
-5.37162770554228
-5.35923522570006
-5.34684232567995
-5.33444900642216
-5.32205526886731
-5.30966111395591
-5.29726654262853
-5.2848715558262
-5.27247615448967
-5.26008033956007
-5.24768411197851
-5.23528747268625
-5.22289042262478
-5.2104929627354
-5.19809509396005
-5.18569681724032
-5.17329813351795
-5.16089904373498
-5.1484995488335
-5.13609964975578
-5.12369934744404
-5.11129864284074
-5.09889753688832
-5.08649603052961
-5.07409412470746
-5.06169182036458
-5.04928911844405
-5.03688601988912
-5.02448252564286
-5.01207863664875
-4.99967435385011
-4.98726967819067
-4.97486461061411
-4.96245915206431
-4.95005330348509
-4.93764706582066
-4.92524044001515
-4.91283342701273
-4.90042602775794
-4.88801824319536
-4.87561007426937
-4.86320152192497
-4.85079258710711
-4.83838327076056
-4.82597357383053
-4.81356349726216
-4.80115304200091
-4.78874220899216
-4.77633099918148
-4.76391941351458
-4.75150745293732
-4.73909511839545
-4.72668241083524
-4.71426933120266
-4.70185588044399
-4.68944205950575
-4.67702786933439
-4.66461331087636
-4.65219838507863
-4.639783092888
-4.62736743525144
-4.614951413116
-4.60253502742896
-4.59011827913748
-4.57770116918906
-4.56528369853142
-4.55286586811193
-4.5404476788785
-4.52802913177915
-4.51561022776169
-4.50319096777441
-4.49077135276553
-4.47835138368349
-4.4659310614767
-4.4535103870937
-4.44108936148334
-4.42866798559456
-4.41624626037601
-4.40382418677688
-4.3914017657464
-4.37897899823388
-4.36655588518858
-4.35413242756027
-4.34170862629841
-4.32928448235289
-4.31685999667341
-4.30443517021024
-4.29201000391335
-4.27958449873299
-4.26715865561951
-4.2547324755235
-4.24230595939528
-4.22987910818585
-4.21745192284584
-4.20502440432631
-4.19259655357817
-4.18016837155271
-4.16773985920125
-4.15531101747502
-4.14288184732577
-4.13045234970489
-4.11802252556429
-4.10559237585588
-4.0931619015316
-4.08073110354362
-4.068299982844
-4.05586854038516
-4.04343677711956
-4.03100469399986
-4.01857229197865
-4.0061395720088
-3.99370653504317
-3.98127318203485
-3.96883951393695
-3.95640553170275
-3.9439712362857
-3.93153662863935
-3.91910170971733
-3.90666648047336
-3.89423094186123
-3.88179509483508
-3.8693589403489
-3.85692247935673
-3.84448571281311
-3.8320486416725
-3.81961126688955
-3.80717358941869
-3.79473561021477
-3.78229733023288
-3.76985875042802
-3.75741987175519
-3.74498069516984
-3.73254122162721
-3.72010145208297
-3.70766138749268
-3.69522102881208
-3.68278037699697
-3.6703394330033
-3.65789819778739
-3.64545667230529
-3.6330148575132
-3.62057275436761
-3.60813036382532
-3.59568768684291
-3.58324472437713
-3.57080147738488
-3.55835794682322
-3.54591413364938
-3.53347003882036
-3.5210256632939
-3.50858100802728
-3.49613607397821
-3.48369086210438
-3.47124537336369
-3.45879960871408
-3.44635356911355
-3.43390725552045
-3.42146066889311
-3.40901381019
-3.39656668036973
-3.3841192803908
-3.37167161121212
-3.35922367379262
-3.34677546909126
-3.33432699806716
-3.32187826167974
-3.3094292608884
-3.29697999665251
-3.28453046993183
-3.27208068168588
-3.25963063287472
-3.24718032445825
-3.23472975739668
-3.22227893265002
-3.20982785117886
-3.1973765139435
-3.18492492190457
-3.17247307602256
-3.16002097725853
-3.14756862657329
-3.13511602492784
-3.12266317328342
-3.11021007260137
-3.09775672384294
-3.08530312796961
-3.07284928594317
-3.06039519872526
-3.04794086727785
-3.03548629256296
-3.02303147554266
-3.01057641717904
-2.99812111843456
-2.98566558027169
-2.97320980365289
-2.96075378954099
-2.94829753889888
-2.93584105268918
-2.92338433187521
-2.91092737742001
-2.89847019028703
-2.88601277143949
-2.87355512184111
-2.86109724245536
-2.84863913424602
-2.83618079817704
-2.82372223521242
-2.81126344631625
-2.79880443245281
-2.78634519458657
-2.7738857336818
-2.76142605070314
-2.74896614661533
-2.7365060223831
-2.72404567897166
-2.71158511734589
-2.6991243384709
-2.68666334331216
-2.6742021328351
-2.66174070800512
-2.6492790697881
-2.63681721914973
-2.62435515705569
-2.61189288447238
-2.5994304023657
-2.58696771170179
-2.57450481344735
-2.56204170856852
-2.54957839803218
-2.53711488280499
-2.52465116385374
-2.51218724214557
-2.49972311864757
-2.48725879432675
-2.47479427015053
-2.46232954708637
-2.44986462610193
-2.43739950816479
-2.42493419424272
-2.41246868530377
-2.40000298231579
-2.38753708624705
-2.37507099806588
-2.36260471874064
-2.35013824923983
-2.33767159053211
-2.32520474358626
-2.31273770937111
-2.30027048885578
-2.28780308300919
-2.27533549280084
-2.2628677191998
-2.25039976317571
-2.23793162569813
-2.22546330773687
-2.21299481026173
-2.20052613424254
-2.18805728064947
-2.1755882504527
-2.16311904462259
-2.15064966412945
-2.1381801099439
-2.12571038303668
-2.11324048437858
-2.10077041494037
-2.08830017569307
-2.07582976760813
-2.06335919165651
-2.05088844880969
-2.03841754003916
-2.02594646631663
-2.01347522861394
-2.00100382790286
-1.98853226515527
-1.97606054134346
-1.96358865743946
-1.95111661441578
-1.93864441324484
-1.92617205489936
-1.9136995403518
-1.90122687057514
-1.88875404654235
-1.87628106922639
-1.86380793960055
-1.85133465863808
-1.83886122731262
-1.82638764659745
-1.81391391746638
-1.80144004089308
-1.78896601785162
-1.77649184931596
-1.76401753626029
-1.75154307965887
-1.739068480486
-1.72659373971631
-1.7141188583244
-1.70164383728514
-1.68916867757312
-1.67669338016356
-1.66421794603154
-1.65174237615231
-1.63926667150122
-1.62679083305379
-1.61431486178551
-1.60183875867214
-1.58936252468968
-1.57688616081381
-1.56440966802071
-1.55193304728678
-1.53945629958828
-1.52697942590152
-1.51450242720311
-1.50202530446975
-1.48954805867828
-1.47707069080554
-1.46459320182867
-1.45211559272474
-1.4396378644712
-1.42716001804528
-1.41468205442465
-1.40220397458704
-1.38972577950998
-1.37724747017161
-1.36476904754976
-1.35229051262272
-1.33981186636873
-1.32733310976607
-1.31485424379332
-1.30237526942909
-1.28989618765209
-1.27741699944138
-1.26493770577566
-1.25245830763421
-1.23997880599616
-1.22749920184109
-1.2150194961482
-1.20253968989723
-1.19005978406798
-1.17757977964019
-1.16509967759373
-1.15261947890881
-1.14013918456558
-1.12765879554432
-1.11517831282566
-1.10269773739002
-1.09021707021806
-1.07773631229081
-1.06525546458893
-1.05277452809377
-1.04029350378624
-1.02781239264764
-1.01533119565957
-1.00284991380357
-0.990368548061207
-0.977887099414441
-0.965405568844945
-0.95292395733492
-0.940442265866469
-0.92796049542176
-0.915478646983542
-0.902996721533847
-0.890514720055571
-0.878032643531516
-0.865550492944727
-0.853068269277793
-0.840585973514165
-0.828103606636993
-0.815621169629772
-0.803138663475799
-0.790656089158872
-0.778173447662796
-0.765690739971281
-0.753207967068277
-0.74072512993803
-0.728242229564685
-0.715759266932658
-0.703276243026501
-0.690793158830614
-0.678310015329797
-0.665826813509089
-0.653343554353276
-0.640860238847616
-0.628376867977141
-0.615893442727251
-0.603409964083432
-0.590926433031303
-0.578442850556648
-0.565959217645014
-0.553475535282691
-0.540991804455629
-0.528508026149809
-0.516024201351899
-0.503540331048199
-0.491056416225384
-0.478572457869969
-0.466088456968975
-0.453604414509215
-0.441120331477683
-0.42863620886191
-0.416152047648841
-0.403667848826033
-0.391183613381041
-0.378699342301691
-0.366215036575536
-0.353730697190826
-0.341246325135142
-0.328761921397156
-0.31627748696482
-0.303793022826806
-0.291308529971622
-0.278824009387773
-0.266339462064355
-0.253854888990028
-0.24137029115404
-0.228885669545316
-0.216401025153366
-0.203916358967482
-0.191431671977193
-0.178946965172268
-0.166462239542496
-0.153977496077583
-0.141492735767794
-0.129007959603336
-0.116523168574356
-0.104038363671373
-0.0915535458847383
-0.079068716205121
-0.0665838756234275
-0.0540990251306118
-0.0416141657177292
-0.0291292983758544
-0.0166444240961358
-0.00415954387020312
0.00832534131040342
0.0208102304541798
0.0332951225693313
0.0457800166639358
0.0582649117458622
0.0707498068230163
0.0832347009030953
0.0957195929938619
0.108204482102541
0.120689367236588
0.133174247403168
0.145659121609484
0.158143988862367
0.170628848168715
0.183113698535465
0.195598538968742
0.208083368475372
0.220568186061559
0.233052990733604
0.245537781497657
0.25802255735955
0.270507317325044
0.282992060399916
0.295476785589987
0.307961491900483
0.320446178336865
0.332930843904056
0.345415487607468
0.357900108451999
0.370384705442345
0.382869277583297
0.395353823879528
0.407838343335363
0.42032283495526
0.432807297743328
0.445291730703782
0.457776132840405
0.470260503157084
0.482744840657529
0.495229144345303
0.507713413223845
0.520197646296476
0.532681842566511
0.545166001036887
0.557650120710596
0.570134200590366
0.582618239678975
0.595102236979056
0.607586191492921
0.620070102222825
0.632553968171128
0.645037788339816
0.657521561730788
0.67000528734585
0.682488964186665
0.694972591254833
0.707456167551838
0.719939692078847
0.732423163837083
0.744906581827762
0.757389945051588
0.769873252509404
0.782356503201966
0.794839696129714
0.807322830292884
0.819805904691971
0.832288918327013
0.844771870198184
0.857254759305178
0.869737584648029
0.882220345226082
0.894703040039172
0.907185668086217
0.919668228366879
0.932150719880193
0.944633141625253
0.957115492600718
0.969597771805543
0.982079978238105
0.994562110897132
1.00704416878083
1.01952615088771
1.03200805621559
1.04448988376255
1.05697163252638
1.06945330150495
1.08193488969565
1.09441639609609
1.10689781970348
1.11937915951527
1.13186041452845
1.14434158373974
1.15682266614622
1.16930366074449
1.18178456653121
1.19426538250279
1.20674610765531
1.21922674098515
1.23170728148845
1.24418772816111
1.25666807999867
1.26914833599706
1.28162849515186
1.29410855645822
1.3065885189116
1.31906838150704
1.33154814323962
1.34402780310421
1.35650736009556
1.36898681320851
1.38146616143724
1.39394540377626
1.40642453921981
1.41890356676212
1.43138248539699
1.44386129411824
1.45633999191976
1.46881857779508
1.4812970507377
1.49377540974106
1.50625365379813
1.518731781902
1.5312097930459
1.54368768622236
1.55616546042409
1.56864311464375
1.58112064787374
1.59359805910635
1.60607534733382
1.61855251154815
1.63102955074115
1.64350646390447
1.65598325002993
1.66845990810899
1.6809364371333
1.69341283609387
1.70588910398182
1.71836523978817
1.73084124250363
1.7433171111191
1.75579284462515
1.76826844201206
1.7807439022704
1.79321922439045
1.80569440736204
1.8181694501752
1.83064435181958
1.84311911128523
1.85559372756126
1.86806819963725
1.8805425265027
1.89301670714652
1.90549074055782
1.91796462572561
1.93043836163831
1.94291194728489
1.95538538165368
1.96785866373293
1.98033179251096
1.99280476697594
2.00527758611591
2.01775024891854
2.03022275437147
2.04269510146234
2.05516728917882
2.06763931650775
2.08011118243667
2.09258288595251
2.10505442604229
2.1175258016925
2.12999701188997
2.14246805562108
2.15493893187244
2.16740963962999
2.17988017788008
2.19235054560853
2.20482074180122
2.21729076544396
2.22976061552238
2.24223029102179
2.25469979092731
2.26716911422439
2.27963825989798
2.29210722693298
2.30457601431437
2.31704462102635
2.32951304605373
2.34198128838089
2.35444934699198
2.36691722087131
2.3793849090026
2.39185241036975
2.40431972395641
2.41678684874635
2.42925378372285
2.44172052786911
2.45418708016855
2.46665343960411
2.47911960515875
2.49158557581504
2.50405135055567
2.51651692836326
2.52898230822009
2.54144748910845
2.55391247001023
2.56637724990753
2.57884182778222
2.59130620261596
2.60377037339038
2.61623433908672
2.62869809868639
2.64116165117047
2.65362499551981
2.66608813071553
2.67855105573818
2.69101376956857
2.70347627118718
2.71593855957427
2.72840063370981
2.74086249257402
2.75332413514711
2.76578556040856
2.77824676733812
2.79070775491506
2.80316852211893
2.8156290679291
2.82808939132458
2.84054949128438
2.85300936678736
2.86546901681226
2.87792844033752
2.89038763634157
2.90284660380259
2.91530534169905
2.9277638490086
2.9402221247094
2.95268016777912
2.96513797719541
2.97759555193556
2.99005289097702
3.00250999329713
3.01496685787273
3.02742348368084
3.03987986969812
3.05233601490116
3.06479191826666
3.07724757877107
3.08970299539046
3.10215816710079
3.11461309287824
3.12706777169838
3.13952220253717
3.15197638437019
3.16443031617276
3.17688399692001
3.18933742558708
3.201790601149
3.21424352258052
3.22669618885658
3.23914859895165
3.25160075184019
3.26405264649659
3.2765042818947
3.28895565700864
3.30140677081238
3.31385762227975
3.32630821038426
3.3387585340992
3.3512085923983
3.36365838425421
3.37610790864044
3.38855716452958
3.40100615089453
3.41345486670795
3.42590331094211
3.43835148256959
3.45079938056261
3.46324700389318
3.47569435153295
3.48814142245403
3.50058821562789
3.51303473002623
3.5254809646203
3.53792691838129
3.5503725902802
3.56281797928822
3.57526308437602
3.58770790451431
3.60015243867348
3.61259668582403
3.62504064493622
3.63748431497979
3.64992769492503
3.66237078374192
3.67481358039986
3.68725608386824
3.69969829311682
3.71214020711458
3.72458182483083
3.73702314523421
3.74946416729382
3.76190488997826
3.77434531225612
3.78678543309584
3.79922525146548
3.81166476633325
3.8241039766672
3.83654288143502
3.84898147960458
3.86141977014324
3.87385775201856
3.88629542419772
3.89873278564778
3.91116983533583
3.92360657222845
3.93604299529256
3.94847910349462
3.96091489580085
3.97335037117797
3.98578552859177
3.99822036700813
4.01065488539306
4.02308908271219
4.03552295793119
4.0479565100152
4.0603897379296
4.07282264063945
4.08525521710982
4.09768746630529
4.11011938719091
4.12255097873087
4.13498223988974
4.14741316963165
4.15984376692082
4.1722740307211
4.18470395999637
4.19713355371015
4.20956281082589
4.22199173030742
4.23442031111741
4.24684855221907
4.25927645257574
4.27170401114988
4.28413122690393
4.29655809880071
4.30898462580256
4.32141080687166
4.33383664096987
4.34626212705931
4.35868726410175
4.37111205105873
4.38353648689165
4.39596057056216
4.40838430103098
4.42080767725952
4.43323069820854
4.44565336283871
4.45807567011067
4.47049761898495
4.48291920842169
4.49534043738093
4.50776130482307
4.52018180970764
4.53260195099465
4.54502172764334
4.55744113861335
4.56986018286389
4.58227885935417
4.59469716704312
4.60711510488943
4.61953267185189
4.63194986688903
4.6443666889592
4.65678313702046
4.66919921003112
4.68161490694907
4.69403022673209
4.70644516833766
4.71885973072355
4.73127391284695
4.74368771366498
4.75610113213492
4.76851416721327
4.78092681785708
4.79333908302294
4.80575096166734
4.81816245274648
4.8305735552163
4.84298426803294
4.85539459015239
4.86780452053016
4.88021405812165
4.89262320188265
4.90503195076806
4.91744030373316
4.92984825973289
4.942255817722
4.95466297665524
4.96706973548674
4.97947609317114
4.99188204866242
5.00428760091492
5.01669274888226
5.02909749151827
5.04150182777654
5.05390575661064
5.06630927697351
5.07871238781835
5.09111508809823
5.10351737676606
5.1159192527744
5.12832071507565
5.14072176262212
5.15312239436635
5.16552260926045
5.1779224062559
5.19032178430479
5.20272074235841
5.21511927936861
5.22751739428644
5.23991508606282
5.25231235364893
5.26470919599591
5.27710561205403
5.28950160077407
5.30189716110625
5.31429229200073
5.3266869924078
5.33908126127705
5.35147509755837
5.3638685002013
5.37626146815553
5.38865400037011
5.40104609579411
5.41343775337679
5.42582897206681
5.4382197508129
5.45061008856346
5.46299998426708
5.47538943687175
5.48777844532539
5.50016700857632
5.51255512557192
5.52494279525998
5.53733001658762
5.54971678850239
5.56210310995115
5.57448897988117
5.58687439723932
5.59925936097188
5.61164387002526
5.62402792334589
5.6364115198802
5.64879465857412
5.66117733837328
5.67355955822347
5.68594131707018
5.69832261385907
5.71070344753513
5.72308381704379
5.73546372132926
5.74784315933676
5.76022213001089
5.77260063229593
5.78497866513609
5.79735622747569
5.80973331825883
5.82210993642883
5.83448608092963
5.84686175070459
5.85923694469717
5.8716116618506
5.88398590110765
5.89635966141115
5.90873294170408
5.92110574092862
5.93347805802725
5.94584989194241
5.95822124161582
5.97059210598962
5.98296248400524
5.99533237460456
6.00770177672867
6.02007068931891
6.03243911131642
6.0448070416621
6.05717447929665
6.06954142316059
6.08190787219451
6.09427382533865
6.10663928153306
6.11900423971774
6.13136869883248
6.14373265781685
6.15609611561033
6.16845907115223
6.18082152338146
6.19318347123721
6.20554491365856
6.21790584958382
6.23026627795135
6.24262619769986
6.2549856077671
6.26734450709134
6.27970289461005
6.29206076926146
6.30441812998255
6.31677497571098
6.32913130538393
6.34148711793796
6.35384241231042
6.36619718743763
6.3785514422564
6.39090517570285
6.40325838671341
6.41561107422384
6.4279632371702
6.44031487448799
6.45266598511286
6.46501656798004
6.47736662202468
6.48971614618214
6.50206513938708
6.51441360057399
6.52676152867749
6.53910892263203
6.55145578137188
6.56380210383095
6.57614788894303
6.58849313564182
6.600837842861
6.61318200953381
6.62552563459333
6.6378687169727
6.65021125560462
6.66255324942201
6.67489469735734
6.68723559834282
6.6995759513109
6.71191575519332
6.72425500892191
6.73659371142826
6.7489318616442
6.76126945850091
6.77360650092957
6.78594298786114
6.79827891822614
6.81061429095554
6.82294910497984
6.83528335922922
6.84761705263389
6.85995018412393
6.87228275262881
6.88461475707832
6.89694619640206
6.90927706952948
6.92160737538929
6.93393711291038
6.94626628102193
6.95859487865224
6.97092290472986
6.98325035818283
6.99557723793985
7.00790354292791
7.02022927207559
7.03255442430994
7.04487899855854
7.05720299374883
7.0695264088075
7.08184924266136
7.09417149423741
7.10649316246188
7.11881424626141
7.13113474456201
7.14345465628962
7.1557739803702
7.16809271572911
7.18041086129232
7.19272841598501
7.20504537873237
7.21736174845917
7.22967752408996
7.24199270454952
7.25430728876225
7.26662127565292
7.27893466414486
7.29124745316245
7.30355964162929
7.31587122846857
7.32818221260435
7.34049259295959
7.352802368457
7.36511153801957
7.37742010057017
7.38972805503079
7.40203540032419
7.41434213537235
7.42664825909704
7.43895377042046
7.45125866826384
7.4635629515489
7.47586661919653
7.48816967012793
7.50047210326425
7.51277391752589
7.52507511183311
7.53737568510697
7.54967563626706
7.56197496423369
7.57427366792607
7.58657174626468
7.59886919816843
7.61116602255677
7.62346221834847
7.63575778446276
7.64805271981826
7.66034702333369
7.67264069392712
7.68493373051666
7.69722613202034
7.70951789735655
7.72180902544203
7.73409951519467
7.7463893655318
7.75867857537049
7.77096714362745
7.78325506921942
7.79554235106328
7.80782898807507
7.8201149791706
7.83240032326662
7.84468501927837
7.85696906612147
7.8692524627115
7.88153520796394
7.89381730079329
7.90609874011491
7.91837952484335
7.93065965389299
7.9429391261782
7.95521794061321
7.96749609611178
7.9797735915879
7.99205042595491
8.00432659812646
8.01660210701547
8.02887695153503
8.04115113059764
8.05342464311669
8.06569748800436
8.07796966417271
8.09024117053366
8.10251200599932
8.11478216948133
8.12705165989121
8.13932047614051
8.15158861714014
8.16385608180091
8.17612286903382
8.18838897774924
8.20065440685758
8.21291915526939
8.22518322189419
8.23744660564207
8.24970930542258
8.26197132014498
8.27423264871861
8.28649329005231
8.29875324305519
8.31101250663597
8.32327107970294
8.33552896116444
8.34778614992851
8.36004264490307
8.37229844499569
8.38455354911418
8.39680795616568
8.40906166505714
8.42131467469555
8.4335669839879
8.44581859184034
8.45806949715983
8.47031969885193
8.48256919582253
8.49481798697778
8.50706607122327
8.5193134474641
8.53156011460571
8.54380607155277
8.5560513172101
8.56829585048256
8.58053967027428
8.59278277548973
8.60502516503288
8.61726683780742
8.62950779271656
8.64174802866438
8.65398754455353
8.66622633928748
8.67846441176887
8.6907017609002
8.70293838558402
8.71517428472268
8.72740945721795
8.73964390197169
8.75187761788547
8.76411060386089
8.77634285879921
8.78857438160136
8.80080517116824
8.81303522640071
8.82526454619868
8.83749312946269
8.84972097509242
8.86194808198791
8.87417444904894
8.88640007517468
8.89862495926477
8.91084910021764
8.9230724969326
8.93529514830802
8.94751705324238
8.95973821063362
8.97195861938019
8.98417827837964
8.99639718652972
9.00861534272767
9.02083274587043
9.03304939485553
9.04526528857922
9.05748042593872
9.0696948058298
9.08190842714902
9.09412128879216
9.10633338965471
9.1185447286324
9.13075530462068
9.14296511651482
9.15517416320955
9.1673824435998
9.17958995657986
9.19179670104421
9.20400267588665
9.21620788000102
9.22841231228151
9.24061597162129
9.25281885691372
9.26502096705197
9.27722230092845
9.28942285743585
9.30162263546708
9.3138216339139
9.32601985166877
9.33821728762301
9.35041394066837
9.36260980969637
9.37480489359796
9.38699919126432
9.39919270158627
9.41138542345394
9.42357735575803
9.43576849738831
9.44795884723489
9.46014840418733
9.47233716713548
9.48452513496781
9.49671230657407
9.50889868084262
9.52108425666256
9.53326903292179
9.54545300850912
9.55763618231174
9.56981855321802
9.5820001201155
9.59418088189116
9.60636083743191
9.6185399856255
9.63071832535781
9.64289585551544
9.65507257498469
9.66724848265164
9.67942357740222
9.69159785812207
9.7037713236961
9.71594397300989
9.72811580494815
9.74028681839573
9.75245701223706
9.76462638535618
9.77679493663761
9.78896266496517
9.80112956922203
9.81329564829183
9.8254609010578
9.83762532640296
9.84978892320968
9.86195169036089
9.87411362673861
9.88627473122506
9.89843500270189
9.9105944400508
9.92275304215333
9.93491080789057
9.94706773614354
9.95922382579258
9.97137907571851
9.98353348480169
9.99568705192198
10.0078397759596
10.0199916557938
10.0321426903041
10.0442928783695
10.0564422188689
10.0685907106812
10.0807383526848
10.0928851437579
10.1050310827786
10.1171761686246
10.1293204001738
10.1414637763028
10.1536062958894
10.1657479578103
10.1778887609419
10.1900287041608
10.2021677863432
10.2143060063652
10.2264433631021
10.2385798554298
10.2507154822235
10.2628502423582
10.2749841347087
10.2871171581498
10.2992493115554
10.3113805937997
10.323511003757
10.3356405403007
10.3477692023042
10.3598969886408
10.3720238981829
10.3841499298037
10.396275082376
10.4083993547714
10.4205227458624
10.4326452545204
10.4447668796169
10.4568876200235
10.4690074746112
10.4811264422508
10.493244521813
10.5053617121678
10.5174780121856
10.5295934207362
10.5417079366895
10.5538215589144
10.5659342862806
10.5780461176564
10.5901570519111
10.6022670879128
10.6143762245302
10.6264844606304
10.6385917950821
10.6506982267522
10.6628037545079
10.6749083772163
10.6870120937442
10.6991149029584
10.7112168037248
10.7233177949096
10.7354178753787
10.7475170439971
10.7596152996308
10.7717126411447
10.7838090674033
10.7959045772712
10.8079991696129
10.8200928432927
10.8321855971738
10.8442774301205
10.8563683409958
10.8684583286626
10.880547391984
10.8926355298226
10.9047227410404
10.9168090245001
10.9288943790633
10.9409788035916
10.9530622969463
10.9651448579888
10.9772264855796
10.9893071785793
11.0013869358486
11.0134657562473
11.0255436386353
11.0376205818721
11.0496965848177
11.0617716463304
11.0738457652696
11.0859189404935
11.0979911708608
11.1100624552289
11.1221327924563
11.1342021814005
11.1462706209185
11.1583381098678
11.1704046471048
11.1824702314863
11.1945348618688
11.2065985371083
11.2186612560602
11.2307230175801
11.2427838205234
11.2548436637453
11.2669025461004
11.278960466443
11.2910174236275
11.3030734165081
11.3151284439386
11.3271825047723
11.3392355978622
11.3512877220615
11.3633388762225
11.3753890591982
11.3874382698402
11.3994865070006
11.4115337695308
11.4235800562828
11.4356253661071
11.4476696978546
11.4597130503765
11.4717554225226
11.4837968131426
11.4958372210869
11.5078766452049
11.5199150843453
11.531952537358
11.5439890030911
11.5560244803933
11.5680589681125
11.5800924650968
11.5921249701941
11.6041564822517
11.6161870001166
11.6282165226353
11.640245048655
11.6522725770212
11.6642991065807
11.676324636179
11.6883491646615
11.7003726908733
11.7123952136598
11.7244167318654
11.7364372443342
11.7484567499108
11.7604752474389
11.7724927357618
11.784509213723
11.7965246801657
11.8085391339327
11.820552573866
11.8325649988082
11.8445764076013
11.8565867990868
11.8685961721057
11.8806045254997
11.8926118581093
11.904618168775
11.916623456337
11.9286277196354
11.9406309575099
11.9526331688001
11.9646343523447
11.9766345069827
11.988633631553
12.0006317248937
12.0126287858427
12.0246248132381
12.0366198059164
12.0486137627155
12.0606066824721
12.0725985640232
12.0845894062046
12.0965792078525
12.1085679678027
12.1205556848906
12.1325423579511
12.1445279858196
12.1565125673306
12.1684961013181
12.1804785866159
12.1924600220583
12.2044404064784
12.2164197387091
12.2283980175838
12.2403752419349
12.2523514105946
12.2643265223946
12.2763005761669
12.2882735707429
12.3002455049539
12.3122163776303
12.324186187603
12.3361549337016
12.3481226147565
12.3600892295976
12.3720547770533
12.3840192559539
12.3959826651275
12.4079450034025
12.4199062696071
12.4318664625688
12.4438255811161
12.4557836240754
12.467740590274
12.4796964785387
12.4916512876952
12.5036050165702
12.5155576639893
12.5275092287777
12.5394597097609
12.5514091057635
12.5633574156105
12.5753046381261
12.5872507721342
12.5991958164579
12.611139769921
12.6230826313464
12.6350243995568
12.6469650733747
12.658904651622
12.6708431331206
12.6827805166922
12.6947168011579
12.7066519853388
12.7185860680549
12.7305190481269
12.742450924375
12.7543816956181
12.7663113606761
12.7782399183681
12.7901673675123
12.8020937069274
12.8140189354318
12.8259430518427
12.8378660549779
12.8497879436543
12.8617087166889
12.8736283728986
12.885546911099
12.8974643301062
12.9093806287356
12.9212958058026
12.9332098601223
12.9451227905096
12.9570345957784
12.9689452747424
12.9808548262155
12.992763249011
13.0046705419421
13.0165767038216
13.0284817334616
13.0403856296738
13.0522883912704
13.0641900170628
13.0760905058619
13.0879898564788
13.099888067724
13.1117851384073
13.1236810673385
13.1355758533268
13.1474694951816
13.1593619917123
13.1712533417262
13.1831435440323
13.1950325974381
13.206920500751
13.2188072527788
13.2306928523275
13.242577298204
13.2544605892146
13.2663427241651
13.2782237018604
13.2901035211067
13.3019821807081
13.3138596794692
13.3257360161941
13.337611189687
13.3494851987516
13.3613580421901
13.3732297188059
13.3851002274014
13.3969695667791
13.4088377357406
13.4207047330873
13.4325705576199
13.4444352081399
13.4562986834472
13.4681609823423
13.4800221036248
13.4918820460944
13.5037408085502
13.5155983897904
13.5274547886135
13.5393100038179
13.5511640342009
13.5630168785606
13.5748685356937
13.5867190043963
13.5985682834656
13.6104163716965
13.6222632678853
13.6341089708274
13.6459534793177
13.6577967921505
13.66963890812
13.6814798260205
13.693319544645
13.7051580627868
13.716995379239
13.7288314927938
13.7406664022434
13.7525001063792
13.7643326039931
13.7761638938763
13.787993974819
13.7998228456118
13.8116505050442
13.8234769519063
13.835302184987
13.8471262030752
13.8589490049605
13.8707705894298
13.8825909552717
13.8944101012727
13.9062280262206
13.9180447289024
13.9298602081039
13.9416744626109
13.9534874912095
13.9652992926852
13.9771098658224
13.9889192094059
14.0007273222198
14.0125342030477
14.0243398506732
14.0361442638788
14.0479474414481
14.0597493821629
14.0715500848051
14.0833495481566
14.0951477709981
14.1069447521111
14.1187404902753
14.1305349842714
14.1423282328789
14.1541202348769
14.1659109890451
14.1777004941619
14.1894887490048
14.201275752352
14.2130615029807
14.2248459996683
14.2366292411916
14.2484112263265
14.2601919538495
14.2719714225357
14.2837496311601
14.2955265784977
14.307302263323
14.3190766844104
14.3308498405328
14.3426217304637
14.3543923529757
14.3661617068418
14.3779297908333
14.3896966037224
14.4014621442805
14.4132264112785
14.4249894034871
14.4367511196759
14.4485115586148
14.4602707190732
14.47202859982
14.4837851996237
14.4955405172525
14.5072945514746
14.5190473010571
14.5307987647668
14.5425489413701
14.5542978296335
14.5660454283225
14.5777917362035
14.5895367520406
14.6012804745984
14.6130229026414
14.6247640349325
14.6365038702361
14.6482424073151
14.6599796449312
14.6717155818475
14.6834502168255
14.6951835486268
14.7069155760114
14.7186462977408
14.7303757125749
14.7421038192733
14.7538306165954
14.7655561032998
14.7772802781453
14.7890031398902
14.8007246872919
14.8124449191075
14.8241638340942
14.8358814310084
14.8475977086057
14.8593126656421
14.8710263008727
14.8827386130518
14.8944496009345
14.9061592632744
14.9178675988247
14.929574606339
14.9412802845695
14.9529846322687
14.9646876481887
14.9763893310809
14.9880896796956
14.9997886927844
15.0114863690962
15.0231827073815
15.0348777063894
15.0465713648692
15.0582636815681
15.0699546552355
15.0816442846183
15.0933325684638
15.1050195055185
15.116705094528
15.1283893342394
15.1400722233978
15.1517537607477
15.1634339450341
15.1751127750004
15.1867902493909
15.1984663669487
15.2101411264161
15.2218145265363
15.2334865660511
15.2451572437015
15.2568265582286
15.2684945083734
15.2801610928756
15.2918263104748
15.3034901599107
15.3151526399216
15.3268137492464
15.338473486623
15.3501318507884
15.3617888404802
15.3734444544345
15.3850986913876
15.3967515500751
15.4084030292325
15.4200531275943
15.4317018438946
15.4433491768677
15.4549951252468
15.466639687765
15.4782828631542
15.4899246501474
15.5015650474761
15.5132040538706
15.5248416680622
15.5364778887815
15.5481127147572
15.5597461447192
15.5713781773963
15.5830088115164
15.5946380458085
15.6062658789992
15.6178923098154
15.6295173369835
15.6411409592299
15.6527631752806
15.6643839838599
15.6760033836926
15.6876213735031
15.699237952015
15.7108531179516
15.7224668700356
15.7340792069889
15.7456901275336
15.7572996303915
15.7689077142828
15.7805143779277
15.7921196200464
15.8037234393581
15.8153258345821
15.8269268044372
15.8385263476408
15.8501244629104
15.8617211489631
15.8733164045154
15.8849102282832
15.8965026189818
15.9080935753268
15.919683096033
15.9312711798138
15.9428578253831
15.9544430314541
15.9660267967397
15.9776091199512
15.9891899998006
16.0007694349992
16.0123474242573
16.023923966286
16.0354990597938
16.0470727034905
16.0586448960843
16.0702156362837
16.0817849227966
16.0933527543298
16.1049191295904
16.1164840472836
16.1280475061166
16.1396095047936
16.1511700420183
16.1627291164964
16.1742867269306
16.1858428720248
16.1973975504811
16.2089507610013
16.220502502288
16.2320527730415
16.2436015719623
16.2551488977514
16.2666947491077
16.2782391247299
16.2897820233167
16.3013234435663
16.3128633841764
16.3244018438435
16.3359388212648
16.3474743151358
16.3590083241515
16.3705408470072
16.3820718823979
16.393601429016
16.405129485556
16.4166560507099
16.4281811231707
16.4397047016302
16.451226784779
16.4627473713081
16.4742664599078
16.4857840492668
16.4973001380753
16.5088147250216
16.5203278087935
16.5318393880786
16.5433494615637
16.5548580279353
16.5663650858798
16.5778706340814
16.5893746712263
16.6008771959977
16.61237820708
16.6238777031554
16.6353756829076
16.6468721450184
16.6583670881692
16.6698605110413
16.6813524123145
16.6928427906695
16.7043316447853
16.71581897334
16.7273047750128
16.7387890484816
16.7502717924234
16.761753005514
16.7732326864302
16.7847108338475
16.7961874464404
16.8076625228833
16.8191360618502
16.8306080620148
16.8420785220489
16.8535474406255
16.8650148164156
16.8764806480902
16.8879449343208
16.8994076737766
16.9108688651261
16.9223285070394
16.9337865981836
16.945243137227
16.9566981228365
16.9681515536778
16.979603428418
16.9910537457222
17.0025025042547
17.0139497026798
17.0253953396612
17.0368394138624
17.0482819239456
17.0597228685718
17.0711622464034
17.0826000561002
17.0940362963229
17.1054709657314
17.1169040629844
17.1283355867402
17.1397655356563
17.1511939083899
17.1626207035982
17.1740459199365
17.1854695560607
17.1968916106253
17.2083120822851
17.2197309696936
17.2311482715041
17.2425639863683
17.2539781129388
17.2653906498663
17.2768015958022
17.2882109493963
17.2996187092983
17.3110248741566
17.3224294426198
17.3338324133358
17.3452337849509
17.3566335561122
17.3680317254655
17.3794282916561
17.3908232533294
17.4022166091278
17.4136083576961
17.4249984976765
17.4363870277111
17.447773946442
17.4591592525101
17.4705429445555
17.4819250212176
17.4933054811362
17.5046843229498
17.516061545296
17.5274371468125
17.5388111261362
17.5501834819031
17.5615542127478
17.572923317306
17.5842907942112
17.5956566420968
17.6070208595965
17.6183834453418
17.6297443979654
17.6411037160977
17.6524613983688
17.6638174434087
17.6751718498464
17.686524616311
17.6978757414304
17.7092252238314
17.7205730621404
17.7319192549841
17.7432638009868
17.7546066987739
17.7659479469697
17.7772875441969
17.7886254890786
17.7999617802363
17.8112964162922
17.8226293958678
17.8339607175827
17.845290380056
17.8566183819064
17.8679447217522
17.8792693982116
17.8905924099014
17.9019137554376
17.9132334334365
17.9245514425113
17.9358677812788
17.947182448351
17.9584954423403
17.9698067618599
17.9811164055215
17.9924243719362
18.0037306597147
18.015035267466
18.0263381937991
18.0376394373227
18.0489389966452
18.0602368703728
18.071533057111
18.0828275554665
18.0941203640441
18.1054114814485
18.1167009062834
18.1279886371509
18.1392746726542
18.1505590113942
18.1618416519731
18.1731225929906
18.1844018330457
18.1956793707383
18.2069552046655
18.218229333425
18.2295017556146
18.2407724698296
18.2520414746671
18.2633087687208
18.2745743505844
18.285838218852
18.2971003721163
18.3083608089691
18.3196195280018
18.3308765278056
18.3421318069702
18.3533853640852
18.364637197738
18.3758873065188
18.387135689013
18.3983823438084
18.4096272694896
18.4208704646416
18.4321119278503
18.4433516576986
18.4545896527691
18.4658259116453
18.4770604329077
18.4882932151385
18.4995242569161
18.5107535568215
18.5219811134326
18.5332069253282
18.5444309910858
18.555653309281
18.5668738784915
18.5780926972913
18.589309764255
18.600525077956
18.6117386369683
18.622950439865
18.634160485216
18.6453687715933
18.656575297567
18.6677800617073
18.6789830625822
18.6901842987591
18.7013837688064
18.7125814712909
18.7237774047785
18.7349715678334
18.7461639590205
18.7573545769039
18.7685434200469
18.7797304870102
18.7909157763577
18.8020992866488
18.8132810164433
18.8244609643014
18.8356391287812
18.8468155084409
18.8579901018377
18.8691629075286
18.8803339240678
18.8915031500117
18.9026705839141
18.9138362243276
18.9250000698064
18.9361621189012
18.9473223701639
18.9584808221454
18.9696374733957
18.9807923224624
18.9919453678953
19.0030966082407
19.0142460420458
19.0253936678575
19.03653948422
19.0476834896787
19.0588256827764
19.0699660620577
19.081104626063
19.092241373335
19.1033763024151
19.1145094118418
19.1256407001569
19.1367701658965
19.1478978075994
19.1590236238025
19.1701476130424
19.1812697738541
19.1923901047735
19.2035086043334
19.2146252710682
19.2257401035089
19.2368531001887
19.2479642596379
19.2590735803873
19.270181060966
19.281286699903
19.2923904957255
19.3034924469618
19.3145925521372
19.3256908097774
19.3367872184073
19.3478817765524
19.3589744827358
19.3700653354787
19.3811543333046
19.392241474734
19.4033267582866
19.4144101824826
19.4254917458401
19.4365714468772
19.4476492841118
19.4587252560598
19.4697993612374
19.4808715981597
19.49194196534
19.5030104612924
19.5140770845293
19.5251418335629
19.5362047069034
19.547265703062
19.5583248205479
19.5693820578692
19.5804374135355
19.5914908860527
19.6025424739279
19.6135921756658
19.6246399897722
19.6356859147507
19.646729949104
19.6577720913361
19.6688123399477
19.6798506934408
19.6908871503146
19.7019217090689
19.7129543682032
19.7239851262154
19.7350139816013
19.7460409328589
19.7570659784824
19.7680891169678
19.7791103468072
19.7901296664951
19.8011470745248
19.8121625693873
19.8231761495727
19.8341878135731
19.8451975598758
19.8562053869701
19.8672112933445
19.8782152774844
19.8892173378763
19.9002174730075
19.9112156813613
19.9222119614231
19.9332063116744
19.944198730599
19.9551892166763
19.9661777683898
19.9771643842164
19.9881490626376
19.9991318021321
20.0101126011767
20.021091458249
20.032068371824
20.0430433403787
20.0540163623864
20.0649874363221
20.0759565606581
20.0869237338667
20.0978889544198
20.1088522207883
20.1198135314425
20.1307728848516
20.1417302794837
20.1526857138062
20.1636391862862
20.1745906953891
20.1855402395807
20.1964878173264
20.2074334270902
20.2183770673363
20.2293187365234
20.2402584331155
20.2511961555728
20.2621319023563
20.2730656719235
20.2839974627351
20.2949272732479
20.3058551019191
20.3167809472042
20.3277048075587
20.3386266814384
20.3495465672969
20.3604644635881
20.3713803687636
20.3822942812751
20.3932061995736
20.4041161221091
20.4150240473317
20.4259299736904
20.4368338996319
20.4477358236048
20.4586357440547
20.4695336594287
20.4804295681698
20.4913234687247
20.502215359536
20.5131052390465
20.5239931056977
20.5348789579308
20.5457627941879
20.5566446129079
20.5675244125297
20.5784021914912
20.5892779482317
20.6001516811887
20.611023388798
20.6218930694946
20.6327607217137
20.6436263438883
20.6544899344536
20.6653514918407
20.6762110144835
20.6870685008124
20.697923949258
20.7087773582494
20.7196287262177
20.7304780515893
20.7413253327938
20.7521705682595
20.7630137564093
20.7738548956711
20.7846939844693
20.7955310212301
20.8063660043751
20.8171989323296
20.8280298035128
20.8388586163488
20.8496853692571
20.8605100606596
20.8713326889764
20.8821532526262
20.892971750027
20.903788179596
20.9146025397504
20.9254148289075
20.9362250454833
20.9470331878928
20.9578392545486
20.9686432438679
20.979445154262
20.9902449841448
21.0010427319272
21.0118383960212
21.0226319748378
21.0334234667868
21.0442128702771
21.0550001837209
21.065785405523
21.0765685340929
21.087349567838
21.0981285051646
21.1089053444788
21.1196800841865
21.1304527226924
21.1412232583998
21.1519916897138
21.1627580150366
21.1735222327724
21.1842843413221
21.1950443390876
21.2058022244713
21.2165579958715
21.2273116516894
21.2380631903252
21.2488126101764
21.2595599096431
21.2703050871214
21.2810481410093
21.291789069704
21.3025278716021
21.3132645450993
21.3239990885916
21.3347315004746
21.3454617791405
21.3561899229848
21.3669159304019
21.3776397997836
21.388361529524
21.3990811180152
21.4097985636487
21.4205138648164
21.4312270199087
21.4419380273156
21.4526468854295
21.4633535926365
21.4740581473299
21.4847605478966
21.4954607927264
21.5061588802073
21.516854808728
21.5275485766762
21.5382401824386
21.5489296244011
21.5596169009528
21.5703020104762
21.5809849513604
21.5916657219911
21.6023443207525
21.613020746031
21.6236949962108
21.6343670696769
21.6450369648124
21.6557046800015
21.6663702136294
21.6770335640801
21.6876947297349
21.6983537089768
21.7090105001909
21.7196651017606
21.730317512066
21.7409677294917
21.7516157524165
21.7622615792261
21.7729052083018
21.7835466380252
21.7941858667787
21.8048228929418
21.8154577148987
21.8260903310284
21.8367207397137
21.8473489393357
21.8579749282768
21.8685987049169
21.8792202676363
21.8898396148174
21.9004567448428
21.9110716560913
21.9216843469464
21.9322948157865
21.9429030609951
21.9535090809544
21.9641128740449
21.9747144386479
21.9853137731463
21.9959108759203
22.0065057453529
22.0170983798268
22.0276887777216
22.0382769374227
22.0488628573102
22.0594465357678
22.0700279711807
22.0806071619302
22.0911841064
22.1017588029748
22.1123312500381
22.1229014459746
22.1334693891694
22.1440350780068
22.1545985108715
22.1651596861525
22.1757186022319
22.1862752574993
22.1968296503433
22.2073817791485
22.217931642303
22.228479238196
22.2390245652162
22.2495676217514
22.2601084061945
22.2706469169355
22.2811831523657
22.2917171108762
22.3022487908591
22.3127781907092
22.3233053088197
22.3338301435814
22.344352693392
22.3548729566506
22.3653909317489
22.3759066170894
22.3864200110652
22.3969311120771
22.4074399185261
22.4179464288114
22.4284506413347
22.4389525545003
22.4494521667117
22.4599494763695
22.4704444818812
22.4809371816559
22.4914275740982
22.5019156576193
22.5124014306273
22.5228848915317
22.5333660387447
22.5438448706813
22.5543213857572
22.5647955823842
22.5752674589832
22.5857370139681
22.5962042457614
22.606669152781
22.6171317334535
22.6275919861992
22.6380499094426
22.6485055016138
22.6589587611367
22.6694096864444
22.6798582759672
22.6903045281382
22.7007484413918
22.7111900141626
22.7216292448931
22.7320661320208
22.7425006739851
22.7529328692293
22.7633627161992
22.7737902133429
22.7842153591099
22.7946381519492
22.8050585903155
22.8154766726656
22.8258923974535
22.8363057631384
22.8467167681832
22.8571254110518
22.8675316902091
22.8779356041232
22.888337151265
22.8987363301074
22.9091331391272
22.9195275768004
22.9299196416107
22.9403093320373
22.9506966465653
22.9610815836844
22.9714641418884
22.9818443196678
22.9922221155212
23.0025975279443
23.0129705554393
23.023341196518
23.0337094496831
23.044075313448
23.0544387863249
23.0647998668312
23.0751585534939
23.0855148448308
23.0958687393723
23.1062202356504
23.1165693321955
23.1269160275452
23.1372603202461
23.1476022088376
23.1579416918733
23.168278767904
23.1786134354849
23.1889456931775
23.1992755395445
23.2096029731534
23.2199279925774
23.2302505963935
23.2405707831817
23.2508885515257
23.2612039000149
23.271516827244
23.2818273318138
23.2921354123212
23.3024410673783
23.3127442955917
23.3230450955832
23.3333434659694
23.343639405382
23.3539329124486
23.3642239858053
23.374512624097
23.3847988259703
23.3950825900745
23.40536391507
23.4156427996184
23.4259192423897
23.43619324206
23.4464647973082
23.4567339068201
23.4670005692871
23.477264783411
23.487526547892
23.4977858614417
23.5080427227739
23.5182971306166
23.5285490836968
23.5387985807507
23.5490456205237
23.5592902017643
23.5695323232293
23.5797719836783
23.5900091818911
23.6002439166385
23.6104761867092
23.6207059908964
23.6309333280014
23.6411581968298
23.6513805961987
23.6616005249326
23.6718179818642
23.6820329658318
23.6922454756849
23.7024555102803
23.7126630684868
23.7228681491709
23.7330707512217
23.743270873528
23.7534685149922
23.7636636745265
23.7738563510483
23.7840465434866
23.7942342507793
23.8044194718796
23.8146022057402
23.8247824513301
23.8349602076311
23.8451354736241
23.8553082483146
23.8654785307122
23.8756463198378
23.8858116147248
23.8959744144151
23.9061347179593
23.9162925244225
23.9264478328876
23.9366006424403
23.946750952183
23.9568987612295
23.9670440687038
23.9771868737477
23.9873271755095
23.9974649731534
24.007600265856
24.0177330528032
24.0278633332059
24.0379911062771
24.0481163712503
24.058239127371
24.0683593739022
24.0784771101087
24.0885923352864
24.098705048738
24.1088152497817
24.1189229377509
24.1290281119993
24.1391307718928
24.1492309168042
24.1593285461384
24.1694236593126
24.179516255753
24.1896063349116
24.1996938962521
24.2097789392612
24.2198614634336
24.2299414682919
24.2400189533745
24.2500939182394
24.2601663624608
24.2702362856298
24.2803036873595
24.2903685672878
24.3004309250661
24.3104907603668
24.3205480728799
24.3306028623291
24.3406551284492
24.3507048709925
24.360752089745
24.3707967845027
24.3808389550951
24.3908786013675
24.4009157231906
24.4109503204575
24.4209823930882
24.4310119410201
24.441038964227
24.4510634626952
24.4610854364454
24.4711048855139
24.4811218099755
24.4911362099248
24.5011480854844
24.5111574368056
24.5211642640574
24.531168567453
24.5411703472178
24.5511696036228
24.5611663369579
24.5711605475361
24.5811522357206
24.5911414018912
24.6011280464631
24.6111121698801
24.6210937726146
24.6310728551861
24.6410494181373
24.6510234620444
24.6609949875126
24.6709639951899
24.6809304857603
24.6908944599414
24.7008559184862
24.7108148621809
24.7207712918566
24.7307252083756
24.7406766126395
24.7506255055954
24.7605718882256
24.7705157615501
24.7804571266349
24.7903959845838
24.8003323365428
24.8102661837039
24.8201975273002
24.8301263686061
24.8400527089523
24.8499765496974
24.859897892259
24.8698167381008
24.8797330887244
24.8896469456937
24.8995583106128
24.9094671851405
24.919373570981
24.9292774698896
24.9391788836814
24.9490778142221
24.9589742634321
24.9688682332741
24.9787597257887
24.9886487430543
24.998535287212
25.0084193604613
25.0183009650749
25.0281801033585
25.0380567776965
25.0479309905329
25.0578027443757
25.0676720418006
25.077538885432
25.08740327798
25.0972652222191
25.1071247209791
25.1169817771621
25.1268363937493
25.1366885737948
25.1465383204169
25.1563856368141
25.1662305262529
25.1760729920851
25.1859130377379
25.1957506667151
25.2055858825987
25.2154186890545
25.2252490898297
25.2350770887531
25.2449026897538
25.2547258968351
25.2645467140889
25.2743651457054
25.2841811959526
25.2939948691973
25.3038061699043
25.3136151026319
25.3234216720463
25.3332258828927
25.3430277400371
25.3528272484341
25.3626244131432
25.3724192393396
25.3822117322861
25.3920018973948
25.4017897401437
25.4115752661496
25.4213584811476
25.4311393909853
25.440918001617
25.4506943191388
25.4604683497463
25.4702400997827
25.4800095757168
25.4897767841304
25.4995417317482
25.5093044254293
25.5190648721792
25.5288230791327
25.5385790535635
25.5483328028853
25.558084334677
25.5678336566413
25.577580776661
25.5873257027556
25.5970684431091
25.6068090060592
25.6165474001034
25.6262836339187
25.636017716336
25.6457496563736
25.6554794632246
25.6652071462383
25.6749327149571
25.68465617911
25.6943775486183
25.7040968335913
25.7138140443316
25.7235291913385
25.7332422853148
25.7429533371607
25.7526623580113
25.7623693591866
25.7720743522356
25.7817773489291
25.7914783612627
25.8011774014637
25.8108744819883
25.8205696155261
25.8302628150224
25.8399540936598
25.849643464886
25.8593309423916
25.8690165401197
25.8787002723164
25.8883821534713
25.8980621983466
25.907740422008
25.9174168397808
25.92709146731
25.9367643205299
25.9464354156798
25.956104769311
25.9657723982867
25.9754383197797
25.9851025513258
25.9947651107704
26.0044260163078
26.0140852864952
26.0237429402245
26.0333989967534
26.0430534757252
26.0527063971522
26.0623577814354
26.0720076493481
26.0816560220963
26.0913029212752
26.1009483689149
26.1105923874528
26.1202349997746
26.1298762291936
26.1395160994851
26.1491546348994
26.1587918601409
26.168427800422
26.1780624814108
26.187695929298
26.1973281707871
26.2069592330929
26.2165891439812
26.2262179317626
26.2358456253036
26.2454722540275
26.2550978479518
26.2647224376769
26.2743460544423
26.2839687300783
26.2935904970552
26.3032113884859
26.3128314381591
26.3224506805298
26.3320691507589
26.3416868847056
26.351303918948
26.3609202907971
26.3705360383435
26.3801512004285
26.3897658166904
26.3993799275859
26.4089935743657
26.4186067991625
26.4282196449675
26.437832155638
26.4474443759477
26.457056351603
26.4666681292581
26.4762797565016
26.4858912819435
26.4955027552401
26.5051142270546
26.5147257490752
26.5243373741583
26.5339491562176
26.5435611503561
26.5531734128359
26.5627860010695
26.5723989737366
26.5820123907801
26.5916263134383
26.6012408042386
26.6108559270813
26.6204717472726
26.6300883315211
26.6397057479814
26.6493240663127
26.6589433577234
26.6685636949674
26.6781851524078
26.6878078060954
26.6974317337559
26.707057014839
26.7166837305826
26.7263119640938
26.7359418003141
26.7455733261468
26.7552066304378
26.7648418041114
26.7744789401394
26.7841181336461
26.7937594819842
26.8034030847224
26.8130490437567
26.8226974634107
26.8323484504259
26.8420021140687
26.8516585661756
26.8613179212794
26.8709802966493
26.8806458123387
26.8903145913091
26.8999867594791
26.9096624458386
26.9193417825575
26.929024905001
26.9387119518659
26.9484030653562
26.9580983911049
26.967798078415
26.9775022804033
26.9872111539406
26.9969248599416
27.0066435633884
27.016367433496
27.0260966437982
27.0358313723195
27.0455718017174
27.0553181193704
27.0650705176108
27.0748291938171
27.0845943505817
27.0943661959138
27.1041449433572
27.1139308122488
27.1237240277763
27.1335248213261
27.1433334305819
27.1531500997121
27.1629750796577
27.1728086283628
27.1826510109324
27.1925024999695
27.2023633757196
27.2122339264328
27.2221144486312
27.2320052472757
27.2419066361913
27.251818938362
27.2617424861969
27.2716776219439
27.2816246979392
27.2915840770625
27.3015561330148
27.3115412509043
27.3215398274557
27.3315522715475
27.341579004654
27.3516204613851
27.3616770897744
27.3717493520495
27.3818377249518
27.3919427004752
27.4020647863761
27.4122045068163
27.4223624030148
27.432539033836
27.4427349766351
27.4529508279112
27.4631872042545
27.4734447428737
27.4837241026898
27.4940259652245
27.5043510354031
27.5147000426793
27.5250737421196
27.5354729153593
27.5458983718371
27.556350950093
27.5668315189259
27.5773409787768
27.587880263212
27.5984503404662
27.6090522147061
27.6196869282347
27.6303555627316
27.6410592416223
27.6517991314968
27.6625764446536
27.6733924411171
27.6842484308074
27.6951457763406
27.7060858954186
27.7170702636844
27.7281004176309
27.7391779576826
27.7503045516835
27.7614819381257
27.7727119300141
27.7839964190773
27.7953373796391
27.8067368734342
27.8181970540662
27.8297201725056
27.8413085824091
27.8529647458679
27.8646912398718
27.8764907627994
27.8883661416332
27.9003203396167
27.9123564643934
27.9244777771043
27.9366877016917
27.9489898347068
27.9613879569237
27.9738860444304
27.9864882819294
27.9991990764017
28.0120230709865
28.0249651621759
28.0380305163042
28.0512245888693
28.0645531438463
28.078022276773
28.0916384380337
28.1054084590801
28.1193395808585
28.1334394844348
28.147716325074
28.1621787687004
28.1768360328599
28.1916979302835
28.206774917365
28.2220781485627
28.2376195343082
28.2534118061118
28.2694685875276
28.2858044741842
28.3024351210355
28.3193773397879
28.3366492069975
28.3542701848701
28.3722612567472
28.390645076166
28.4094461372586
28.4286909642784
28.4484083251575
28.4686294733264
28.4893884202362
28.5107222465386
28.5326714538913
28.5552803676928
28.5785975976873
28.6026765672164
28.6275761206808
28.6533612288313
28.6801038046433
28.7078836523343
28.7367895776035
28.7669206900284
28.7983879402143
28.8313159355639
28.8658451053394
28.9021342870235
28.940363840359
28.9807394092558
29.0234965089709
29.0689061394078
29.117281719938
29.1689877096363
29.2244504207503
29.2841717008451
29.3487464039245
29.4188849500536
29.4954427807857
29.5794592814475
29.6722099541549
29.7752773976641
29.890649466671
30.0208576431359
30.169176120746
30.3399152020626
30.5388653568111
30.7739905890524
31.0565507709733
31.4029971333009
31.8383404497811
32.4025181319753
33.1633960286149
34.2460820545291
35.9083531347411
38.7744723321513
44.7996231980797
63.8905284741406
286.981298120851
2569.00058276886
