62.9679808893282
62.9534116385519
62.9206963964957
62.8879812050473
62.8552660639821
62.822550973076
62.7898359321045
62.7571209408438
62.7244059990703
62.69169110656
62.6589762630895
62.6262614684358
62.5935467223758
62.5608320246864
62.528117375145
62.4954027735293
62.462688219617
62.4299737131857
62.3972592540138
62.3645448418795
62.3318304765611
62.2991161578375
62.2664018854874
62.2336876592897
62.2009734790237
62.1682593444688
62.1355452554046
62.1028312116109
62.0701172128676
62.0374032589549
62.004689349653
61.9719754847428
61.9392616640046
61.9065478872195
61.8738341541685
61.841120464633
61.8084068183943
61.7756932152342
61.7429796549345
61.7102661372773
61.6775526620448
61.6448392290193
61.6121258379835
61.5794124887203
61.5466991810124
61.5139859146431
61.4812726893958
61.4485595050541
61.4158463614016
61.3831332582222
61.3504201953
61.3177071724193
61.2849941893646
61.2522812459207
61.2195683418723
61.1868554770045
61.1541426511024
61.1214298639516
61.0887171153376
61.0560044050463
61.0232917328636
60.9905790985757
60.9578665019689
60.9251539428299
60.8924414209453
60.859728936102
60.8270164880874
60.7943040766884
60.7615917016927
60.728879362888
60.6961670600621
60.6634547930029
60.630742561499
60.5980303653387
60.5653182043104
60.5326060782033
60.4998939868061
60.4671819299079
60.4344699072983
60.4017579187666
60.3690459641028
60.3363340430967
60.3036221555385
60.2709103012184
60.2381984799269
60.2054866914547
60.1727749355928
60.1400632121322
60.1073515208641
60.0746398615799
60.0419282340714
60.0092166381301
59.9765050735483
59.9437935401181
59.9110820376319
59.8783705658822
59.8456591246618
59.8129477137635
59.7802363329806
59.7475249821063
59.714813660934
59.6821023692577
59.6493911068711
59.6166798735682
59.5839686691435
59.5512574933912
59.518546346106
59.4858352270825
59.4531241361161
59.4204130730019
59.3877020375351
59.3549910295114
59.3222800487266
59.2895690949765
59.2568581680572
59.224147267765
59.1914363938965
59.1587255462485
59.1260147246178
59.0933039288014
59.0605931585964
59.0278824138008
58.9951716942117
58.9624609996272
58.9297503298451
58.8970396846639
58.8643290638815
58.8316184672969
58.7989078947088
58.7661973459159
58.7334868207174
58.700776318913
58.6680658403017
58.6353553846834
58.6026449518581
58.5699345416259
58.5372241537867
58.5045137881411
58.47180344449
58.4390931226339
58.4063828223741
58.3736725435115
58.3409622858477
58.3082520491842
58.2755418333227
58.2428316380653
58.2101214632141
58.1774113085711
58.1447011739391
58.1119910591208
58.0792809639191
58.046570888137
58.0138608315778
57.9811507940448
57.9484407753419
57.9157307752727
57.8830207936414
57.8503108302519
57.8176008849089
57.7848909574168
57.7521810475804
57.7194711552047
57.6867612800947
57.6540514220559
57.6213415808938
57.5886317564138
57.5559219484221
57.5232121567246
57.4905023811277
57.4577926214378
57.4250828774613
57.3923731490055
57.3596634358772
57.3269537378833
57.2942440548314
57.2615343865294
57.2288247327846
57.1961150934051
57.1634054681992
57.130695856975
57.097986259541
57.0652766757061
57.032567105279
56.9998575480687
56.9671480038847
56.9344384725364
56.9017289538332
56.8690194475853
56.8363099536022
56.8036004716946
56.7708910016725
56.7381815433468
56.7054720965281
56.6727626610274
56.6400532366558
56.6073438232246
56.5746344205454
56.5419250284297
56.5092156466895
56.4765062751369
56.443796913584
56.4110875618434
56.3783782197277
56.3456688870499
56.3129595636226
56.2802502492593
56.2475409437734
56.2148316469784
56.182122358688
56.1494130787162
56.116703806877
56.0839945429848
56.0512852868545
56.0185760383002
55.985866797137
55.9531575631801
55.9204483362444
55.8877391161458
55.8550299026997
55.822320695722
55.7896114950285
55.7569023004356
55.7241931117595
55.691483928817
55.6587747514246
55.6260655793995
55.5933564125587
55.5606472507195
55.5279380936993
55.495228941316
55.4625197933875
55.4298106497316
55.3971015101667
55.3643923745115
55.3316832425841
55.2989741142038
55.2662649891895
55.23355586736
55.2008467485352
55.1681376325345
55.1354285191774
55.102719408284
55.0700102996746
55.0373011931694
55.0045920885888
54.9718829857537
54.9391738844849
54.9064647846033
54.8737556859302
54.8410465882872
54.8083374914958
54.7756283953778
54.7429192997553
54.7102102044504
54.6775011092856
54.6447920140831
54.6120829186663
54.5793738228576
54.5466647264803
54.5139556293577
54.4812465313132
54.4485374321706
54.4158283317538
54.3831192298868
54.3504101263938
54.3177010210994
54.2849919138281
54.2522828044048
54.2195736926545
54.1868645784023
54.1541554614736
54.1214463416941
54.0887372188893
54.0560280928853
54.0233189635081
53.990609830584
53.9579006939398
53.9251915534019
53.8924824087972
53.8597732599528
53.8270641066959
53.7943549488541
53.7616457862547
53.7289366187261
53.6962274460955
53.6635182681917
53.6308090848428
53.5980998958775
53.5653907011246
53.5326815004126
53.4999722935713
53.4672630804294
53.4345538608167
53.4018446345629
53.3691354014977
53.3364261614511
53.3037169142538
53.2710076597358
53.2382983977279
53.2055891280609
53.1728798505657
53.1401705650735
53.1074612714157
53.0747519694239
53.0420426589298
53.0093333397653
52.9766240117625
52.943914674754
52.9112053285718
52.8784959730489
52.8457866080182
52.8130772333127
52.7803678487656
52.7476584542104
52.7149490494806
52.68223963441
52.6495302088329
52.6168207725831
52.5841113254953
52.5514018674038
52.5186923981434
52.4859829175491
52.453273425456
52.4205639216993
52.3878544061146
52.3551448785376
52.3224353388042
52.2897257867503
52.2570162222123
52.2243066450266
52.1915970550296
52.1588874520586
52.12617783595
52.0934682065415
52.0607585636701
52.0280489071735
51.9953392368895
51.9626295526559
51.929919854311
51.8972101416931
51.8645004146404
51.8317906729919
51.7990809165864
51.7663711452629
51.7336613588605
51.7009515572188
51.6682417401776
51.6355319075764
51.6028220592554
51.5701121950545
51.5374023148144
51.5046924183756
51.4719825055787
51.4392725762647
51.4065626302748
51.3738526674503
51.3411426876325
51.3084326906634
51.2757226763845
51.2430126446381
51.2103025952664
51.1775925281119
51.1448824430172
51.112172339825
51.0794622183785
51.0467520785207
51.0140419200949
50.9813317429449
50.9486215469141
50.9159113318469
50.883201097587
50.8504908439791
50.8177805708675
50.7850702780968
50.7523599655121
50.7196496329585
50.6869392802808
50.6542289073246
50.6215185139359
50.5888080999603
50.5560976652435
50.5233872096321
50.4906767329723
50.4579662351109
50.4252557158943
50.3925451751696
50.359834612784
50.3271240285846
50.2944134224191
50.2617027941351
50.2289921435805
50.1962814706034
50.1635707750521
50.1308600567748
50.0981493156205
50.0654385514377
50.0327277640757
50.0000169533833
49.96730611921
49.9345952614057
49.9018843798199
49.8691734743026
49.8364625447039
49.8037515908743
49.771040612664
49.738329609924
49.7056185825049
49.6729075302579
49.6401964530346
49.6074853506857
49.5747742230635
49.5420630700196
49.5093518914057
49.4766406870746
49.4439294568783
49.4112182006695
49.3785069183009
49.3457956096257
49.3130842744965
49.2803729127671
49.2476615242909
49.2149501089214
49.182238666513
49.1495271969193
49.1168156999947
49.0841041755938
49.0513926235709
49.0186810437814
48.9859694360797
48.9532578003215
48.9205461363621
48.8878344440567
48.8551227232615
48.8224109738322
48.7896991956252
48.7569873884969
48.7242755523034
48.6915636869018
48.658851792149
48.6261398679018
48.5934279140177
48.5607159303542
48.5280039167688
48.4952918731194
48.462579799264
48.4298676950609
48.3971555603685
48.3644433950455
48.3317311989506
48.2990189719427
48.2663067138811
48.2335944246251
48.200882104034
48.168169751968
48.1354573682864
48.1027449528496
48.0700325055182
48.0373200261525
48.004607514613
47.9718949707606
47.9391823944566
47.9064697855621
47.8737571439383
47.8410444694472
47.8083317619503
47.7756190213098
47.7429062473876
47.7101934400463
47.6774805991485
47.6447677245568
47.612054816134
47.5793418737436
47.5466288972487
47.5139158865126
47.4812028413993
47.4484897617726
47.4157766474963
47.383063498435
47.350350314453
47.317637095415
47.2849238411858
47.2522105516304
47.2194972266141
47.1867838660021
47.1540704696598
47.1213570374536
47.0886435692488
47.0559300649118
47.0232165243089
46.9905029473068
46.9577893337718
46.9250756835711
46.8923619965719
46.859648272641
46.8269345116462
46.7942207134553
46.7615068779359
46.728793004956
46.6960790943838
46.6633651460879
46.6306511599368
46.5979371357992
46.5652230735442
46.532508973041
46.4997948341587
46.4670806567672
46.4343664407358
46.4016521859348
46.3689378922339
46.3362235595039
46.303509187615
46.2707947764379
46.2380803258434
46.2053658357027
46.1726513058868
46.1399367362675
46.1072221267161
46.0745074771046
46.0417927873047
46.009078057189
45.9763632866294
45.9436484754989
45.9109336236702
45.878218731016
45.8455037974096
45.8127888227242
45.7800738068334
45.7473587496111
45.7146436509306
45.6819285106666
45.6492133286931
45.6164981048846
45.5837828391157
45.5510675312614
45.5183521811966
45.4856367887964
45.4529213539363
45.4202058764919
45.3874903563391
45.3547747933538
45.3220591874119
45.28934353839
45.2566278461646
45.2239121106125
45.1911963316106
45.158480509036
45.125764642766
45.093048732678
45.0603327786497
45.027616780559
44.9949007382839
44.9621846517029
44.9294685206941
44.8967523451362
44.8640361249081
44.8313198598888
44.7986035499576
44.7658871949936
44.7331707948767
44.7004543494864
44.6677378587028
44.635021322406
44.6023047404765
44.5695881127943
44.5368714392407
44.5041547196964
44.4714379540424
44.43872114216
44.4060042839308
44.3732873792365
44.3405704279587
44.3078534299796
44.2751363851814
44.2424192934465
44.2097021546574
44.1769849686972
44.1442677354486
44.111550454795
44.0788331266196
44.0461157508061
44.0133983272382
43.9806808557999
43.9479633363754
43.9152457688486
43.8825281531045
43.8498104890277
43.817092776503
43.7843750154154
43.7516572056504
43.7189393470931
43.6862214396294
43.6535034831451
43.6207854775265
43.5880674226593
43.5553493184304
43.5226311647261
43.4899129614333
43.4571947084391
43.4244764056304
43.3917580528949
43.35903965012
43.3263211971933
43.2936026940029
43.2608841404369
43.2281655363838
43.1954468817318
43.1627281763698
43.1300094201867
43.0972906130714
43.0645717549133
43.0318528456018
42.9991338850265
42.9664148730775
42.9336958096445
42.9009766946179
42.8682575278883
42.8355383093462
42.8028190388822
42.7700997163873
42.7373803417533
42.7046609148707
42.6719414356314
42.6392219039273
42.6065023196501
42.5737826826922
42.5410629929459
42.5083432503035
42.4756234546577
42.4429036059016
42.4101837039282
42.3774637486305
42.3447437399025
42.3120236776375
42.2793035617294
42.2465833920726
42.213863168561
42.1811428910888
42.148422559551
42.1157021738423
42.0829817338576
42.0502612394923
42.0175406906417
41.9848200872013
41.9520994290667
41.9193787161341
41.8866579482997
41.8539371254597
41.8212162475106
41.7884953143494
41.7557743258728
41.7230532819779
41.6903321825618
41.6576110275224
41.6248898167572
41.592168550164
41.559447227641
41.5267258490864
41.4940044143986
41.4612829234762
41.4285613762182
41.3958397725234
41.3631181122911
41.3303963954208
41.2976746218119
41.2649527913641
41.2322309039779
41.1995089595531
41.1667869579903
41.1340648991896
41.101342783052
41.0686206094785
41.0358983783701
41.0031760896285
40.9704537431548
40.9377313388507
40.9050088766185
40.8722863563598
40.8395637779771
40.806841141373
40.7741184464499
40.7413956931109
40.7086728812588
40.6759500107971
40.6432270816292
40.6105040936587
40.5777810467893
40.5450579409252
40.5123347759705
40.4796115518297
40.4468882684073
40.4141649256078
40.3814415233364
40.3487180614986
40.3159945399994
40.2832709587445
40.2505473176392
40.21782361659
40.1850998555028
40.152376034284
40.1196521528399
40.0869282110778
40.0542042089038
40.0214801462255
39.9887560229499
39.9560318389847
39.9233075942376
39.8905832886163
39.857858922029
39.8251344943839
39.7924100055892
39.7596854555539
39.7269608441864
39.6942361713962
39.6615114370923
39.6287866411842
39.5960617835813
39.5633368641935
39.5306118829309
39.4978868397033
39.4651617344213
39.4324365669959
39.3997113373373
39.3669860453565
39.3342606909648
39.3015352740733
39.268809794594
39.2360842524383
39.2033586475182
39.1706329797456
39.1379072490331
39.1051814552932
39.0724555984382
39.0397296783812
39.0070036950357
38.9742776483143
38.9415515381309
38.9088253643989
38.8760991270326
38.8433728259456
38.810646461052
38.7779200322666
38.745193539504
38.7124669826789
38.6797403617065
38.6470136765018
38.6142869269802
38.5815601130573
38.548833234649
38.5161062916714
38.4833792840405
38.4506522116726
38.4179250744843
38.3851978723924
38.3524706053141
38.3197432731661
38.2870158758661
38.2542884133314
38.22156088548
38.1888332922294
38.1561056334981
38.1233779092041
38.0906501192662
38.0579222636029
38.0251943421334
37.9924663547763
37.9597383014515
37.9270101820781
37.8942819965758
37.8615537448645
37.828825426864
37.7960970424951
37.7633685916776
37.7306400743326
37.697911490381
37.6651828397437
37.6324541223418
37.5997253380966
37.5669964869304
37.5342675687645
37.5015385835208
37.4688095311218
37.4360804114898
37.4033512245473
37.3706219702173
37.3378926484227
37.3051632590863
37.2724338021321
37.2397042774835
37.2069746850641
37.1742450247976
37.1415152966086
37.1087855004214
37.0760556361605
37.0433257037505
37.0105957031166
36.9778656341835
36.9451354968769
36.9124052911221
36.8796750168451
36.8469446739717
36.8142142624277
36.7814837821397
36.7487532330343
36.7160226150378
36.6832919280776
36.6505611720804
36.6178303469736
36.5850994526848
36.5523684891416
36.5196374562717
36.4869063540033
36.4541751822648
36.4214439409843
36.3887126300908
36.3559812495132
36.32324979918
36.2905182790212
36.2577866889657
36.2250550289431
36.1923232988836
36.1595914987169
36.1268596283735
36.0941276877836
36.061395676878
36.0286635955872
35.9959314438426
35.963199221575
35.9304669287162
35.8977345651976
35.865002130951
35.8322696259084
35.7995370500021
35.7668044031641
35.7340716853274
35.7013388964245
35.6686060363887
35.6358731051526
35.6031401026502
35.5704070288148
35.5376738835801
35.5049406668801
35.4722073786489
35.439474018821
35.4067405873306
35.3740070841131
35.3412735091029
35.3085398622353
35.2758061434455
35.2430723526691
35.2103384898421
35.1776045549
35.1448705477793
35.1121364684161
35.079402316747
35.0466680927087
35.0139337962381
34.9811994272724
34.9484649857487
34.9157304716047
34.8829958847781
34.8502612252066
34.8175264928285
34.784791687582
34.7520568094056
34.7193218582381
34.6865868340185
34.6538517366855
34.6211165661787
34.5883813224374
34.5556460054013
34.5229106150102
34.4901751512046
34.4574396139243
34.4247040031101
34.3919683187026
34.3592325606427
34.3264967288713
34.2937608233297
34.2610248439595
34.2282887907021
34.1955526634996
34.1628164622939
34.1300801870273
34.0973438376424
34.0646074140818
34.0318709162883
33.9991343442049
33.966397697775
33.9336609769421
33.9009241816497
33.8681873118418
33.8354503674622
33.8027133484551
33.7699762547653
33.7372390863375
33.7045018431161
33.6717645250461
33.6390271320733
33.6062896641427
33.5735521212001
33.5408145031913
33.5080768100623
33.4753390417594
33.442601198229
33.4098632794179
33.3771252852727
33.3443872157404
33.3116490707684
33.278910850304
33.246172554295
33.2134341826892
33.1806957354345
33.1479572124793
33.1152186137718
33.0824799392609
33.0497411888954
33.0170023626245
32.9842634603968
32.9515244821622
32.9187854278702
32.8860462974706
32.8533070909135
32.8205678081491
32.7878284491278
32.7550890138005
32.7223495021176
32.6896099140305
32.6568702494902
32.6241305084483
32.5913906908562
32.5586507966659
32.5259108258292
32.4931707782989
32.460430654027
32.4276904529661
32.3949501750693
32.3622098202893
32.3294693885796
32.2967288798938
32.263988294185
32.2312476314074
32.198506891515
32.1657660744622
32.1330251802034
32.1002842086928
32.0675431598856
32.0348020337368
32.0020608302017
31.9693195492357
31.9365781907947
31.9038367548342
31.8710952413102
31.8383536501793
31.8056119813978
31.7728702349222
31.7401284107094
31.7073865087167
31.6746445289012
31.6419024712205
31.6091603356319
31.5764181220936
31.5436758305637
31.5109334610003
31.4781910133618
31.4454484876069
31.4127058836947
31.379963201584
31.3472204412345
31.3144776026052
31.2817346856562
31.2489916903472
31.216248616638
31.1835054644894
31.1507622338617
31.1180189247157
31.0852755370122
31.0525320707122
31.019788525777
30.9870449021681
30.9543011998476
30.9215574187768
30.8888135589184
30.8560696202344
30.8233256026872
30.7905815062399
30.7578373308551
30.725093076496
30.692348743126
30.6596043307087
30.6268598392077
30.5941152685872
30.5613706188108
30.5286258898436
30.4958810816496
30.4631361941937
30.430391227441
30.3976461813564
30.3649010559056
30.3321558510538
30.2994105667673
30.2666652030116
30.233919759753
30.2011742369578
30.1684286345929
30.135682952625
30.1029371910208
30.0701913497479
30.0374454287733
30.0046994280648
29.9719533475904
29.9392071873181
29.9064609472156
29.8737146272519
29.8409682273955
29.8082217476151
29.7754751878797
29.7427285481588
29.7099818284219
29.6772350286383
29.6444881487779
29.6117411888112
29.5789941487081
29.5462470284392
29.5134998279749
29.4807525472865
29.4480051863451
29.4152577451216
29.3825102235878
29.3497626217154
29.317014939476
29.284267176842
29.2515193337857
29.2187714102796
29.1860234062965
29.153275321809
29.1205271567908
29.0877789112149
29.0550305850546
29.0222821782841
28.9895336908772
28.9567851228084
28.9240364740515
28.8912877445815
28.8585389343732
28.8257900434011
28.7930410716409
28.7602920190681
28.7275428856579
28.6947936713865
28.6620443762297
28.6292950001636
28.596545543165
28.56379600521
28.5310463862763
28.4982966863403
28.4655469053793
28.4327970433708
28.4000471002926
28.3672970761225
28.3345469708386
28.3017967844195
28.2690465168435
28.2362961680892
28.2035457381356
28.170795226962
28.1380446345474
28.1052939608717
28.0725432059144
28.0397923696556
28.0070414520753
27.9742904531541
27.9415393728725
27.9087882112111
27.8760369681512
27.8432856436739
27.8105342377603
27.7777827503924
27.7450311815521
27.7122795312214
27.6795277993822
27.6467759860171
27.6140240911088
27.5812721146404
27.5485200565947
27.5157679169551
27.483015695705
27.450263392828
27.4175110083082
27.3847585421298
27.3520059942767
27.3192533647341
27.2865006534861
27.2537478605184
27.2209949858152
27.1882420293624
27.1554889911459
27.1227358711511
27.089982669364
27.0572293857708
27.0244760203581
26.9917225731123
26.9589690440206
26.9262154330695
26.8934617402467
26.8607079655394
26.8279541089355
26.795200170423
26.7624461499896
26.7296920476238
26.696937863314
26.6641835970492
26.6314292488181
26.5986748186101
26.5659203064142
26.5331657122202
26.5004110360177
26.467656277797
26.434901437548
26.4021465152612
26.369391510927
26.3366364245366
26.303881256081
26.2711260055516
26.2383706729393
26.205615258236
26.1728597614338
26.1401041825247
26.1073485215009
26.0745927783552
26.0418369530797
26.0090810456679
25.9763250561128
25.9435689844077
25.9108128305462
25.8780565945225
25.8453002763299
25.8125438759629
25.7797873934157
25.7470308286834
25.7142741817605
25.6815174526422
25.6487606413239
25.6160037478008
25.5832467720683
25.5504897141232
25.517732573961
25.484975351578
25.452218046971
25.4194606601364
25.3867031910715
25.3539456397736
25.3211880062394
25.2884302904672
25.2556724924547
25.2229146121998
25.1901566497007
25.1573986049559
25.124640477964
25.091882268724
25.0591239772349
25.0263656034962
24.9936071475073
24.9608486092678
24.9280899887778
24.8953312860374
24.862572501047
24.8298136338071
24.7970546843185
24.7642956525823
24.7315365385996
24.698777342372
24.6660180639011
24.6332587031891
24.6004992602375
24.567739735049
24.5349801276259
24.5022204379711
24.4694606660875
24.4367008119781
24.4039408756464
24.3711808570962
24.3384207563309
24.3056605733547
24.2729003081716
24.2401399607865
24.2073795312038
24.1746190194284
24.1418584254653
24.1090977493199
24.076336990998
24.0435761505049
24.0108152278468
23.9780542230297
23.9452931360598
23.9125319669443
23.8797707156896
23.8470093823029
23.8142479667913
23.7814864691622
23.7487248894234
23.7159632275831
23.6832014836488
23.6504396576292
23.6176777495331
23.5849157593685
23.5521536871449
23.5193915328717
23.4866292965578
23.4538669782132
23.4211045778471
23.3883420954704
23.3555795310929
23.3228168847252
23.2900541563779
23.2572913460625
23.2245284537893
23.1917654795705
23.1590024234169
23.1262392853407
23.093476065354
23.0607127634688
23.0279493796975
22.995185914053
22.9624223665482
22.9296587371959
22.8968950260097
22.8641312330032
22.83136735819
22.7986034015839
22.7658393631997
22.7330752430512
22.700311041153
22.6675467575203
22.6347823921684
22.6020179451119
22.5692534163666
22.5364888059481
22.503724113873
22.4709593401567
22.4381944848161
22.4054295478676
22.3726645293278
22.339899429214
22.3071342475434
22.2743689843334
22.2416036396017
22.2088382133664
22.1760727056456
22.1433071164575
22.1105414458206
22.0777756937541
22.0450098602767
22.0122439454078
21.9794779491665
21.9467118715728
21.913945712647
21.8811794724084
21.8484131508779
21.8156467480758
21.7828802640229
21.7501136987404
21.7173470522493
21.6845803245713
21.6518135157277
21.6190466257404
21.5862796546319
21.5535126024242
21.5207454691401
21.4879782548022
21.4552109594336
21.4224435830574
21.3896761256971
21.3569085873762
21.3241409681188
21.2913732679488
21.2586054868908
21.225837624969
21.1930696822084
21.1603016586341
21.1275335542712
21.0947653691448
21.0619971032812
21.0292287567057
20.9964603294448
20.9636918215247
20.9309232329716
20.8981545638127
20.8653858140752
20.8326169837859
20.7998480729724
20.7670790816622
20.7343100098833
20.7015408576638
20.6687716250319
20.6360023120164
20.6032329186462
20.5704634449499
20.5376938909571
20.5049242566969
20.4721545421993
20.4393847474943
20.4066148726113
20.3738449175815
20.3410748824352
20.3083047672028
20.2755345719159
20.2427642966056
20.2099939413033
20.1772235060406
20.1444529908497
20.1116823957623
20.078911720811
20.0461409660287
20.0133701314478
19.9805992171015
19.9478282230232
19.9150571492462
19.8822859958046
19.8495147627318
19.8167434500623
19.7839720578306
19.7512005860711
19.7184290348189
19.6856574041089
19.6528856939766
19.6201139044573
19.5873420355867
19.5545700874011
19.5217980599366
19.4890259532294
19.4562537673164
19.4234815022346
19.3907091580213
19.3579367347134
19.3251642323487
19.2923916509648
19.2596189905999
19.2268462512925
19.1940734330806
19.1613005360032
19.1285275600992
19.0957545054079
19.0629813719687
19.0302081598208
18.9974348690045
18.96466149956
18.9318880515274
18.8991145249472
18.8663409198603
18.8335672363076
18.8007934743303
18.7680196339699
18.7352457152682
18.7024717182666
18.669697643008
18.6369234895343
18.6041492578883
18.571374948113
18.5386005602511
18.5058260943462
18.4730515504416
18.4402769285809
18.4075022288083
18.374727451168
18.3419525957043
18.3091776624625
18.2764026514869
18.2436275628229
18.2108523965155
18.1780771526107
18.145301831154
18.1125264321918
18.0797509557704
18.0469754019358
18.0141997707353
17.9814240622155
17.9486482764238
17.9158724134079
17.8830964732152
17.8503204558934
17.8175443614909
17.7847681900562
17.7519919416375
17.7192156162844
17.6864392140451
17.6536627349694
17.6208861791066
17.5881095465066
17.5553328372195
17.5225560512955
17.4897791887846
17.4570022497381
17.4242252342065
17.3914481422413
17.3586709738938
17.3258937292157
17.2931164082586
17.2603390110747
17.2275615377165
17.1947839882364
17.1620063626873
17.1292286611223
17.0964508835944
17.0636730301575
17.030895100865
16.9981170957707
16.9653390149294
16.9325608583953
16.8997826262227
16.867004318467
16.8342259351828
16.8014474764262
16.7686689422523
16.7358903327172
16.7031116478766
16.6703328877873
16.6375540525058
16.6047751420886
16.5719961565929
16.5392170960758
16.506437960595
16.473658750208
16.4408794649733
16.4081001049488
16.3753206701925
16.3425411607639
16.3097615767213
16.2769819181239
16.2442021850314
16.2114223775035
16.1786424955993
16.1458625393797
16.1130825089045
16.080302404235
16.0475222254313
16.0147419725548
15.981961645667
15.9491812448292
15.9164007701029
15.8836202215505
15.850839599234
15.8180589032159
15.7852781335588
15.7524972903259
15.7197163735805
15.6869353833859
15.6541543198057
15.6213731829036
15.5885919727441
15.5558106893915
15.5230293329104
15.4902479033657
15.4574664008226
15.4246848253464
15.3919031770027
15.3591214558573
15.3263396619762
15.2935577954259
15.2607758562727
15.2279938445833
15.1952117604253
15.1624296038655
15.1296473749711
15.0968650738107
15.0640827004519
15.0313002549629
14.9985177374121
14.9657351478682
14.9329524864005
14.900169753078
14.8673869479699
14.8346040711462
14.8018211226764
14.7690381026315
14.736255011081
14.7034718480962
14.6706886137476
14.6379053081067
14.6051219312444
14.5723384832327
14.5395549641437
14.5067713740488
14.4739877130211
14.4412039811327
14.4084201784567
14.3756363050658
14.3428523610337
14.3100683464337
14.2772842613402
14.2445001058265
14.2117158799674
14.1789315838369
14.1461472175107
14.113362781063
14.0805782745696
14.0477936981055
14.0150090517471
13.9822243355701
13.9494395496505
13.9166546940654
13.883869768891
13.8510847742045
13.8182997100832
13.7855145766044
13.7527293738462
13.719944101886
13.6871587608028
13.6543733506748
13.6215878715803
13.5888023235986
13.5560167068087
13.5232310212905
13.4904452671233
13.4576594443871
13.4248735531619
13.3920875935284
13.3593015655677
13.3265154693602
13.2937293049871
13.2609430725303
13.2281567720709
13.1953704036913
13.1625839674732
13.1297974634993
13.0970108918523
13.0642242526152
13.0314375458708
12.9986507717031
12.9658639301954
12.9330770214315
12.9002900454958
12.8675030024729
12.8347158924469
12.8019287155031
12.7691414717271
12.7363541612036
12.7035667840185
12.6707793402577
12.6379918300075
12.6052042533542
12.5724166103845
12.5396289011852
12.5068411258438
12.4740532844472
12.4412653770837
12.4084774038407
12.3756893648065
12.3429012600697
12.310113089719
12.2773248538428
12.2445365525309
12.2117481858726
12.1789597539576
12.1461712568757
12.1133826947174
12.0805940675726
12.0478053755322
12.0150166186876
11.9822277971292
11.9494389109489
11.9166499602385
11.8838609450896
11.8510718655947
11.8182827218462
11.7854935139371
11.7527042419601
11.7199149060082
11.6871255061754
11.6543360425556
11.6215465152421
11.5887569243293
11.5559672699119
11.5231775520847
11.4903877709422
11.4575979265805
11.4248080190944
11.3920180485801
11.3592280151331
11.3264379188504
11.2936477598281
11.2608575381632
11.2280672539526
11.1952769072939
11.1624864982841
11.1296960270217
11.0969054936044
11.0641148981307
11.031324240699
10.9985335214083
10.9657427403579
10.9329518976466
10.9001609933748
10.8673700276415
10.8345790005474
10.801787912193
10.7689967626788
10.7362055521058
10.7034142805749
10.6706229481876
10.6378315550457
10.6050401012513
10.5722485869064
10.5394570121135
10.5066653769753
10.4738736815949
10.4410819260753
10.4082901105202
10.3754982350333
10.3427062997188
10.3099143046811
10.2771222500245
10.2443301358537
10.2115379622742
10.178745729391
10.1459534373093
10.1131610861355
10.0803686759757
10.0475762069364
10.0147836791237
9.98199109264464
9.9491984476067
9.91640574411729
9.88361298228368
9.85082016221426
9.81802728401688
9.7852343478004
9.75244135367343
9.71964830174494
9.68685519212406
9.65406202492023
9.62126880024381
9.58847551820448
9.55568217891217
9.5228887824776
9.49009532901221
9.45730181862687
9.42450825143279
9.3917146275416
9.35892094706522
9.32612721011608
9.29333341680586
9.26053956724821
9.22774566155548
9.19495169984112
9.16215768221854
9.12936360880153
9.0965694797041
9.06377529504027
9.03098105492493
8.99818675947293
8.96539240879944
8.93259800301989
8.89980354224947
8.86700902660432
8.83421445620067
8.80141983115471
8.76862515158308
8.7358304176031
8.70303562933204
8.67024078688704
8.6374458903862
8.60465093994699
8.57185593568822
8.53906087772824
8.50626576618619
8.47347060118067
8.4406753828317
8.40788011125856
8.37508478658126
8.34228940891954
8.30949397839449
8.27669849512654
8.24390295923657
8.21110737084606
8.17831173007673
8.14551603704999
8.11272029188781
8.07992449471297
8.04712864564778
8.01433274481542
7.98153679233913
7.94874078834224
7.91594473294811
7.88314862628106
7.8503524684653
7.81755625962509
7.78475999988557
7.75196368937199
7.71916732820888
7.68637091652251
7.65357445443849
7.62077794208338
7.58798137958308
7.55518476706485
7.5223881046552
7.48959139248145
7.45679463067127
7.42399781935246
7.39120095865308
7.35840404870153
7.32560708962677
7.29281008155716
7.26001302462202
7.22721591895081
7.19441876467309
7.16162156191948
7.12882431081977
7.09602701150436
7.06322966410448
7.03043226875125
6.99763482557568
6.96483733471005
6.932039796286
6.8992422104352
6.86644457729117
6.83364689698601
6.80084916965249
6.76805139542478
6.73525357443559
6.70245570681945
6.66965779271039
6.63685983224264
6.6040618255514
6.57126377277163
6.53846567403814
6.50566752948669
6.47286933925317
6.44007110347393
6.40727282228511
6.3744744958233
6.34167612422576
6.30887770762926
6.27607924617157
6.24328073999062
6.21048218922442
6.17768359401122
6.14488495448979
6.11208627079904
6.0792875430781
6.04648877146676
6.01368995610426
5.98089109713138
5.94809219468767
5.91529324891422
5.8824942599518
5.84969522794187
5.81689615302582
5.78409703534504
5.75129787504183
5.71849867225851
5.68569942713776
5.65290013982218
5.62010081045513
5.5873014391802
5.55450202614115
5.52170257148164
5.48890307534599
5.4561035378795
5.4233039592263
5.3905043395318
5.35770467894136
5.32490497760094
5.29210523565682
5.25930545325506
5.22650563054192
5.19370576766482
5.16090586477037
5.12810592200649
5.09530593952075
5.06250591746155
5.02970585597657
4.9969057552148
4.96410561532522
4.93130543645668
4.89850521875894
4.86570496238164
4.83290466747534
4.8001043341897
4.76730396267569
4.73450355308395
4.70170310556607
4.6689026202734
4.63610209735781
4.60330153697137
4.57050093926617
4.53770030439522
4.50489963251136
4.47209892376815
4.4392981783184
4.40649739631649
4.37369657791649
4.3408957232728
4.30809483254013
4.27529390587362
4.24249294342825
4.20969194535967
4.17689091182424
4.14408984297736
4.11128873897579
4.07848759997676
4.04568642613715
4.01288521761401
3.98008397456507
3.94728269714828
3.91448138552198
3.88168003984444
3.84887866027477
3.81607724697178
3.7832758000953
3.75047431980458
3.71767280625997
3.68487125962197
3.65206968005053
3.6192680677072
3.58646642275263
3.55366474534875
3.52086303565727
3.48806129383999
3.45525952005952
3.42245771447849
3.38965587725976
3.35685400856716
3.32405210856346
3.29125017741298
3.25844821527962
3.22564622232849
3.19284419872358
3.16004214463038
3.12724006021445
3.09443794564121
3.06163580107638
3.02883362668656
2.99603142263819
2.96322918909802
2.93042692623368
2.89762463421229
2.86482231320151
2.83201996336997
2.79921758488538
2.76641517791713
2.73361274263356
2.70081027920391
2.66800778779823
2.63520526858644
2.60240272173843
2.56960014742516
2.53679754581683
2.50399491708496
2.47119226140084
2.43838957893589
2.40558686986305
2.37278413435336
2.33998137258011
2.30717858471632
2.27437577093566
2.24157293141055
2.20877006631568
2.17596717582494
2.14316426011309
2.11036131935438
2.07755835372433
2.04475536339849
2.01195234855214
1.97914930936118
1.94634624600224
1.91354315865172
1.8807400474867
1.84793691268457
1.81513375442236
1.7823305728781
1.74952736823045
1.71672414065739
1.68392089033813
1.65111761745125
1.61831432217633
1.58551100469311
1.55270766518171
1.51990430382265
1.48710092079582
1.45429751628304
1.42149409046525
1.38869064352342
1.35588717564036
1.32308368699787
1.29028017777872
1.25747664816527
1.2246730983412
1.1918695284896
1.15906593879406
1.12626232943955
1.0934587006095
1.06065505248894
1.02785138526286
0.995047699116986
0.962243994236298
0.929440270807598
0.896636529015924
0.863832769049173
0.831028991093337
0.79822519533629
0.765421381965469
0.7326175511683
0.699813703133736
0.667009838049594
0.63420595610522
0.6014020574891
0.568598142391253
0.535794211001118
0.502990263508749
0.470186300104819
0.437382320980052
0.404578326324938
0.371774316331438
0.338970291191348
0.306166251096302
0.273362196238904
0.24055812681131
0.207754043006507
0.174949945018095
0.142145833039799
0.109341707265598
0.076537567889521
0.0437334151057827
0.010929249109858
-0.0218749299030191
-0.0546791217377149
-0.0874833261983362
-0.120287543088661
-0.153091772211921
-0.185896013371452
-0.218700266370043
-0.251504531010662
-0.284308807094866
-0.317113094424823
-0.349917392801939
-0.382721702027728
-0.415526021902726
-0.448330352227649
-0.481134692803322
-0.513939043428432
-0.546743403903516
-0.57954777402748
-0.612352153599486
-0.645156542418299
-0.677960940281852
-0.710765346987897
-0.743569762334227
-0.776374186118751
-0.809178618137814
-0.841983058188388
-0.874787506066025
-0.907591961567565
-0.940396424488504
-0.973200894623792
-1.00600537176865
-1.03880985571797
-1.07161434626575
-1.10441884320632
-1.1372233463331
-1.17002785543978
-1.20283237031893
-1.23563689076339
-1.26844141656552
-1.3012459475173
-1.33405048341038
-1.36685502403612
-1.39965956918584
-1.43246411864986
-1.46526867221867
-1.49807322968203
-1.53087779082987
-1.56368235545169
-1.59648692333619
-1.62929149427189
-1.66209606804758
-1.69490064445108
-1.72770522326997
-1.76050980429159
-1.79331438730289
-1.82611897209066
-1.85892355844137
-1.89172814614068
-1.92453273497435
-1.95733732472816
-1.99014191518651
-2.02294650613417
-2.0557510973557
-2.08855568863478
-2.12136027975458
-2.15416487049895
-2.1869694606505
-2.21977404999223
-2.25257863830585
-2.28538322537397
-2.31818781097737
-2.35099239489813
-2.38379697691589
-2.41660155681226
-2.44940613436719
-2.48221070936076
-2.51501528157193
-2.54781985078042
-2.5806244167644
-2.613428979303
-2.64623353817393
-2.67903809315571
-2.711842644025
-2.74464719055925
-2.77745173253497
-2.81025626972901
-2.8430608019169
-2.87586532887474
-2.90866985037752
-2.94147436620098
-2.97427887611952
-3.00708337990687
-3.03988787733771
-3.0726923681854
-3.10549685222346
-3.13830132922483
-3.17110579896144
-3.20391026120608
-3.23671471573086
-3.26951916230731
-3.30232360070592
-3.33512803069824
-3.3679324520549
-3.40073686454536
-3.4335412679399
-3.46634566200765
-3.49915004651789
-3.53195442123932
-3.56475878594025
-3.59756314038927
-3.63036748435326
-3.6631718175999
-3.69597613989611
-3.72878045100883
-3.76158475070387
-3.79438903874705
-3.82719331490436
-3.85999757894081
-3.89280183062137
-3.92560606971078
-3.95841029597255
-3.99121450917055
-4.02401870906889
-4.05682289542993
-4.08962706801642
-4.12243122659102
-4.15523537091559
-4.18803950075181
-4.22084361586116
-4.25364771600443
-4.28645180094198
-4.31925587043363
-4.35205992423973
-4.38486396211962
-4.4176679838331
-4.45047198913831
-4.48327597779368
-4.51607994955728
-4.54888390418642
-4.58168784143884
-4.61449176107147
-4.64729566284038
-4.6800995465024
-4.71290341181363
-4.74570725852891
-4.7785110864036
-4.81131489519208
-4.84411868464973
-4.87692245452941
-4.90972620458524
-4.94252993457113
-4.97533364423937
-5.00813733334276
-5.04094100163384
-5.07374464886359
-5.10654827478433
-5.13935187914681
-5.17215546170144
-5.20495902219884
-5.23776256038921
-5.27056607602238
-5.30336956884718
-5.33617303861238
-5.36897648506665
-5.4017799079588
-5.43458330703535
-5.46738668204472
-5.50019003273367
-5.53299335884916
-5.56579666013677
-5.59859993634285
-5.63140318721271
-5.6642064124921
-5.69700961192504
-5.7298127852566
-5.76261593223045
-5.79541905259032
-5.82822214607984
-5.86102521244207
-5.8938282514192
-5.92663126275294
-5.95943424618582
-5.992237201459
-6.02504012831352
-6.05784302649062
-6.09064589572938
-6.12344873577055
-6.15625154635372
-6.18905432721777
-6.22185707810203
-6.25465979874422
-6.28746248888257
-6.32026514825456
-6.35306777659799
-6.38587037364933
-6.41867293914479
-6.4514754728212
-6.484277974414
-6.51708044365876
-6.54988288028994
-6.58268528404226
-6.61548765465027
-6.64828999184763
-6.68109229536788
-6.71389456494357
-6.74669680030779
-6.77949900119293
-6.81230116733081
-6.84510329845318
-6.8779053942907
-6.91070745457445
-6.94350947903462
-6.97631146740077
-7.00911341940313
-7.04191533477036
-7.07471721323186
-7.10751905451608
-7.14032085835082
-7.17312262446312
-7.20592435258072
-7.23872604243115
-7.27152769374013
-7.30432930623394
-7.33713087963767
-7.36993241367702
-7.40273390807723
-7.43553536256259
-7.46833677685728
-7.50113815068511
-7.53393948376954
-7.56674077583315
-7.59954202659849
-7.63234323578745
-7.66514440312263
-7.6979455283244
-7.73074661111449
-7.76354765121326
-7.79634864834102
-7.82914960221706
-7.86195051256108
-7.89475137909243
-7.92755220152915
-7.96035297958971
-7.99315371299152
-8.02595440145183
-8.05875504468819
-8.09155564241736
-8.12435619435512
-8.15715670021689
-8.18995715971866
-8.22275757257478
-8.25555793850054
-8.28835825721022
-8.32115852841743
-8.35395875183514
-8.38675892717635
-8.41955905415378
-8.45235913247929
-8.48515916186527
-8.51795914202281
-8.55075907266288
-8.58355895349632
-8.61635878423245
-8.64915856458124
-8.6819582942523
-8.71475797295474
-8.74755760039688
-8.78035717628632
-8.81315670033185
-8.84595617223935
-8.8787555917169
-8.91155495847018
-8.94435427220558
-8.97715353262881
-9.00995273944456
-9.04275189235827
-9.07555099107441
-9.10835003529679
-9.14114902472827
-9.17394795907291
-9.206746838033
-9.23954566131139
-9.27234442860968
-9.30514313962934
-9.33794179407124
-9.3707403916367
-9.40353893202567
-9.43633741493809
-9.46913584007306
-9.50193420712995
-9.53473251580739
-9.56753076580264
-9.6003289568143
-9.63312708854018
-9.66592516067649
-9.69872317291937
-9.73152112496585
-9.76431901651087
-9.79711684725028
-9.82991461687797
-9.86271232508909
-9.89550997157743
-9.92830755603665
-9.96110507816001
-9.99390253763968
-10.0266999341682
-10.0594972674377
-10.0922945371392
-10.1250917429641
-10.1578888846027
-10.1906859617454
-10.2234829740818
-10.2562799213011
-10.2890768030925
-10.3218736191436
-10.3546703691433
-10.3874670527787
-10.4202636697367
-10.4530602197052
-10.4858567023697
-10.5186531174157
-10.5514494645292
-10.584245743395
-10.6170419536982
-10.6498380951221
-10.6826341673509
-10.7154301700676
-10.7482261029555
-10.7810219656962
-10.8138177579728
-10.8466134794659
-10.8794091298571
-10.9122047088268
-10.9450002160556
-10.9777956512228
-11.0105910140083
-11.0433863040904
-11.0761815211475
-11.1089766648588
-11.1417717349005
-11.1745667309501
-11.2073616526854
-11.2401564997818
-11.2729512719146
-11.3057459687601
-11.3385405899931
-11.3713351352882
-11.4041296043189
-11.4369239967593
-11.4697183122827
-11.5025125505615
-11.535306711268
-11.5681007940747
-11.6008947986519
-11.6336887246715
-11.6664825718037
-11.6992763397184
-11.7320700280853
-11.7648636365737
-11.7976571648521
-11.8304506125883
-11.8632439794513
-11.8960372651075
-11.9288304692247
-11.9616235914684
-11.9944166315053
-12.0272095890009
-12.0600024636203
-12.0927952550283
-12.1255879628887
-12.1583805868654
-12.191173126622
-12.223965581821
-12.2567579521244
-12.2895502371948
-12.3223424366936
-12.3551345502818
-12.3879265776194
-12.4207185183675
-12.4535103721851
-12.4863021387314
-12.5190938176657
-12.5518854086453
-12.5846769113288
-12.6174683253735
-12.6502596504364
-12.6830508861738
-12.7158420322411
-12.7486330882942
-12.7814240539885
-12.8142149289781
-12.8470057129167
-12.8797964054591
-12.9125870062576
-12.9453775149653
-12.9781679312345
-13.010958254717
-13.0437484850643
-13.0765386219263
-13.1093286649542
-13.1421186137975
-13.1749084681063
-13.207698227529
-13.2404878917142
-13.2732774603102
-13.3060669329648
-13.3388563093242
-13.3716455890353
-13.4044347717445
-13.4372238570976
-13.4700128447397
-13.5028017343151
-13.535590525468
-13.5683792178429
-13.6011678110835
-13.6339563048312
-13.6667446987295
-13.6995329924194
-13.7323211855433
-13.7651092777415
-13.7978972686538
-13.8306851579208
-13.8634729451827
-13.8962606300775
-13.9290482122443
-13.9618356913208
-13.9946230669444
-14.0274103387528
-14.0601975063817
-14.0929845694675
-14.1257715276458
-14.1585583805523
-14.1913451278211
-14.224131769086
-14.2569183039817
-14.2897047321407
-14.322491053196
-14.3552772667795
-14.3880633725235
-14.4208493700587
-14.4536352590154
-14.4864210390252
-14.5192067097168
-14.55199227072
-14.5847777216628
-14.6175630621742
-14.6503482918815
-14.6831334104126
-14.7159184173947
-14.7487033124531
-14.7814880952133
-14.814272765301
-14.8470573223417
-14.8798417659595
-14.9126260957777
-14.9454103114198
-14.9781944125084
-15.0109783986668
-15.043762269516
-15.0765460246785
-15.1093296637731
-15.1421131864214
-15.1748965922433
-15.2076798808577
-15.2404630518833
-15.2732461049388
-15.3060290396426
-15.3388118556106
-15.3715945524605
-15.4043771298081
-15.4371595872698
-15.4699419244608
-15.5027241409955
-15.5355062364879
-15.5682882105528
-15.6010700628023
-15.6338517928496
-15.6666334003076
-15.6994148847869
-15.7321962458997
-15.7649774832557
-15.797758596466
-15.8305395851394
-15.8633204488854
-15.8961011873127
-15.9288818000295
-15.9616622866431
-15.9944426467605
-16.0272228799887
-16.0600029859336
-16.0927829642006
-16.1255628143948
-16.1583425361208
-16.1911221289824
-16.2239015925831
-16.2566809265259
-16.2894601304125
-16.3222392038455
-16.3550181464269
-16.3877969577566
-16.4205756374347
-16.453354185062
-16.4861326002366
-16.5189108825581
-16.5516890316236
-16.5844670470324
-16.6172449283803
-16.6500226752646
-16.6828002872816
-16.7155777640256
-16.748355105093
-16.7811323100773
-16.8139093785733
-16.8466863101738
-16.8794631044723
-16.9122397610607
-16.9450162795312
-16.9777926594746
-17.010568900482
-17.0433450021434
-17.0761209640483
-17.1088967857868
-17.1416724669469
-17.1744480071162
-17.2072234058824
-17.2399986628329
-17.2727737775543
-17.3055487496322
-17.3383235786517
-17.3710982641978
-17.4038728058551
-17.4366472032071
-17.4694214558366
-17.5021955633267
-17.534969525259
-17.5677433412158
-17.6005170107778
-17.6332905335253
-17.6660639090388
-17.698837136897
-17.7316102166787
-17.7643831479619
-17.7971559303252
-17.8299285633454
-17.862701046599
-17.8954733796622
-17.9282455621094
-17.9610175935166
-17.9937894734581
-18.0265612015075
-18.0593327772381
-18.0921042002231
-18.1248754700335
-18.1576465862416
-18.1904175484187
-18.2231883561356
-18.2559590089613
-18.2887295064649
-18.3214998482163
-18.3542700337829
-18.3870400627328
-18.4198099346324
-18.4525796490499
-18.4853492055488
-18.5181186036967
-18.5508878430572
-18.583656923195
-18.6164258436743
-18.6491946040574
-18.6819632039066
-18.7147316427847
-18.7474999202523
-18.780268035871
-18.8130359892007
-18.8458037798008
-18.8785714072309
-18.9113388710487
-18.9441061708136
-18.9768733060824
-19.0096402764123
-19.0424070813589
-19.0751737204773
-19.1079401933232
-19.1407064994507
-19.1734726384154
-19.2062386097685
-19.239004413064
-19.2717700478539
-19.3045355136887
-19.3373008101213
-19.3700659367015
-19.4028308929783
-19.4355956785014
-19.4683602928199
-19.5011247354806
-19.5338890060322
-19.5666531040213
-19.5994170289936
-19.632180780496
-19.6649443580726
-19.6977077612688
-19.7304709896275
-19.7632340426926
-19.7959969200075
-19.8287596211135
-19.8615221455515
-19.8942844928643
-19.9270466625909
-19.9598086542718
-19.9925704674447
-20.0253321016504
-20.0580935564254
-20.0908548313076
-20.123615925833
-20.1563768395386
-20.1891375719597
-20.2218981226318
-20.2546584910884
-20.2874186768631
-20.3201786794891
-20.3529384985006
-20.385698133427
-20.4184575838009
-20.4512168491532
-20.4839759290139
-20.516734822912
-20.5494935303764
-20.5822520509364
-20.6150103841188
-20.6477685294496
-20.6805264864573
-20.7132842546663
-20.7460418336017
-20.7787992227885
-20.8115564217513
-20.8443134300119
-20.8770702470944
-20.9098268725204
-20.9425833058112
-20.9753395464876
-21.0080955940702
-21.040851448078
-21.0736071080308
-21.1063625734461
-21.1391178438424
-21.1718729187361
-21.2046277976438
-21.2373824800805
-21.2701369655634
-21.3028912536064
-21.3356453437229
-21.3683992354257
-21.4011529282282
-21.4339064216422
-21.4666597151792
-21.4994128083505
-21.5321657006657
-21.564918391634
-21.5976708807649
-21.630423167566
-21.6631752515451
-21.69592713221
-21.7286788090659
-21.7614302816192
-21.7941815493746
-21.8269326118361
-21.8596834685078
-21.8924341188922
-21.9251845624924
-21.9579347988104
-21.9906848273469
-22.0234346476025
-22.0561842590769
-22.0889336612695
-22.1216828536784
-22.1544318358023
-22.1871806071381
-22.2199291671818
-22.2526775154295
-22.2854256513773
-22.3181735745187
-22.3509212843492
-22.3836687803607
-22.4164160620456
-22.4491631288969
-22.4819099804059
-22.5146566160627
-22.5474030353579
-22.5801492377801
-22.6128952228179
-22.6456409899602
-22.6783865386935
-22.7111318685053
-22.7438769788814
-22.776621869307
-22.8093665392656
-22.8421109882429
-22.8748552157209
-22.9075992211834
-22.9403430041118
-22.9730865639872
-23.0058299002906
-23.0385730125022
-23.0713159001006
-23.1040585625645
-23.1368009993717
-23.1695432099999
-23.2022851939258
-23.2350269506249
-23.2677684795727
-23.3005097802443
-23.3332508521121
-23.3659916946501
-23.3987323073299
-23.4314726896237
-23.4642128410032
-23.4969527609379
-23.5296924488989
-23.5624319043534
-23.5951711267711
-23.6279101156191
-23.6606488703644
-23.6933873904726
-23.7261256754104
-23.7588637246419
-23.7916015376319
-23.8243391138432
-23.857076452738
-23.8898135537798
-23.9225504164286
-23.9552870401466
-23.9880234243924
-24.0207595686261
-24.0534954723058
-24.0862311348887
-24.1189665558323
-24.1517017345934
-24.1844366706281
-24.2171713633909
-24.2499058123365
-24.2826400169179
-24.3153739765886
-24.3481076907998
-24.3808411590029
-24.4135743806499
-24.44630735519
-24.4790400820728
-24.5117725607472
-24.5445047906597
-24.5772367712577
-24.609968501989
-24.6426999822979
-24.6754312116306
-24.7081621894301
-24.7408929151403
-24.7736233882044
-24.8063536080639
-24.8390835741608
-24.8718132859357
-24.9045427428276
-24.9372719442766
-24.9700008897202
-25.0027295785965
-25.0354580103424
-25.068186184395
-25.1009141001876
-25.1336417571569
-25.1663691547357
-25.1990962923584
-25.2318231694563
-25.2645497854628
-25.2972761398069
-25.3300022319204
-25.3627280612329
-25.3954536271724
-25.4281789291663
-25.4609039666443
-25.4936287390306
-25.5263532457516
-25.5590774862324
-25.5918014598975
-25.6245251661708
-25.6572486044752
-25.6899717742314
-25.722694674862
-25.7554173057868
-25.7881396664259
-25.8208617561983
-25.8535835745215
-25.8863051208141
-25.9190263944931
-25.9517473949729
-25.9844681216696
-26.0171885739976
-26.0499087513709
-26.0826286532013
-26.115348278902
-26.1480676278838
-26.1807866995575
-26.2135054933325
-26.246224008618
-26.2789422448226
-26.3116602013537
-26.344377877618
-26.3770952730204
-26.409812386967
-26.4425292188624
-26.4752457681095
-26.5079620341125
-26.5406780162718
-26.5733937139897
-26.6061091266659
-26.6388242537
-26.6715390944913
-26.7042536484381
-26.7369679149371
-26.7696818933853
-26.8023955831782
-26.8351089837112
-26.867822094377
-26.9005349145704
-26.9332474436835
-26.9659596811074
-26.9986716262334
-27.031383278452
-27.0640946371524
-27.0968057017223
-27.1295164715503
-27.1622269460235
-27.1949371245275
-27.2276470064474
-27.260356591169
-27.293065878074
-27.3257748665462
-27.3584835559684
-27.3911919457212
-27.4239000351851
-27.4566078237397
-27.4893153107628
-27.5220224956336
-27.5547293777296
-27.5874359564262
-27.6201422310997
-27.6528482011239
-27.6855538658724
-27.7182592247194
-27.750964277037
-27.7836690221959
-27.8163734595676
-27.8490775885203
-27.8817814084243
-27.9144849186469
-27.9471881185561
-27.9798910075174
-28.0125935848972
-28.0452958500589
-28.077997802368
-28.1106994411865
-28.1434007658777
-28.1761017758013
-28.2088024703198
-28.2415028487915
-28.2742029105753
-28.3069026550292
-28.3396020815105
-28.3723011893762
-28.4049999779808
-28.4376984466793
-28.4703965948253
-28.5030944217712
-28.5357919268697
-28.5684891094725
-28.6011859689284
-28.6338825045873
-28.6665787157984
-28.6992746019093
-28.7319701622656
-28.7646653962153
-28.7973603031021
-28.8300548822706
-28.862749133064
-28.895443054825
-28.9281366468948
-28.9608299086151
-28.9935228393257
-29.0262154383651
-29.0589077050715
-29.091599638783
-29.124291238835
-29.1569825045628
-29.189673435302
-29.2223640303859
-29.2550542891468
-29.2877442109171
-29.3204337950289
-29.353123040811
-29.3858119475934
-29.418500514704
-29.451188741471
-29.4838766272194
-29.5165641712765
-29.549251372967
-29.5819382316143
-29.614624746542
-29.6473109170713
-29.6799967425243
-29.7126822222216
-29.7453673554828
-29.778052141625
-29.8107365799663
-29.8434206698236
-29.8761044105132
-29.9087878013494
-29.941470841646
-29.974153530716
-30.0068358678725
-30.039517852427
-30.0721994836889
-30.1048807609676
-30.1375616835717
-30.1702422508082
-30.2029224619848
-30.2356023164061
-30.2682818133771
-30.3009609522015
-30.3336397321832
-30.3663181526229
-30.3989962128221
-30.4316739120821
-30.4643512497011
-30.497028224976
-30.5297048372058
-30.5623810856868
-30.5950569697128
-30.6277324885806
-30.6604076415822
-30.6930824280111
-30.7257568471577
-30.7584308983133
-30.7911045807687
-30.8237778938119
-30.8564508367308
-30.8891234088116
-30.9217956093411
-30.954467437603
-30.987138892883
-31.0198099744633
-31.0524806816259
-31.0851510136518
-31.1178209698219
-31.1504905494154
-31.183159751709
-31.2158285759814
-31.2484970215088
-31.2811650875657
-31.3138327734265
-31.3465000783659
-31.3791670016555
-31.411833542566
-31.4444997003688
-31.4771654743334
-31.5098308637279
-31.5424958678191
-31.5751604858748
-31.6078247171598
-31.6404885609384
-31.6731520164743
-31.7058150830301
-31.7384777598674
-31.7711400462472
-31.8038019414281
-31.836463444669
-31.869124555228
-31.9017852723616
-31.9344455953249
-31.9671055233732
-31.9997650557582
-32.0324241917335
-32.0650829305509
-32.0977412714617
-32.1303992137139
-32.163056756557
-32.1957138992382
-32.2283706410039
-32.2610269810989
-32.2936829187692
-32.3263384532577
-32.3589935838062
-32.3916483096553
-32.4243026300471
-32.4569565442196
-32.4896100514109
-32.5222631508593
-32.5549158418007
-32.5875681234704
-32.6202199951013
-32.6528714559275
-32.685522505181
-32.7181731420935
-32.750823365894
-32.783473175812
-32.8161225710739
-32.8487715509082
-32.8814201145408
-32.9140682611942
-32.9467159900956
-32.9793633004656
-33.0120101915256
-33.0446566624964
-33.0773027125968
-33.109948341047
-33.1425935470628
-33.1752383298607
-33.2078826886568
-33.2405266226631
-33.2731701310945
-33.3058132131627
-33.3384558680777
-33.3710980950503
-33.4037398932887
-33.4363812620019
-33.4690222003959
-33.5016627076764
-33.5343027830467
-33.5669424257109
-33.5995816348712
-33.6322204097287
-33.6648587494834
-33.6974966533342
-33.7301341204788
-33.7627711501148
-33.7954077414377
-33.8280438936424
-33.8606796059214
-33.8933148774679
-33.9259497074737
-33.9585840951274
-33.9912180396193
-34.0238515401379
-34.0564845958684
-34.0891172059975
-34.1217493697105
-34.1543810861899
-34.1870123546185
-34.2196431741768
-34.2522735440458
-34.2849034634056
-34.3175329314323
-34.3501619473035
-34.3827905101941
-34.415418619279
-34.4480462737322
-34.4806734727268
-34.5133002154328
-34.5459265010192
-34.5785523286558
-34.6111776975099
-34.643802606749
-34.6764270555384
-34.7090510430415
-34.7416745684209
-34.7742976308394
-34.8069202294582
-34.8395423634361
-34.8721640319326
-34.9047852341053
-34.9374059691096
-34.9700262361002
-35.0026460342307
-35.0352653626539
-35.0678842205236
-35.1005026069866
-35.1331205211943
-35.1657379622939
-35.1983549294321
-35.2309714217562
-35.2635874384084
-35.2962029785331
-35.3288180412725
-35.3614326257675
-35.3940467311566
-35.4266603565805
-35.4592735011751
-35.4918861640762
-35.5244983444191
-35.5571100413384
-35.5897212539669
-35.6223319814339
-35.6549422228704
-35.6875519774056
-35.7201612441681
-35.7527700222838
-35.7853783108777
-35.8179861090728
-35.8505934159941
-35.8832002307614
-35.9158065524966
-35.9484123803182
-35.9810177133449
-36.0136225506937
-36.0462268914787
-36.0788307348142
-36.1114340798143
-36.14403692559
-36.1766392712537
-36.2092411159141
-36.2418424586777
-36.2744432986536
-36.3070436349448
-36.3396434666575
-36.3722427928952
-36.4048416127593
-36.4374399253503
-36.4700377297675
-36.5026350251096
-36.5352318104727
-36.5678280849523
-36.6004238476439
-36.6330190976398
-36.6656138340319
-36.6982080559101
-36.7308017623647
-36.7633949524844
-36.7959876253546
-36.8285797800614
-36.8611714156877
-36.8937625313178
-36.9263531260321
-36.9589431989113
-36.9915327490374
-37.0241217754841
-37.0567102773306
-37.0892982536494
-37.121885703516
-37.154472626004
-37.1870590201828
-37.2196448851223
-37.2522302198922
-37.2848150235604
-37.3173992951918
-37.3499830338514
-37.3825662386031
-37.4151489085079
-37.4477310426272
-37.480312640019
-37.512893699744
-37.5454742208575
-37.5780542024148
-37.610633643471
-37.6432125430773
-37.6757909002873
-37.7083687141491
-37.7409459837129
-37.7735227080259
-37.8060988861335
-37.8386745170825
-37.8712495999157
-37.9038241336733
-37.9363981173973
-37.968971550126
-38.0015444308983
-38.0341167587516
-38.0666885327202
-38.0992597518389
-38.1318304151394
-38.1644005216526
-38.1969700704084
-38.2295390604363
-38.262107490764
-38.2946753604154
-38.327242668415
-38.3598094137858
-38.3923755955502
-38.4249412127265
-38.4575062643351
-38.4900707493931
-38.5226346669168
-38.5551980159213
-38.587760795418
-38.6203230044195
-38.6528846419361
-38.685445706977
-38.7180061985489
-38.7505661156586
-38.7831254573121
-38.8156842225116
-38.8482424102589
-38.8808000195534
-38.9133570493956
-38.9459134987821
-38.978469366712
-39.0110246521775
-39.043579354172
-39.0761334716885
-39.1086870037149
-39.1412399492428
-39.1737923072599
-39.2063440767499
-39.2388952566998
-39.2714458460924
-39.3039958439098
-39.3365452491303
-39.3690940607351
-39.4016422777007
-39.4341898990032
-39.4667369236168
-39.4992833505142
-39.5318291786676
-39.5643744070472
-39.5969190346217
-39.6294630603571
-39.6620064832203
-39.6945493021753
-39.7270915161837
-39.7596331242077
-39.7921741252067
-39.824714518138
-39.8572543019598
-39.8897934756272
-39.9223320380923
-39.9548699883089
-39.9874073252264
-40.0199440477948
-40.0524801549628
-40.0850156456759
-40.1175505188776
-40.1500847735132
-40.1826184085214
-40.2151514228444
-40.2476838154203
-40.2802155851872
-40.3127467310773
-40.3452772520286
-40.3778071469713
-40.4103364148373
-40.4428650545551
-40.4753930650506
-40.5079204452538
-40.540447194088
-40.5729733104756
-40.6054987933392
-40.6380236415973
-40.6705478541695
-40.7030714299728
-40.7355943679214
-40.7681166669305
-40.800638325913
-40.8331593437779
-40.8656797194343
-40.8981994517906
-40.930718539752
-40.9632369822225
-40.9957547781056
-41.0282719263012
-41.0607884257101
-41.0933042752309
-41.1258194737576
-41.1583340201873
-41.1908479134114
-41.2233611523221
-41.2558737358093
-41.2883856627614
-41.3208969320647
-41.353407542604
-41.3859174932631
-41.418426782924
-41.450935410467
-41.4834433747686
-41.515950674709
-41.548457309163
-41.5809632770018
-41.613468577099
-41.6459732083265
-41.67847716955
-41.7109804596381
-41.743483077456
-41.7759850218665
-41.8084862917345
-41.8409868859181
-41.873486803276
-41.9059860426653
-41.9384846029417
-41.9709824829608
-42.0034796815723
-42.0359761976269
-42.0684720299742
-42.1009671774609
-42.1334616389326
-42.1659554132327
-42.1984484992024
-42.2309408956826
-42.2634326015134
-42.2959236155295
-42.3284139365662
-42.3609035634573
-42.393392495034
-42.4258807301277
-42.4583682675674
-42.4908551061783
-42.5233412447851
-42.5558266822113
-42.5883114172781
-42.6207954488052
-42.6532787756097
-42.685761396509
-42.7182433103184
-42.7507245158488
-42.7832050119121
-42.8156847973174
-42.8481638708732
-42.880642231383
-42.9131198776516
-42.9455968084815
-42.9780730226725
-43.0105485190257
-43.0430232963348
-43.0754973533968
-43.1079706890036
-43.1404433019478
-43.1729151910198
-43.2053863550065
-43.2378567926952
-43.2703265028681
-43.3027954843114
-43.335263735804
-43.3677312561217
-43.4001980440462
-43.4326640983502
-43.4651294178097
-43.4975940011946
-43.5300578472743
-43.5625209548196
-43.5949833225946
-43.6274449493633
-43.6599058338913
-43.6923659749374
-43.7248253712595
-43.7572840216156
-43.7897419247611
-43.8221990794504
-43.8546554844332
-43.8871111384618
-43.9195660402829
-43.952020188641
-43.9844735822818
-44.016926219949
-44.0493781003789
-44.0818292223139
-44.114279584488
-44.1467291856379
-44.1791780244971
-44.2116260997947
-44.2440734102607
-44.2765199546227
-44.3089657316038
-44.3414107399299
-44.3738549783225
-44.4062984455
-44.438741140181
-44.4711830610805
-44.5036242069129
-44.5360645763914
-44.5685041682232
-44.60094298112
-44.633381013785
-44.6658182649247
-44.6982547332383
-44.7306904174298
-44.7631253161961
-44.795559428234
-44.8279927522382
-44.8604252869003
-44.8928570309125
-44.9252879829628
-44.9577181417359
-44.9901475059194
-45.0225760741965
-45.0550038452475
-45.0874308177493
-45.1198569903804
-45.1522823618165
-45.1847069307288
-45.2171306957881
-45.2495536556645
-45.2819758090255
-45.3143971545341
-45.3468176908553
-45.3792374166486
-45.4116563305729
-45.4440744312879
-45.4764917174468
-45.5089081876999
-45.5413238407022
-45.5737386750994
-45.60615268954
-45.6385658826687
-45.6709782531259
-45.7033897995555
-45.7358005205959
-45.7682104148822
-45.8006194810493
-45.8330277177299
-45.865435123556
-45.8978416971552
-45.9302474371514
-45.9626523421717
-45.9950564108361
-46.0274596417661
-46.0598620335807
-46.0922635848955
-46.1246642943235
-46.1570641604763
-46.1894631819631
-46.2218613573933
-46.2542586853707
-46.2866551644994
-46.3190507933799
-46.3514455706129
-46.3838394947953
-46.4162325645222
-46.4486247783846
-46.4810161349752
-46.5134066328808
-46.5457962706898
-46.5781850469856
-46.6105729603513
-46.6429600093655
-46.6753461926068
-46.7077315086516
-46.7401159560713
-46.772499533439
-46.804882239324
-46.8372640722934
-46.8696450309143
-46.9020251137443
-46.9344043193487
-46.9667826462836
-46.999160093105
-47.0315366583684
-47.0639123406256
-47.096287138425
-47.1286610503138
-47.1610340748384
-47.1934062105421
-47.2257774559653
-47.2581478096472
-47.2905172701253
-47.3228858359336
-47.3552535056017
-47.3876202776622
-47.4199861506406
-47.452351123062
-47.4847151934513
-47.5170783603275
-47.5494406222122
-47.5818019776195
-47.6141624250631
-47.6465219630555
-47.6788805901058
-47.7112383047232
-47.7435951054125
-47.7759509906757
-47.8083059590127
-47.8406600089237
-47.8730131389021
-47.9053653474434
-47.9377166330401
-47.9700669941791
-48.0024164293483
-48.0347649370304
-48.0671125157102
-48.0994591638691
-48.1318048799835
-48.164149662527
-48.1964935099728
-48.2288364207915
-48.261178393453
-48.2935194264237
-48.325859518166
-48.3581986671432
-48.3905368718099
-48.4228741306293
-48.4552104420518
-48.4875458045272
-48.5198802165078
-48.5522136764412
-48.5845461827722
-48.616877733945
-48.6492083283975
-48.6815379645678
-48.7138666408922
-48.746194355806
-48.7785211077374
-48.8108468951124
-48.8431717163601
-48.8754955699034
-48.9078184541643
-48.940140367562
-48.9724613085104
-49.0047812754254
-49.0371002667171
-49.069418280798
-49.101735316073
-49.1340513709448
-49.166366443818
-49.1986805330889
-49.2309936371552
-49.2633057544133
-49.2956168832538
-49.3279270220702
-49.3602361692466
-49.3925443231671
-49.4248514822153
-49.4571576447713
-49.4894628092117
-49.5217669739114
-49.5540701372443
-49.58637229758
-49.6186734532865
-49.6509736027256
-49.6832727442665
-49.7155708762637
-49.7478679970791
-49.7801641050639
-49.8124591985707
-49.8447532759535
-49.877046335558
-49.9093383757277
-49.9416293948088
-49.9739193911384
-50.0062083630574
-50.0384963088962
-50.070783226991
-50.10306911567
-50.1353539732624
-50.1676377980936
-50.1999205884829
-50.2322023427549
-50.2644830592238
-50.2967627362049
-50.3290413720084
-50.3613189649476
-50.3935955133306
-50.4258710154577
-50.4581454696337
-50.4904188741576
-50.5226912273284
-50.5549625274377
-50.5872327727759
-50.6195019616345
-50.6517700923012
-50.6840371630595
-50.7163031721885
-50.7485681179676
-50.7808319986744
-50.8130948125832
-50.8453565579609
-50.8776172330819
-50.9098768362086
-50.9421353656031
-50.9743928195283
-51.0066491962405
-51.0389044939963
-51.0711587110479
-51.1034118456473
-51.135663896038
-51.1679148604685
-51.2001647371797
-51.2324135244089
-51.2646612203967
-51.2969078233741
-51.3291533315742
-51.361397743227
-51.3936410565593
-51.4258832697909
-51.4581243811466
-51.4903643888412
-51.5226032910919
-51.5548410861134
-51.5870777721129
-51.6193133473005
-51.6515478098779
-51.6837811580519
-51.7160133900167
-51.7482445039719
-51.7804744981134
-51.8127033706284
-51.844931119712
-51.8771577435441
-51.9093832403104
-51.9416076081913
-51.9738308453651
-52.0060529500056
-52.0382739202885
-52.0704937543802
-52.1027124504506
-52.13493000666
-52.1671464211736
-52.1993616921487
-52.2315758177431
-52.2637887961085
-52.2960006253968
-52.3282113037536
-52.3604208293273
-52.3926292002571
-52.4248364146827
-52.4570424707408
-52.4892473665695
-52.5214511002997
-52.553653670056
-52.5858550739686
-52.6180553101596
-52.6502543767469
-52.6824522718505
-52.7146489935833
-52.7468445400572
-52.7790389093839
-52.8112320996678
-52.8434241090143
-52.875614935525
-52.9078045772953
-52.9399930324228
-52.9721802989997
-53.0043663751161
-53.0365512588573
-53.0687349483097
-53.100917441554
-53.133098736667
-53.1652788317287
-53.1974577248092
-53.22963541398
-53.2618118973061
-53.2939871728545
-53.326161238686
-53.3583340928576
-53.3905057334294
-53.4226761584521
-53.4548453659789
-53.4870133540546
-53.5191801207255
-53.5513456640354
-53.5835099820244
-53.6156730727248
-53.6478349341751
-53.6799955644022
-53.7121549614375
-53.744313123301
-53.7764700480187
-53.8086257336123
-53.8407801780965
-53.8729333794834
-53.9050853357893
-53.9372360450164
-53.9693855051727
-54.0015337142626
-54.0336806702812
-54.0658263712261
-54.0979708150964
-54.1301139998801
-54.1622559235691
-54.1943965841443
-54.2265359795932
-54.2586741078891
-54.2908109670164
-54.3229465549412
-54.3550808696404
-54.3872139090838
-54.4193456712345
-54.4514761540568
-54.4836053555079
-54.5157332735494
-54.5478599061319
-54.5799852512103
-54.6121093067314
-54.6442320706404
-54.6763535408821
-54.7084737153965
-54.7405925921224
-54.7727101689938
-54.8048264439419
-54.8369414148942
-54.8690550797777
-54.9011674365134
-54.9332784830228
-54.9653882172257
-54.9974966370374
-55.0296037403726
-55.0617095251306
-55.0938139892241
-55.1259171305551
-55.1580189470269
-55.1901194365324
-55.2222185969725
-55.2543164262364
-55.2864129222149
-55.3185080827913
-55.3506019058503
-55.3826943892756
-55.4147855309438
-55.4468753287323
-55.4789637805115
-55.5110508841505
-55.5431366375164
-55.5752210384728
-55.607304084883
-55.6393857746055
-55.671466105493
-55.7035450754021
-55.7356226821804
-55.7676989236786
-55.7997737977365
-55.8318473022021
-55.8639194349117
-55.8959901937016
-55.9280595764041
-55.9601275808489
-55.9921942048685
-56.0242594462855
-56.0563233029214
-56.0883857725944
-56.1204468531259
-56.1525065423318
-56.1845648380222
-56.2166217380044
-56.2486772400853
-56.2807313420651
-56.3127840417495
-56.3448353369321
-56.3768852254133
-56.4089337049832
-56.4409807734313
-56.473026428543
-56.5050706681078
-56.5371134899017
-56.5691548917089
-56.6011948713091
-56.6332334264661
-56.6652705549576
-56.6973062545496
-56.7293405230135
-56.7613733581064
-56.7934047575954
-56.8254347192297
-56.8574632407712
-56.8894903199689
-56.9215159545768
-56.9535401423437
-56.9855628810142
-57.0175841683291
-57.049604002027
-57.0816223798451
-57.1136392995214
-57.145654758788
-57.1776687553746
-57.2096812870028
-57.2416923514064
-57.2737019463023
-57.3057100694135
-57.3377167184541
-57.3697218911403
-57.4017255851849
-57.4337277982971
-57.4657285281817
-57.497727772553
-57.5297255291034
-57.5617217955376
-57.5937165695538
-57.6257098488465
-57.6577016311088
-57.6896919140323
-57.721680695305
-57.7536679726091
-57.7856537436323
-57.817638006053
-57.8496207575542
-57.8816019958094
-57.9135817184933
-57.9455599232825
-57.9775366078396
-58.0095117698364
-58.0414854069401
-58.0734575168095
-58.1054280971105
-58.1373971454969
-58.1693646596262
-58.2013306371541
-58.2332950757332
-58.265257973013
-58.2972193266427
-58.3291791342703
-58.3611373935329
-58.3930941020762
-58.4250492575424
-58.4570028575652
-58.4889548997843
-58.5209053818324
-58.5528543013407
-58.5848016559403
-58.6167474432568
-58.6486916609149
-58.6806343065444
-58.7125753777571
-58.744514872184
-58.7764527874376
-58.8083891211379
-58.8403238708982
-58.872257034334
-58.9041886090567
-58.9361185926742
-58.9680469827916
-58.9999737770217
-59.0318989729583
-59.0638225682134
-59.0957445603875
-59.1276649470775
-59.1595837258845
-59.1915008944035
-59.2234164502301
-59.255330390955
-59.2872427141701
-59.3191534174696
-59.3510624984437
-59.3829699546745
-59.4148757837476
-59.4467799832541
-59.4786825507788
-59.5105834838975
-59.5424827801971
-59.5743804372476
-59.6062764526377
-59.6381708239428
-59.6700635487387
-59.7019546246023
-59.7338440491018
-59.7657318198172
-59.7976179343139
-59.8295023901669
-59.8613851849454
-59.893266316222
-59.925145781561
-59.9570235785269
-59.98889970469
-60.0207741576195
-60.0526469348737
-60.0845180340235
-60.1163874526242
-60.1482551882448
-60.1801212384499
-60.2119856007983
-60.2438482728504
-60.2757092521707
-60.3075685363148
-60.3394261228456
-60.3712820093239
-60.4031361933019
-60.4349886723465
-60.4668394440091
-60.498688505851
-60.5305358554359
-60.5623814903166
-60.5942254080517
-60.626067606201
-60.6579080823215
-60.689746833972
-60.7215838587112
-60.7534191540954
-60.7852527176814
-60.8170845470367
-60.848914639709
-60.8807429932661
-60.9125696052722
-60.9443944732796
-60.9762175948496
-61.0080389675455
-61.0398585889291
-61.0716764565582
-61.1034925680044
-61.1353069208301
-61.1671195126013
-61.1989303408817
-61.2307394032375
-61.2625466972422
-61.2943522204625
-61.3261559704594
-61.3579579448111
-61.3897581410999
-61.4215565568857
-61.4533531897584
-61.4851480372809
-61.5169410970365
-61.5487323666084
-61.5805218435741
-61.6123095255175
-61.6440954100284
-61.6758794946942
-61.7076617770928
-61.7394422548216
-61.7712209254804
-61.8029977866571
-61.8347728359556
-61.8665460709722
-61.898317489305
-61.9300870885594
-61.9618548663476
-61.9936208202838
-62.0253849479693
-62.057147247031
-62.0889077150748
-62.1206663497311
-62.1524231486151
-62.1841781093669
-62.215931229607
-62.2476825069682
-62.2794319390973
-62.3111795236233
-62.3429252582001
-62.3746691404732
-62.4064111680954
-62.4381513387217
-62.4698896500072
-62.5016260996287
-62.5333606852483
-62.5650934045321
-62.5968242551566
-62.6285532348047
-62.6602803411652
-62.6920055719297
-62.7237289247882
-62.7554503974448
-62.7871699876104
-62.8188876929861
-62.850603511287
-62.8823174402381
-62.9140294775667
-62.9457396210018
-62.9774478682808
-63.009154217148
-63.040858665353
-63.0725612106551
-63.1042618508115
-63.1359605835994
-63.1676574067829
-63.1993523181423
-63.2310453154697
-63.2627363965683
-63.294425559231
-63.326112801273
-63.3577981205011
-63.389481514738
-63.4211629818349
-63.4528425196151
-63.4845201259321
-63.5161957986349
-63.5478695355863
-63.5795413346762
-63.6112111937671
-63.6428791107567
-63.6745450835461
-63.7062091100317
-63.737871188129
-63.769531315779
-63.8011894909005
-63.8328457114525
-63.8644999753852
-63.8961522806603
-63.9278026252568
-63.9594510071566
-63.9910974243541
-64.0227418748591
-64.0543843566913
-64.0860248678791
-64.1176634064591
-64.1492999704849
-64.1809345580232
-64.212567167158
-64.2441977959611
-64.275826442547
-64.3074531050136
-64.3390777815014
-64.3707004701351
-64.4023211690818
-64.4339398764961
-64.4655565905562
-64.4971713094645
-64.5287840314272
-64.5603947546579
-64.5920034774003
-64.623610197902
-64.6552149144321
-64.6868176252779
-64.7184183287328
-64.75001702311
-64.7816137067367
-64.8132083779702
-64.844801035162
-64.8763916766947
-64.9079803009576
-64.9395669063789
-64.9711514913833
-65.0027340544212
-65.0343145939684
-65.0658931085085
-65.0974695965483
-65.129044056602
-65.1606164872401
-65.192186887007
-65.2237552544975
-65.2553215883186
-65.2868858870992
-65.3184481494799
-65.3500083741335
-65.3815665597533
-65.4131227050549
-65.4446768087691
-65.4762288696582
-65.5077788865047
-65.5393268581242
-65.5708727833251
-65.6024166609801
-65.6339584899593
-65.6654982691719
-65.6970359975537
-65.7285716740548
-65.7601052976579
-65.7916368673701
-65.8231663822412
-65.85469384132
-65.8862192436996
-65.9177425885102
-65.949263874878
-65.9807831019987
-66.0123002690795
-66.0438153753588
-66.0753284201099
-66.1068394026299
-66.1383483222403
-66.1698551783029
-66.2013599702295
-66.2328626974398
-66.2643633594001
-66.2958619556083
-66.3273584855915
-66.3588529489266
-66.3903453452081
-66.4218356740759
-66.4533239352039
-66.4848101282926
-66.5162942531125
-66.5477763094406
-66.5792562971104
-66.6107342159902
-66.6422100659967
-66.6736838470521
-66.7051555591659
-66.7366252023671
-66.7680927767279
-66.7995582823636
-66.8310217194466
-66.8624830881835
-66.8939423888003
-66.9253996216147
-66.9568547869772
-66.9883078852652
-67.019758916928
-67.0512078824484
-67.0826547823745
-67.1140996172761
-67.1455423878025
-67.1769830946475
-67.2084217385602
-67.2398583203357
-67.271292840817
-67.302725300909
-67.3341557015869
-67.3655840438643
-67.3970103288143
-67.4284345575595
-67.4598567313185
-67.4912768513408
-67.5226949189261
-67.5541109354689
-67.5855249023932
-67.6169368212167
-67.6483466935028
-67.6797545208865
-67.7111603050671
-67.7425640478194
-67.7739657509683
-67.8053654164416
-67.8367630462029
-67.8681586423136
-67.8995522068792
-67.9309437421148
-67.9623332502915
-67.9937207337606
-68.0251061949549
-68.0564896363568
-68.0878710605755
-68.1192504702545
-68.1506278681669
-68.1820032571397
-68.2133766400659
-68.2447480199813
-68.276117399969
-68.3074847832127
-68.3388501729784
-68.3702135726126
-68.4015749855968
-68.4329344154785
-68.4642918659001
-68.4956473405876
-68.5270008433882
-68.5583523782529
-68.5897019492275
-68.6210495604592
-68.65239521619
-68.6837389207901
-68.7150806787187
-68.7464204945473
-68.777758372977
-68.8090943188096
-68.8404283369548
-68.8717604324532
-68.9030906104544
-68.934418876227
-68.9657452351728
-68.9970696928097
-69.0283922547742
-69.0597129268639
-69.0910317149557
-69.1223486250955
-69.1536636634615
-69.1849768363394
-69.2162881501933
-69.2475976116027
-69.2789052273035
-69.3102110041613
-69.3415149491881
-69.3728170695668
-69.4041173726252
-69.4354158658479
-69.4667125568406
-69.4980074534312
-69.5293005635572
-69.5605918953346
-69.5918814570471
-69.6231692571878
-69.6544553043445
-69.6857396073305
-69.7170221751297
-69.7483030169089
-69.7795821420298
-69.8108595599935
-69.8421352805457
-69.8734093136178
-69.904681669299
-69.935952357886
-69.9672213899028
-69.9984887760812
-70.0297545273383
-70.0610186548196
-70.0922811698676
-70.1235420840675
-70.1548014092221
-70.1860591573528
-70.2173153407065
-70.2485699717692
-70.2798230632619
-70.3110746281382
-70.3423246796399
-70.373573231222
-70.4048202965937
-70.4360658897459
-70.4673100248929
-70.4985527165332
-70.5297939794455
-70.5610338286774
-70.5922722795856
-70.6235093477547
-70.6547450491149
-70.6859793998513
-70.7172124164503
-70.74844411573
-70.7796745147607
-70.8109036310401
-70.8421314822565
-70.8733580864961
-70.9045834621844
-70.9358076280705
-70.9670306032101
-70.9982524070656
-71.0294730593857
-71.0606925803425
-71.0919109904686
-71.1231283106222
-71.1543445620713
-71.1855597664704
-71.2167739458933
-71.2479871227862
-71.279199319995
-71.3104105607665
-71.3416208688226
-71.3728302682413
-71.4040387836175
-71.4352464399387
-71.4664532626654
-71.4976592776999
-71.5288645114036
-71.560068990653
-71.591272742768
-71.6224757956059
-71.6536781775264
-71.6848799173389
-71.7160810444078
-71.7472815886324
-71.7784815804662
-71.8096810509014
-71.8408800314871
-71.8720785543371
-71.9032766521501
-71.9344743581925
-71.9656717064052
-71.9968687312611
-72.0280654678911
-72.0592619520635
-72.0904582201929
-72.1216543093599
-72.1528502573027
-72.184046102431
-72.2152418838892
-72.2464376415033
-72.2776334158621
-72.3088292482519
-72.340025180686
-72.371221256047
-72.4024175179185
-72.4336140106677
-72.4648107795339
-72.4960078705031
-72.52720533048
-72.5584032072005
-72.5896015492779
-72.620800406222
-72.6519998284392
-72.6831998672271
-72.7144005749245
-72.7456020047622
-72.7768042109728
-72.8080072488322
-72.8392111745791
-72.8704160455032
-72.9016219200029
-72.9328288575366
-72.9640369186811
-72.9952461650834
-73.0264566596329
-73.0576684663396
-73.0888816504617
-73.1200962784299
-73.1513124179628
-73.182530138008
-73.2137495088419
-73.2449706021052
-73.276193490744
-73.3074182491649
-73.3386449530845
-73.369873679721
-73.4011045077673
-73.4323375173854
-73.4635727903211
-73.4948104098855
-73.5260504609881
-73.5572930301389
-73.5885382055551
-73.6197860771295
-73.6510367365914
-73.682290277368
-73.7135467947265
-73.7448063857805
-73.7760691495851
-73.8073351871112
-73.8386046013574
-73.8698774973294
-73.9011539820989
-73.932434164844
-73.9637181569817
-73.9950060720879
-74.0262980260271
-74.057594137016
-74.0888945255536
-74.1201993146719
-74.1515086298697
-74.1828225991346
-74.2141413530872
-74.2454650250277
-74.2767937509791
-74.3081276696495
-74.3394669226814
-74.3708116547213
-74.40216201331
-74.4335181489339
-74.4648802154324
-74.4962483696838
-74.5276227719821
-74.5590035859503
-74.5903909785177
-74.6217851202515
-74.653186185348
-74.6845943517226
-74.7160098009953
-74.7474327187275
-74.7788632945185
-74.810301721995
-74.8417481989373
-74.8732029274454
-74.9046661140686
-74.9361379697933
-74.9676187102285
-74.9991085558269
-75.0306077318518
-75.0621164685167
-75.0936350011688
-75.1251635705211
-75.156702422555
-75.1882518088819
-75.2198119866921
-75.2513832191407
-75.2829657752614
-75.3145599302672
-75.3461659657658
-75.377784169728
-75.4094148368041
-75.4410582686106
-75.4727147737053
-75.5043846678917
-75.5360682743501
-75.567765923998
-75.5994779556055
-75.6312047159336
-75.662946560087
-75.6947038516572
-75.7264769630474
-75.7582662757853
-75.7900721805668
-75.8218950776468
-75.8537353773406
-75.8855934998033
-75.9174698757183
-75.9493649467075
-75.9812791651644
-76.0132129950801
-76.0451669121144
-76.0771414040672
-76.1091369711266
-76.1411541263602
-76.1731933961229
-76.2052553203096
-76.2373404530214
-76.2694493628302
-76.3015826332597
-76.3337408633661
-76.3659246680754
-76.3981346789236
-76.4303715442233
-76.462635930058
-76.4949285205656
-76.5272500184758
-76.5596011459333
-76.5919826451573
-76.6243952788954
-76.6568398313862
-76.6893171087758
-76.7218279401524
-76.754373178312
-76.7869537002378
-76.8195704083162
-76.8522242311802
-76.8849161244725
-76.9176470720289
-76.950418086594
-76.9832302111219
-77.016084519573
-77.0489821185897
-77.0819241480956
-77.1149117828345
-77.1479462336336
-77.1810287489473
-77.2141606156862
-77.2473431614155
-77.2805777552749
-77.3138658100881
-77.347208783825
-77.3806081814392
-77.4140655567332
-77.4475825140426
-77.4811607106527
-77.5148018586676
-77.5485077277177
-77.5822801464718
-77.616121005764
-77.650032261133
-77.6840159351216
-77.7180741204918
-77.7522089833249
-77.7864227657589
-77.8207177895157
-77.8550964596143
-77.8895612676799
-77.924114795901
-77.9587597212674
-77.9934988199835
-78.0283349710839
-78.0632711627292
-78.0983104957578
-78.1334561904539
-78.1687115906092
-78.2040801707888
-78.2395655421008
-78.2751714583998
-78.3109018242878
-78.3467607019457
-78.3827523192946
-78.4188810783077
-78.4551515638196
-78.4915685534898
-78.5281370270337
-78.5648621772639
-78.6017494221201
-78.6388044157357
-78.6760330621929
-78.7134415282652
-78.7510362591205
-78.7888239935185
-78.8268117802353
-78.8650069965269
-78.9034173666699
-78.9420509825725
-78.9809163256455
-79.0200222900502
-79.0593782086815
-79.0989938797396
-79.1388795947465
-79.1790461717071
-79.2195049867883
-79.2602680122973
-79.3013478556998
-79.3427577992629
-79.3845118491395
-79.426624782459
-79.469112202488
-79.5119905937795
-79.5552773880742
-79.5989910307776
-79.6431510558127
-79.687778166771
-79.7328943243364
-79.778522843561
-79.8246884979388
-79.8714176363216
-79.9187383072592
-79.9666803973612
-80.0152757865498
-80.0645585133306
-80.1145649605875
-80.1653340580977
-80.2169075108996
-80.2693300482649
-80.322649701695
-80.3769181133526
-80.4321908807267
-80.4885279431798
-80.5459940072244
-80.6046590326427
-80.664598773168
-80.725895385699
-80.7886381201092
-80.8529240966196
-80.9188591933997
-80.9865590500265
-81.0561502161632
-81.1277714652529
-81.2015753039444
-81.2777297045267
-81.3564201162797
-81.437851792119
-81.5222524948424
-81.6098756630075
-81.7010041246328
-81.7959544801221
-81.8950822794836
-81.9987881952429
-82.1075253963187
-82.2218084260402
-82.3422239268871
-82.4694437175337
-82.6042407946588
-82.7475091013614
-82.9002880992696
-83.063793591524
-83.2394567215011
-83.4289737699022
-83.6343704533821
-83.8580858748477
-84.1030834518347
-84.3729996050655
-84.6723460390768
-85.0067894719635
-85.3835459485649
-85.8119481512971
-86.3042814425113
-86.8770491880026
-87.5529484271959
-88.3640677618334
-89.3572881009892
-90.6038793077417
-92.2176410437173
-94.3919463940293
-97.4832589272525
-102.226029656712
-110.398862846104
-127.572338337903
-181.973457131489
-817.799121696571
-7313.50112352868
