-0.174631025199433
-0.174729125199433
-0.174827225199433
-0.174925325199433
-0.175023425199433
-0.175121525199433
-0.175219625199433
-0.175317725199433
-0.175415825199433
-0.175513925199433
-0.175612025199433
-0.175710125199433
-0.175808225199433
-0.175906325199433
-0.176004425199433
-0.176102525199433
-0.176200625199433
-0.176298725199433
-0.176396825199433
-0.176494925199433
-0.176593025199433
-0.176691125199433
-0.176789225199433
-0.176887325199433
-0.176985425199433
-0.177083525199433
-0.177181625199433
-0.177279725199433
-0.177377825199433
-0.177475925199433
-0.177574025199433
-0.177672125199433
-0.177770225199433
-0.177868325199433
-0.177966425199433
-0.178064525199433
-0.178162625199433
-0.178260725199433
-0.178358825199433
-0.178456925199433
-0.178555025199433
-0.178653125199433
-0.178751225199433
-0.178849325199433
-0.178947425199432
-0.179045525199432
-0.179143625199432
-0.179241725199432
-0.179339825199432
-0.179437925199432
-0.179536025199432
-0.179634125199432
-0.179732225199432
-0.179830325199432
-0.179928425199432
-0.180026525199432
-0.180124625199432
-0.180222725199432
-0.180320825199432
-0.180418925199432
-0.180517025199432
-0.180615125199432
-0.180713225199432
-0.180811325199432
-0.180909425199432
-0.181007525199432
-0.181105625199432
-0.181203725199432
-0.181301825199432
-0.181399925199432
-0.181498025199432
-0.181596125199432
-0.181694225199432
-0.181792325199432
-0.181890425199432
-0.181988525199432
-0.182086625199432
-0.182184725199432
-0.182282825199432
-0.182380925199432
-0.182479025199432
-0.182577125199432
-0.182675225199432
-0.182773325199432
-0.182871425199432
-0.182969525199432
-0.183067625199432
-0.183165725199432
-0.183263825199432
-0.183361925199432
-0.183460025199432
-0.183558125199432
-0.183656225199432
-0.183754325199432
-0.183852425199432
-0.183950525199432
-0.184048625199432
-0.184146725199432
-0.184244825199432
-0.184342925199432
-0.184441025199432
-0.184539125199432
-0.184637225199432
-0.184735325199432
-0.184833425199432
-0.184931525199432
-0.185029625199432
-0.185127725199432
-0.185225825199432
-0.185323925199432
-0.185422025199432
-0.185520125199432
-0.185618225199432
-0.185716325199432
-0.185814425199432
-0.185912525199432
-0.186010625199432
-0.186108725199432
-0.186206825199432
-0.186304925199432
-0.186403025199432
-0.186501125199432
-0.186599225199432
-0.186697325199432
-0.186795425199432
-0.186893525199432
-0.186991625199432
-0.187089725199432
-0.187187825199432
-0.187285925199432
-0.187384025199432
-0.187482125199432
-0.187580225199432
-0.187678325199432
-0.187776425199432
-0.187874525199432
-0.187972625199432
-0.188070725199432
-0.188168825199432
-0.188266925199432
-0.188365025199432
-0.188463125199432
-0.188561225199431
-0.188659325199431
-0.188757425199431
-0.188855525199431
-0.188953625199431
-0.189051725199431
-0.189149825199431
-0.189247925199431
-0.189346025199431
-0.189444125199431
-0.189542225199431
-0.189640325199431
-0.189738425199431
-0.189836525199431
-0.189934625199431
-0.190032725199431
-0.190130825199431
-0.190228925199431
-0.190327025199431
-0.190425125199431
-0.190523225199431
-0.190621325199431
-0.190719425199431
-0.190817525199431
-0.190915625199431
-0.191013725199431
-0.191111825199431
-0.191209925199431
-0.191308025199431
-0.191406125199431
-0.191504225199431
-0.191602325199431
-0.191700425199431
-0.191798525199431
-0.191896625199431
-0.191994725199431
-0.192092825199431
-0.192190925199431
-0.192289025199431
-0.192387125199431
-0.192485225199431
-0.192583325199431
-0.192681425199431
-0.192779525199431
-0.192877625199431
-0.192975725199431
-0.193073825199431
-0.193171925199431
-0.193270025199431
-0.193368125199431
-0.193466225199431
-0.193564325199431
-0.193662425199431
-0.193760525199431
-0.193858625199431
-0.193956725199431
-0.194054825199431
-0.194152925199431
-0.194251025199431
-0.194349125199431
-0.194447225199431
-0.194545325199431
-0.194643425199431
-0.194741525199431
-0.194839625199431
-0.194937725199431
-0.195035825199431
-0.195133925199431
-0.195232025199431
-0.195330125199431
-0.195428225199431
-0.195526325199431
-0.195624425199431
-0.195722525199431
-0.195820625199431
-0.195918725199431
-0.196016825199431
-0.196114925199431
-0.196213025199431
-0.196311125199431
-0.196409225199431
-0.196507325199431
-0.196605425199431
-0.196703525199431
-0.196801625199431
-0.196899725199431
-0.196997825199431
-0.197095925199431
-0.197194025199431
-0.197292125199431
-0.197390225199431
-0.197488325199431
-0.197586425199431
-0.197684525199431
-0.197782625199431
-0.197880725199431
-0.197978825199431
-0.198076925199431
-0.198175025199431
-0.19827312519943
-0.19837122519943
-0.19846932519943
-0.19856742519943
-0.19866552519943
-0.19876362519943
-0.19886172519943
-0.19895982519943
-0.19905792519943
-0.19915602519943
-0.19925412519943
-0.19935222519943
-0.19945032519943
-0.19954842519943
-0.19964652519943
-0.19974462519943
-0.19984272519943
-0.19994082519943
-0.20003892519943
-0.20013702519943
-0.20023512519943
-0.20033322519943
-0.20043132519943
-0.20052942519943
-0.20062752519943
-0.20072562519943
-0.20082372519943
-0.20092182519943
-0.20101992519943
-0.20111802519943
-0.20121612519943
-0.20131422519943
-0.20141232519943
-0.20151042519943
-0.20160852519943
-0.20170662519943
-0.20180472519943
-0.20190282519943
-0.20200092519943
-0.20209902519943
-0.20219712519943
-0.20229522519943
-0.20239332519943
-0.20249142519943
-0.20258952519943
-0.20268762519943
-0.20278572519943
-0.20288382519943
-0.20298192519943
-0.20308002519943
-0.20317812519943
-0.20327622519943
-0.20337432519943
-0.20347242519943
-0.20357052519943
-0.20366862519943
-0.20376672519943
-0.20386482519943
-0.20396292519943
-0.20406102519943
-0.20415912519943
-0.20425722519943
-0.20435532519943
-0.20445342519943
-0.20455152519943
-0.20464962519943
-0.20474772519943
-0.20484582519943
-0.20494392519943
-0.20504202519943
-0.20514012519943
-0.20523822519943
-0.20533632519943
-0.20543442519943
-0.20553252519943
-0.20563062519943
-0.20572872519943
-0.20582682519943
-0.20592492519943
-0.20602302519943
-0.20612112519943
-0.20621922519943
-0.20631732519943
-0.20641542519943
-0.20651352519943
-0.20661162519943
-0.20670972519943
-0.20680782519943
-0.20690592519943
-0.20700402519943
-0.20710212519943
-0.20720022519943
-0.20729832519943
-0.20739642519943
-0.20749452519943
-0.20759262519943
-0.20769072519943
-0.20778882519943
-0.20788692519943
-0.207985025199429
-0.208083125199429
-0.208181225199429
-0.208279325199429
-0.208377425199429
-0.208475525199429
-0.208573625199429
-0.208671725199429
-0.208769825199429
-0.208867925199429
-0.208966025199429
-0.209064125199429
-0.209162225199429
-0.209260325199429
-0.209358425199429
-0.209456525199429
-0.209554625199429
-0.209652725199429
-0.209750825199429
-0.209848925199429
-0.209947025199429
-0.210045125199429
-0.210143225199429
-0.210241325199429
-0.210339425199429
-0.210437525199429
-0.210535625199429
-0.210633725199429
-0.210731825199429
-0.210829925199429
-0.210928025199429
-0.211026125199429
-0.211124225199429
-0.211222325199429
-0.211320425199429
-0.211418525199429
-0.211516625199429
-0.211614725199429
-0.211712825199429
-0.211810925199429
-0.211909025199429
-0.212007125199429
-0.212105225199429
-0.212203325199429
-0.212301425199429
-0.212399525199429
-0.212497625199429
-0.212595725199429
-0.212693825199429
-0.212791925199429
-0.212890025199429
-0.212988125199429
-0.213086225199429
-0.213184325199429
-0.213282425199429
-0.213380525199429
-0.213478625199429
-0.213576725199429
-0.213674825199429
-0.213772925199429
-0.213871025199429
-0.213969125199429
-0.214067225199429
-0.214165325199429
-0.214263425199429
-0.214361525199429
-0.214459625199429
-0.214557725199429
-0.214655825199429
-0.214753925199429
-0.214852025199429
-0.214950125199429
-0.215048225199429
-0.215146325199429
-0.215244425199429
-0.215342525199429
-0.215440625199429
-0.215538725199429
-0.215636825199429
-0.215734925199429
-0.215833025199429
-0.215931125199429
-0.216029225199429
-0.216127325199429
-0.216225425199429
-0.216323525199429
-0.216421625199429
-0.216519725199429
-0.216617825199429
-0.216715925199429
-0.216814025199429
-0.216912125199429
-0.217010225199429
-0.217108325199429
-0.217206425199429
-0.217304525199429
-0.217402625199429
-0.217500725199429
-0.217598825199428
-0.217696925199428
-0.217795025199428
-0.217893125199428
-0.217991225199428
-0.218089325199428
-0.218187425199428
-0.218285525199428
-0.218383625199428
-0.218481725199428
-0.218579825199428
-0.218677925199428
-0.218776025199428
-0.218874125199428
-0.218972225199428
-0.219070325199428
-0.219168425199428
-0.219266525199428
-0.219364625199428
-0.219462725199428
-0.219560825199428
-0.219658925199428
-0.219757025199428
-0.219855125199428
-0.219953225199428
-0.220051325199428
-0.220149425199428
-0.220247525199428
-0.220345625199428
-0.220443725199428
-0.220541825199428
-0.220639925199428
-0.220738025199428
-0.220836125199428
-0.220934225199428
-0.221032325199428
-0.221130425199428
-0.221228525199428
-0.221326625199428
-0.221424725199428
-0.221522825199428
-0.221620925199428
-0.221719025199428
-0.221817125199428
-0.221915225199428
-0.222013325199428
-0.222111425199428
-0.222209525199428
-0.222307625199428
-0.222405725199428
-0.222503825199428
-0.222601925199428
-0.222700025199428
-0.222798125199428
-0.222896225199428
-0.222994325199428
-0.223092425199428
-0.223190525199428
-0.223288625199428
-0.223386725199428
-0.223484825199428
-0.223582925199428
-0.223681025199428
-0.223779125199428
-0.223877225199428
-0.223975325199428
-0.224073425199428
-0.224171525199428
-0.224269625199428
-0.224367725199428
-0.224465825199428
-0.224563925199428
-0.224662025199428
-0.224760125199428
-0.224858225199428
-0.224956325199428
-0.225054425199428
-0.225152525199428
-0.225250625199428
-0.225348725199428
-0.225446825199428
-0.225544925199428
-0.225643025199428
-0.225741125199428
-0.225839225199428
-0.225937325199428
-0.226035425199428
-0.226133525199428
-0.226231625199428
-0.226329725199428
-0.226427825199428
-0.226525925199428
-0.226624025199428
-0.226722125199428
-0.226820225199428
-0.226918325199428
-0.227016425199428
-0.227114525199428
-0.227212625199428
-0.227310725199427
-0.227408825199427
-0.227506925199427
-0.227605025199427
-0.227703125199427
-0.227801225199427
-0.227899325199427
-0.227997425199427
-0.228095525199427
-0.228193625199427
-0.228291725199427
-0.228389825199427
-0.228487925199427
-0.228586025199427
-0.228684125199427
-0.228782225199427
-0.228880325199427
-0.228978425199427
-0.229076525199427
-0.229174625199427
-0.229272725199427
-0.229370825199427
-0.229468925199427
-0.229567025199427
-0.229665125199427
-0.229763225199427
-0.229861325199427
-0.229959425199427
-0.230057525199427
-0.230155625199427
-0.230253725199427
-0.230351825199427
-0.230449925199427
-0.230548025199427
-0.230646125199427
-0.230744225199427
-0.230842325199427
-0.230940425199427
-0.231038525199427
-0.231136625199427
-0.231234725199427
-0.231332825199427
-0.231430925199427
-0.231529025199427
-0.231627125199427
-0.231725225199427
-0.231823325199427
-0.231921425199427
-0.232019525199427
-0.232117625199427
-0.232215725199427
-0.232313825199427
-0.232411925199427
-0.232510025199427
-0.232608125199427
-0.232706225199427
-0.232804325199427
-0.232902425199427
-0.233000525199427
-0.233098625199427
-0.233196725199427
-0.233294825199427
-0.233392925199427
-0.233491025199427
-0.233589125199427
-0.233687225199427
-0.233785325199427
-0.233883425199427
-0.233981525199427
-0.234079625199427
-0.234177725199427
-0.234275825199427
-0.234373925199427
-0.234472025199427
-0.234570125199427
-0.234668225199427
-0.234766325199427
-0.234864425199427
-0.234962525199427
-0.235060625199427
-0.235158725199427
-0.235256825199427
-0.235354925199427
-0.235453025199427
-0.235551125199427
-0.235649225199427
-0.235747325199427
-0.235845425199427
-0.235943525199427
-0.236041625199427
-0.236139725199427
-0.236237825199427
-0.236335925199427
-0.236434025199427
-0.236532125199427
-0.236630225199427
-0.236728325199427
-0.236826425199427
-0.236924525199427
-0.237022625199426
-0.237120725199426
-0.237218825199426
-0.237316925199426
-0.237415025199426
-0.237513125199426
-0.237611225199426
-0.237709325199426
-0.237807425199426
-0.237905525199426
-0.238003625199426
-0.238101725199426
-0.238199825199426
-0.238297925199426
-0.238396025199426
-0.238494125199426
-0.238592225199426
-0.238690325199426
-0.238788425199426
-0.238886525199426
-0.238984625199426
-0.239082725199426
-0.239180825199426
-0.239278925199426
-0.239377025199426
-0.239475125199426
-0.239573225199426
-0.239671325199426
-0.239769425199426
-0.239867525199426
-0.239965625199426
-0.240063725199426
-0.240161825199426
-0.240259925199426
-0.240358025199426
-0.240456125199426
-0.240554225199426
-0.240652325199426
-0.240750425199426
-0.240848525199426
-0.240946625199426
-0.241044725199426
-0.241142825199426
-0.241240925199426
-0.241339025199426
-0.241437125199426
-0.241535225199426
-0.241633325199426
-0.241731425199426
-0.241829525199426
-0.241927625199426
-0.242025725199426
-0.242123825199426
-0.242221925199426
-0.242320025199426
-0.242418125199426
-0.242516225199426
-0.242614325199426
-0.242712425199426
-0.242810525199426
-0.242908625199426
-0.243006725199426
-0.243104825199426
-0.243202925199426
-0.243301025199426
-0.243399125199426
-0.243497225199426
-0.243595325199426
-0.243693425199426
-0.243791525199426
-0.243889625199426
-0.243987725199426
-0.244085825199426
-0.244183925199426
-0.244282025199426
-0.244380125199426
-0.244478225199426
-0.244576325199426
-0.244674425199426
-0.244772525199426
-0.244870625199426
-0.244968725199426
-0.245066825199426
-0.245164925199426
-0.245263025199426
-0.245361125199426
-0.245459225199426
-0.245557325199426
-0.245655425199426
-0.245753525199426
-0.245851625199426
-0.245949725199426
-0.246047825199426
-0.246145925199426
-0.246244025199426
-0.246342125199426
-0.246440225199426
-0.246538325199426
-0.246636425199425
-0.246734525199425
-0.246832625199425
-0.246930725199425
-0.247028825199425
-0.247126925199425
-0.247225025199425
-0.247323125199425
-0.247421225199425
-0.247519325199425
-0.247617425199425
-0.247715525199425
-0.247813625199425
-0.247911725199425
-0.248009825199425
-0.248107925199425
-0.248206025199425
-0.248304125199425
-0.248402225199425
-0.248500325199425
-0.248598425199425
-0.248696525199425
-0.248794625199425
-0.248892725199425
-0.248990825199425
-0.249088925199425
-0.249187025199425
-0.249285125199425
-0.249383225199425
-0.249481325199425
-0.249579425199425
-0.249677525199425
-0.249775625199425
-0.249873725199425
-0.249971825199425
-0.250069925199425
-0.250168025199425
-0.250266125199425
-0.250364225199425
-0.250462325199425
-0.250560425199425
-0.250658525199425
-0.250756625199425
-0.250854725199425
-0.250952825199425
-0.251050925199425
-0.251149025199425
-0.251247125199425
-0.251345225199425
-0.251443325199425
-0.251541425199425
-0.251639525199425
-0.251737625199425
-0.251835725199425
-0.251933825199425
-0.252031925199425
-0.252130025199425
-0.252228125199425
-0.252326225199425
-0.252424325199425
-0.252522425199425
-0.252620525199425
-0.252718625199425
-0.252816725199425
-0.252914825199425
-0.253012925199425
-0.253111025199425
-0.253209125199425
-0.253307225199425
-0.253405325199425
-0.253503425199425
-0.253601525199425
-0.253699625199425
-0.253797725199425
-0.253895825199425
-0.253993925199425
-0.254092025199425
-0.254190125199425
-0.254288225199425
-0.254386325199425
-0.254484425199425
-0.254582525199425
-0.254680625199425
-0.254778725199425
-0.254876825199425
-0.254974925199425
-0.255073025199425
-0.255171125199425
-0.255269225199425
-0.255367325199425
-0.255465425199425
-0.255563525199425
-0.255661625199425
-0.255759725199425
-0.255857825199425
-0.255955925199425
-0.256054025199425
-0.256152125199425
-0.256250225199425
-0.256348325199425
-0.256446425199425
-0.256544525199425
-0.256642625199424
-0.256740725199424
-0.256838825199424
-0.256936925199424
-0.257035025199424
-0.257133125199424
-0.257231225199424
-0.257329325199424
-0.257427425199424
-0.257525525199424
-0.257623625199424
-0.257721725199424
-0.257819825199424
-0.257917925199424
-0.258016025199424
-0.258114125199424
-0.258212225199424
-0.258310325199424
-0.258408425199424
-0.258506525199424
-0.258604625199424
-0.258702725199424
-0.258800825199424
-0.258898925199424
-0.258997025199424
-0.259095125199424
-0.259193225199424
-0.259291325199424
-0.259389425199424
-0.259487525199424
-0.259585625199424
-0.259683725199424
-0.259781825199424
-0.259879925199424
-0.259978025199424
-0.260076125199424
-0.260174225199424
-0.260272325199424
-0.260370425199424
-0.260468525199424
-0.260566625199424
-0.260664725199424
-0.260762825199424
-0.260860925199424
-0.260959025199424
-0.261057125199424
-0.261155225199424
-0.261253325199424
-0.261351425199424
-0.261449525199424
-0.261547625199424
-0.261645725199424
-0.261743825199424
-0.261841925199424
-0.261940025199424
-0.262038125199424
-0.262136225199424
-0.262234325199424
-0.262332425199424
-0.262430525199424
-0.262528625199424
-0.262626725199424
-0.262724825199424
-0.262822925199424
-0.262921025199424
-0.263019125199424
-0.263117225199424
-0.263215325199424
-0.263313425199424
-0.263411525199424
-0.263509625199424
-0.263607725199424
-0.263705825199424
-0.263803925199424
-0.263902025199424
-0.264000125199424
-0.264098225199424
-0.264196325199424
-0.264294425199424
-0.264392525199424
-0.264490625199424
-0.264588725199424
-0.264686825199424
-0.264784925199424
-0.264883025199424
-0.264981125199424
-0.265079225199424
-0.265177325199424
-0.265275425199424
-0.265373525199424
-0.265471625199424
-0.265569725199424
-0.265667825199424
-0.265765925199424
-0.265864025199424
-0.265962125199424
-0.266060225199424
-0.266158325199424
-0.266256425199423
-0.266354525199423
-0.266452625199423
-0.266550725199423
-0.266648825199423
-0.266746925199423
-0.266845025199423
-0.266943125199423
-0.267041225199423
-0.267139325199423
-0.267237425199423
-0.267335525199423
-0.267433625199423
-0.267531725199423
-0.267629825199423
-0.267727925199423
-0.267826025199423
-0.267924125199423
-0.268022225199423
-0.268120325199423
-0.268218425199423
-0.268316525199423
-0.268414625199423
-0.268512725199423
-0.268610825199423
-0.268708925199423
-0.268807025199423
-0.268905125199423
-0.269003225199423
-0.269101325199423
-0.269199425199423
-0.269297525199423
-0.269395625199423
-0.269493725199423
-0.269591825199423
-0.269689925199423
-0.269788025199423
-0.269886125199423
-0.269984225199423
-0.270082325199423
-0.270180425199423
-0.270278525199423
-0.270376625199423
-0.270474725199423
-0.270572825199423
-0.270670925199423
-0.270769025199423
-0.270867125199423
-0.270965225199423
-0.271063325199423
-0.271161425199423
-0.271259525199423
-0.271357625199423
-0.271455725199423
-0.271553825199423
-0.271651925199423
-0.271750025199423
-0.271848125199423
-0.271946225199423
-0.272044325199423
-0.272142425199423
-0.272240525199423
-0.272338625199423
-0.272436725199423
-0.272534825199423
-0.272632925199423
-0.272731025199423
-0.272829125199423
-0.272927225199423
-0.273025325199423
-0.273123425199423
-0.273221525199423
-0.273319625199423
-0.273417725199423
-0.273515825199423
-0.273613925199423
-0.273712025199423
-0.273810125199423
-0.273908225199423
-0.274006325199423
-0.274104425199423
-0.274202525199423
-0.274300625199423
-0.274398725199423
-0.274496825199423
-0.274594925199423
-0.274693025199423
-0.274791125199423
-0.274889225199423
-0.274987325199423
-0.275085425199423
-0.275183525199423
-0.275281625199423
-0.275379725199423
-0.275477825199423
-0.275575925199423
-0.275674025199423
-0.275772125199423
-0.275870225199423
-0.275968325199422
-0.276066425199422
-0.276164525199422
-0.276262625199422
-0.276360725199422
-0.276458825199422
-0.276556925199422
-0.276655025199422
-0.276753125199422
-0.276851225199422
-0.276949325199422
-0.277047425199422
-0.277145525199422
-0.277243625199422
-0.277341725199422
-0.277439825199422
-0.277537925199422
-0.277636025199422
-0.277734125199422
-0.277832225199422
-0.277930325199422
-0.278028425199422
-0.278126525199422
-0.278224625199422
-0.278322725199422
-0.278420825199422
-0.278518925199422
-0.278617025199422
-0.278715125199422
-0.278813225199422
-0.278911325199422
-0.279009425199422
-0.279107525199422
-0.279205625199422
-0.279303725199422
-0.279401825199422
-0.279499925199422
-0.279598025199422
-0.279696125199422
-0.279794225199422
-0.279892325199422
-0.279990425199422
-0.280088525199422
-0.280186625199422
-0.280284725199422
-0.280382825199422
-0.280480925199422
-0.280579025199422
-0.280677125199422
-0.280775225199422
-0.280873325199422
-0.280971425199422
-0.281069525199422
-0.281167625199422
-0.281265725199422
-0.281363825199422
-0.281461925199422
-0.281560025199422
-0.281658125199422
-0.281756225199422
-0.281854325199422
-0.281952425199422
-0.282050525199422
-0.282148625199422
-0.282246725199422
-0.282344825199422
-0.282442925199422
-0.282541025199422
-0.282639125199422
-0.282737225199422
-0.282835325199422
-0.282933425199422
-0.283031525199422
-0.283129625199422
-0.283227725199422
-0.283325825199422
-0.283423925199422
-0.283522025199422
-0.283620125199422
-0.283718225199422
-0.283816325199422
-0.283914425199422
-0.284012525199422
-0.284110625199422
-0.284208725199422
-0.284306825199422
-0.284404925199422
-0.284503025199422
-0.284601125199422
-0.284699225199422
-0.284797325199422
-0.284895425199422
-0.284993525199422
-0.285091625199422
-0.285189725199422
-0.285287825199422
-0.285385925199422
-0.285484025199422
-0.285582125199421
-0.285680225199421
-0.285778325199421
-0.285876425199421
-0.285974525199421
-0.286072625199421
-0.286170725199421
-0.286268825199421
-0.286366925199421
-0.286465025199421
-0.286563125199421
-0.286661225199421
-0.286759325199421
-0.286857425199421
-0.286955525199421
-0.287053625199421
-0.287151725199421
-0.287249825199421
-0.287347925199421
-0.287446025199421
-0.287544125199421
-0.287642225199421
-0.287740325199421
-0.287838425199421
-0.287936525199421
-0.288034625199421
-0.288132725199421
-0.288230825199421
-0.288328925199421
-0.288427025199421
-0.288525125199421
-0.288623225199421
-0.288721325199421
-0.288819425199421
-0.288917525199421
-0.289015625199421
-0.289113725199421
-0.289211825199421
-0.289309925199421
-0.289408025199421
-0.289506125199421
-0.289604225199421
-0.289702325199421
-0.289800425199421
-0.289898525199421
-0.289996625199421
-0.290094725199421
-0.290192825199421
-0.290290925199421
-0.290389025199421
-0.290487125199421
-0.290585225199421
-0.290683325199421
-0.290781425199421
-0.290879525199421
-0.290977625199421
-0.291075725199421
-0.291173825199421
-0.291271925199421
-0.291370025199421
-0.291468125199421
-0.291566225199421
-0.291664325199421
-0.291762425199421
-0.291860525199421
-0.291958625199421
-0.292056725199421
-0.292154825199421
-0.292252925199421
-0.292351025199421
-0.292449125199421
-0.292547225199421
-0.292645325199421
-0.292743425199421
-0.292841525199421
-0.292939625199421
-0.293037725199421
-0.293135825199421
-0.293233925199421
-0.293332025199421
-0.293430125199421
-0.293528225199421
-0.293626325199421
-0.293724425199421
-0.293822525199421
-0.293920625199421
-0.294018725199421
-0.294116825199421
-0.294214925199421
-0.294313025199421
-0.294411125199421
-0.294509225199421
-0.294607325199421
-0.294705425199421
-0.294803525199421
-0.294901625199421
-0.294999725199421
-0.295097825199421
-0.295195925199421
-0.29529402519942
-0.29539212519942
-0.29549022519942
-0.29558832519942
-0.29568642519942
-0.29578452519942
-0.29588262519942
-0.29598072519942
-0.29607882519942
-0.29617692519942
-0.29627502519942
-0.29637312519942
-0.29647122519942
-0.29656932519942
-0.29666742519942
-0.29676552519942
-0.29686362519942
-0.29696172519942
-0.29705982519942
-0.29715792519942
-0.29725602519942
-0.29735412519942
-0.29745222519942
-0.29755032519942
-0.29764842519942
-0.29774652519942
-0.29784462519942
-0.29794272519942
-0.29804082519942
-0.29813892519942
-0.29823702519942
-0.29833512519942
-0.29843322519942
-0.29853132519942
-0.29862942519942
-0.29872752519942
-0.29882562519942
-0.29892372519942
-0.29902182519942
-0.29911992519942
-0.29921802519942
-0.29931612519942
-0.29941422519942
-0.29951232519942
-0.29961042519942
-0.29970852519942
-0.29980662519942
-0.29990472519942
-0.30000282519942
-0.30010092519942
-0.30019902519942
-0.30029712519942
-0.30039522519942
-0.30049332519942
-0.30059142519942
-0.30068952519942
-0.30078762519942
-0.30088572519942
-0.30098382519942
-0.30108192519942
-0.30118002519942
-0.30127812519942
-0.30137622519942
-0.30147432519942
-0.30157242519942
-0.30167052519942
-0.30176862519942
-0.30186672519942
-0.30196482519942
-0.30206292519942
-0.30216102519942
-0.30225912519942
-0.30235722519942
-0.30245532519942
-0.30255342519942
-0.30265152519942
-0.30274962519942
-0.30284772519942
-0.30294582519942
-0.30304392519942
-0.30314202519942
-0.30324012519942
-0.30333822519942
-0.30343632519942
-0.30353442519942
-0.30363252519942
-0.30373062519942
-0.30382872519942
-0.30392682519942
-0.30402492519942
-0.30412302519942
-0.30422112519942
-0.30431922519942
-0.30441732519942
-0.30451542519942
-0.30461352519942
-0.30471162519942
-0.30480972519942
-0.30490782519942
-0.305005925199419
-0.305104025199419
-0.305202125199419
-0.305300225199419
-0.305398325199419
-0.305496425199419
-0.305594525199419
-0.305692625199419
-0.305790725199419
-0.305888825199419
-0.305986925199419
-0.306085025199419
-0.306183125199419
-0.306281225199419
-0.306379325199419
-0.306477425199419
-0.306575525199419
-0.306673625199419
-0.306771725199419
-0.306869825199419
-0.306967925199419
-0.307066025199419
-0.307164125199419
-0.307262225199419
-0.307360325199419
-0.307458425199419
-0.307556525199419
-0.307654625199419
-0.307752725199419
-0.307850825199419
-0.307948925199419
-0.308047025199419
-0.308145125199419
-0.308243225199419
-0.308341325199419
-0.308439425199419
-0.308537525199419
-0.308635625199419
-0.308733725199419
-0.308831825199419
-0.308929925199419
-0.309028025199419
-0.309126125199419
-0.309224225199419
-0.309322325199419
-0.309420425199419
-0.309518525199419
-0.309616625199419
-0.309714725199419
-0.309812825199419
-0.309910925199419
-0.310009025199419
-0.310107125199419
-0.310205225199419
-0.310303325199419
-0.310401425199419
-0.310499525199419
-0.310597625199419
-0.310695725199419
-0.310793825199419
-0.310891925199419
-0.310990025199419
-0.311088125199419
-0.311186225199419
-0.311284325199419
-0.311382425199419
-0.311480525199419
-0.311578625199419
-0.311676725199419
-0.311774825199419
-0.311872925199419
-0.311971025199419
-0.312069125199419
-0.312167225199419
-0.312265325199419
-0.312363425199419
-0.312461525199419
-0.312559625199419
-0.312657725199419
-0.312755825199419
-0.312853925199419
-0.312952025199419
-0.313050125199419
-0.313148225199419
-0.313246325199419
-0.313344425199419
-0.313442525199419
-0.313540625199419
-0.313638725199419
-0.313736825199419
-0.313834925199419
-0.313933025199419
-0.314031125199419
-0.314129225199419
-0.314227325199419
-0.314325425199419
-0.314423525199419
-0.314521625199419
-0.314619725199418
-0.314717825199418
-0.314815925199418
-0.314914025199418
-0.315012125199418
-0.315110225199418
-0.315208325199418
-0.315306425199418
-0.315404525199418
-0.315502625199418
-0.315600725199418
-0.315698825199418
-0.315796925199418
-0.315895025199418
-0.315993125199418
-0.316091225199418
-0.316189325199418
-0.316287425199418
-0.316385525199418
-0.316483625199418
-0.316581725199418
-0.316679825199418
-0.316777925199418
-0.316876025199418
-0.316974125199418
-0.317072225199418
-0.317170325199418
-0.317268425199418
-0.317366525199418
-0.317464625199418
-0.317562725199418
-0.317660825199418
-0.317758925199418
-0.317857025199418
-0.317955125199418
-0.318053225199418
-0.318151325199418
-0.318249425199418
-0.318347525199418
-0.318445625199418
-0.318543725199418
-0.318641825199418
-0.318739925199418
-0.318838025199418
-0.318936125199418
-0.319034225199418
-0.319132325199418
-0.319230425199418
-0.319328525199418
-0.319426625199418
-0.319524725199418
-0.319622825199418
-0.319720925199418
-0.319819025199418
-0.319917125199418
-0.320015225199418
-0.320113325199418
-0.320211425199418
-0.320309525199418
-0.320407625199418
-0.320505725199418
-0.320603825199418
-0.320701925199418
-0.320800025199418
-0.320898125199418
-0.320996225199418
-0.321094325199418
-0.321192425199418
-0.321290525199418
-0.321388625199418
-0.321486725199418
-0.321584825199418
-0.321682925199418
-0.321781025199418
-0.321879125199418
-0.321977225199418
-0.322075325199418
-0.322173425199418
-0.322271525199418
-0.322369625199418
-0.322467725199418
-0.322565825199418
-0.322663925199418
-0.322762025199418
-0.322860125199418
-0.322958225199418
-0.323056325199418
-0.323154425199418
-0.323252525199418
-0.323350625199418
-0.323448725199418
-0.323546825199418
-0.323644925199418
-0.323743025199418
-0.323841125199418
-0.323939225199418
-0.324037325199418
-0.324135425199418
-0.324233525199418
-0.324331625199417
-0.324429725199417
-0.324527825199417
-0.324625925199417
-0.324724025199417
-0.324822125199417
-0.324920225199417
-0.325018325199417
-0.325116425199417
-0.325214525199417
-0.325312625199417
-0.325410725199417
-0.325508825199417
-0.325606925199417
-0.325705025199417
-0.325803125199417
-0.325901225199417
-0.325999325199417
-0.326097425199417
-0.326195525199417
-0.326293625199417
-0.326391725199417
-0.326489825199417
-0.326587925199417
-0.326686025199417
-0.326784125199417
-0.326882225199417
-0.326980325199417
-0.327078425199417
-0.327176525199417
-0.327274625199417
-0.327372725199417
-0.327470825199417
-0.327568925199417
-0.327667025199417
-0.327765125199417
-0.327863225199417
-0.327961325199417
-0.328059425199417
-0.328157525199417
-0.328255625199417
-0.328353725199417
-0.328451825199417
-0.328549925199417
-0.328648025199417
-0.328746125199417
-0.328844225199417
-0.328942325199417
-0.329040425199417
-0.329138525199417
-0.329236625199417
-0.329334725199417
-0.329432825199417
-0.329530925199417
-0.329629025199417
-0.329727125199417
-0.329825225199417
-0.329923325199417
-0.330021425199417
-0.330119525199417
-0.330217625199417
-0.330315725199417
-0.330413825199417
-0.330511925199417
-0.330610025199417
-0.330708125199417
-0.330806225199417
-0.330904325199417
-0.331002425199417
-0.331100525199417
-0.331198625199417
-0.331296725199417
-0.331394825199417
-0.331492925199417
-0.331591025199417
-0.331689125199417
-0.331787225199417
-0.331885325199417
-0.331983425199417
-0.332081525199417
-0.332179625199417
-0.332277725199417
-0.332375825199417
-0.332473925199417
-0.332572025199417
-0.332670125199417
-0.332768225199417
-0.332866325199417
-0.332964425199417
-0.333062525199417
-0.333160625199417
-0.333258725199417
-0.333356825199417
-0.333454925199417
-0.333553025199417
-0.333651125199417
-0.333749225199417
-0.333847325199417
-0.333945425199417
-0.334043525199416
-0.334141625199416
-0.334239725199416
-0.334337825199416
-0.334435925199416
-0.334534025199416
-0.334632125199416
-0.334730225199416
-0.334828325199416
-0.334926425199416
-0.335024525199416
-0.335122625199416
-0.335220725199416
-0.335318825199416
-0.335416925199416
-0.335515025199416
-0.335613125199416
-0.335711225199416
-0.335809325199416
-0.335907425199416
-0.336005525199416
-0.336103625199416
-0.336201725199416
-0.336299825199416
-0.336397925199416
-0.336496025199416
-0.336594125199416
-0.336692225199416
-0.336790325199416
-0.336888425199416
-0.336986525199416
-0.337084625199416
-0.337182725199416
-0.337280825199416
-0.337378925199416
-0.337477025199416
-0.337575125199416
-0.337673225199416
-0.337771325199416
-0.337869425199416
-0.337967525199416
-0.338065625199416
-0.338163725199416
-0.338261825199416
-0.338359925199416
-0.338458025199416
-0.338556125199416
-0.338654225199416
-0.338752325199416
-0.338850425199416
-0.338948525199416
-0.339046625199416
-0.339144725199416
-0.339242825199416
-0.339340925199416
-0.339439025199416
-0.339537125199416
-0.339635225199416
-0.339733325199416
-0.339831425199416
-0.339929525199416
-0.340027625199416
-0.340125725199416
-0.340223825199416
-0.340321925199416
-0.340420025199416
-0.340518125199416
-0.340616225199416
-0.340714325199416
-0.340812425199416
-0.340910525199416
-0.341008625199416
-0.341106725199416
-0.341204825199416
-0.341302925199416
-0.341401025199416
-0.341499125199416
-0.341597225199416
-0.341695325199416
-0.341793425199416
-0.341891525199416
-0.341989625199416
-0.342087725199416
-0.342185825199416
-0.342283925199416
-0.342382025199416
-0.342480125199416
-0.342578225199416
-0.342676325199416
-0.342774425199416
-0.342872525199416
-0.342970625199416
-0.343068725199416
-0.343166825199416
-0.343264925199416
-0.343363025199416
-0.343461125199416
-0.343559225199416
-0.343657325199415
-0.343755425199415
-0.343853525199415
-0.343951625199415
-0.344049725199415
-0.344147825199415
-0.344245925199415
-0.344344025199415
-0.344442125199415
-0.344540225199415
-0.344638325199415
-0.344736425199415
-0.344834525199415
-0.344932625199415
-0.345030725199415
-0.345128825199415
-0.345226925199415
-0.345325025199415
-0.345423125199415
-0.345521225199415
-0.345619325199415
-0.345717425199415
-0.345815525199415
-0.345913625199415
-0.346011725199415
-0.346109825199415
-0.346207925199415
-0.346306025199415
-0.346404125199415
-0.346502225199415
-0.346600325199415
-0.346698425199415
-0.346796525199415
-0.346894625199415
-0.346992725199415
-0.347090825199415
-0.347188925199415
-0.347287025199415
-0.347385125199415
-0.347483225199415
-0.347581325199415
-0.347679425199415
-0.347777525199415
-0.347875625199415
-0.347973725199415
-0.348071825199415
-0.348169925199415
-0.348268025199415
-0.348366125199415
-0.348464225199415
-0.348562325199415
-0.348660425199415
-0.348758525199415
-0.348856625199415
-0.348954725199415
-0.349052825199415
-0.349150925199415
-0.349249025199415
-0.349347125199415
-0.349445225199415
-0.349543325199415
-0.349641425199415
-0.349739525199415
-0.349837625199415
-0.349935725199415
-0.350033825199415
-0.350131925199415
-0.350230025199415
-0.350328125199415
-0.350426225199415
-0.350524325199415
-0.350622425199415
-0.350720525199415
-0.350818625199415
-0.350916725199415
-0.351014825199415
-0.351112925199415
-0.351211025199415
-0.351309125199415
-0.351407225199415
-0.351505325199415
-0.351603425199415
-0.351701525199415
-0.351799625199415
-0.351897725199415
-0.351995825199415
-0.352093925199415
-0.352192025199415
-0.352290125199415
-0.352388225199415
-0.352486325199415
-0.352584425199415
-0.352682525199415
-0.352780625199415
-0.352878725199415
-0.352976825199415
-0.353074925199415
-0.353173025199415
-0.353271125199415
-0.353369225199414
-0.353467325199414
-0.353565425199414
-0.353663525199414
-0.353761625199414
-0.353859725199414
-0.353957825199414
-0.354055925199414
-0.354154025199414
-0.354252125199414
-0.354350225199414
-0.354448325199414
-0.354546425199414
-0.354644525199414
-0.354742625199414
-0.354840725199414
-0.354938825199414
-0.355036925199414
-0.355135025199414
-0.355233125199414
-0.355331225199414
-0.355429325199414
-0.355527425199414
-0.355625525199414
-0.355723625199414
-0.355821725199414
-0.355919825199414
-0.356017925199414
-0.356116025199414
-0.356214125199414
-0.356312225199414
-0.356410325199414
-0.356508425199414
-0.356606525199414
-0.356704625199414
-0.356802725199414
-0.356900825199414
-0.356998925199414
-0.357097025199414
-0.357195125199414
-0.357293225199414
-0.357391325199414
-0.357489425199414
-0.357587525199414
-0.357685625199414
-0.357783725199414
-0.357881825199414
-0.357979925199414
-0.358078025199414
-0.358176125199414
-0.358274225199414
-0.358372325199414
-0.358470425199414
-0.358568525199414
-0.358666625199414
-0.358764725199414
-0.358862825199414
-0.358960925199414
-0.359059025199414
-0.359157125199414
-0.359255225199414
-0.359353325199414
-0.359451425199414
-0.359549525199414
-0.359647625199414
-0.359745725199414
-0.359843825199414
-0.359941925199414
-0.360040025199414
-0.360138125199414
-0.360236225199414
-0.360334325199414
-0.360432425199414
-0.360530525199414
-0.360628625199414
-0.360726725199414
-0.360824825199414
-0.360922925199414
-0.361021025199414
-0.361119125199414
-0.361217225199414
-0.361315325199414
-0.361413425199414
-0.361511525199414
-0.361609625199414
-0.361707725199414
-0.361805825199414
-0.361903925199414
-0.362002025199414
-0.362100125199414
-0.362198225199414
-0.362296325199414
-0.362394425199414
-0.362492525199414
-0.362590625199414
-0.362688725199414
-0.362786825199414
-0.362884925199414
-0.362983025199414
-0.363081125199413
-0.363179225199413
-0.363277325199413
-0.363375425199413
-0.363473525199413
-0.363571625199413
-0.363669725199413
-0.363767825199413
-0.363865925199413
-0.363964025199413
-0.364062125199413
-0.364160225199413
-0.364258325199413
-0.364356425199413
-0.364454525199413
-0.364552625199413
-0.364650725199413
-0.364748825199413
-0.364846925199413
-0.364945025199413
-0.365043125199413
-0.365141225199413
-0.365239325199413
-0.365337425199413
-0.365435525199413
-0.365533625199413
-0.365631725199413
-0.365729825199413
-0.365827925199413
-0.365926025199413
-0.366024125199413
-0.366122225199413
-0.366220325199413
-0.366318425199413
-0.366416525199413
-0.366514625199413
-0.366612725199413
-0.366710825199413
-0.366808925199413
-0.366907025199413
-0.367005125199413
-0.367103225199413
-0.367201325199413
-0.367299425199413
-0.367397525199413
-0.367495625199413
-0.367593725199413
-0.367691825199413
-0.367789925199413
-0.367888025199413
-0.367986125199413
-0.368084225199413
-0.368182325199413
-0.368280425199413
-0.368378525199413
-0.368476625199413
-0.368574725199413
-0.368672825199413
-0.368770925199413
-0.368869025199413
-0.368967125199413
-0.369065225199413
-0.369163325199413
-0.369261425199413
-0.369359525199413
-0.369457625199413
-0.369555725199413
-0.369653825199413
-0.369751925199413
-0.369850025199413
-0.369948125199413
-0.370046225199413
-0.370144325199413
-0.370242425199413
-0.370340525199413
-0.370438625199413
-0.370536725199413
-0.370634825199413
-0.370732925199413
-0.370831025199413
-0.370929125199413
-0.371027225199413
-0.371125325199413
-0.371223425199413
-0.371321525199413
-0.371419625199413
-0.371517725199413
-0.371615825199413
-0.371713925199413
-0.371812025199413
-0.371910125199413
-0.372008225199413
-0.372106325199413
-0.372204425199413
-0.372302525199413
-0.372400625199413
-0.372498725199413
-0.372596825199413
-0.372694925199412
-0.372793025199412
-0.372891125199412
-0.372989225199412
-0.373087325199412
-0.373185425199412
-0.373283525199412
-0.373381625199412
-0.373479725199412
-0.373577825199412
-0.373675925199412
-0.373774025199412
-0.373872125199412
-0.373970225199412
-0.374068325199412
-0.374166425199412
-0.374264525199412
-0.374362625199412
-0.374460725199412
-0.374558825199412
-0.374656925199412
-0.374755025199412
-0.374853125199412
-0.374951225199412
-0.375049325199412
-0.375147425199412
-0.375245525199412
-0.375343625199412
-0.375441725199412
-0.375539825199412
-0.375637925199412
-0.375736025199412
-0.375834125199412
-0.375932225199412
-0.376030325199412
-0.376128425199412
-0.376226525199412
-0.376324625199412
-0.376422725199412
-0.376520825199412
-0.376618925199412
-0.376717025199412
-0.376815125199412
-0.376913225199412
-0.377011325199412
-0.377109425199412
-0.377207525199412
-0.377305625199412
-0.377403725199412
-0.377501825199412
-0.377599925199412
-0.377698025199412
-0.377796125199412
-0.377894225199412
-0.377992325199412
-0.378090425199412
-0.378188525199412
-0.378286625199412
-0.378384725199412
-0.378482825199412
-0.378580925199412
-0.378679025199412
-0.378777125199412
-0.378875225199412
-0.378973325199412
-0.379071425199412
-0.379169525199412
-0.379267625199412
-0.379365725199412
-0.379463825199412
-0.379561925199412
-0.379660025199412
-0.379758125199412
-0.379856225199412
-0.379954325199412
-0.380052425199412
-0.380150525199412
-0.380248625199412
-0.380346725199412
-0.380444825199412
-0.380542925199412
-0.380641025199412
-0.380739125199412
-0.380837225199412
-0.380935325199412
-0.381033425199412
-0.381131525199412
-0.381229625199412
-0.381327725199412
-0.381425825199412
-0.381523925199412
-0.381622025199412
-0.381720125199412
-0.381818225199412
-0.381916325199412
-0.382014425199412
-0.382112525199412
-0.382210625199412
-0.382308725199412
-0.382406825199411
-0.382504925199411
-0.382603025199411
-0.382701125199411
-0.382799225199411
-0.382897325199411
-0.382995425199411
-0.383093525199411
-0.383191625199411
-0.383289725199411
-0.383387825199411
-0.383485925199411
-0.383584025199411
-0.383682125199411
-0.383780225199411
-0.383878325199411
-0.383976425199411
-0.384074525199411
-0.384172625199411
-0.384270725199411
-0.384368825199411
-0.384466925199411
-0.384565025199411
-0.384663125199411
-0.384761225199411
-0.384859325199411
-0.384957425199411
-0.385055525199411
-0.385153625199411
-0.385251725199411
-0.385349825199411
-0.385447925199411
-0.385546025199411
-0.385644125199411
-0.385742225199411
-0.385840325199411
-0.385938425199411
-0.386036525199411
-0.386134625199411
-0.386232725199411
-0.386330825199411
-0.386428925199411
-0.386527025199411
-0.386625125199411
-0.386723225199411
-0.386821325199411
-0.386919425199411
-0.387017525199411
-0.387115625199411
-0.387213725199411
-0.387311825199411
-0.387409925199411
-0.387508025199411
-0.387606125199411
-0.387704225199411
-0.387802325199411
-0.387900425199411
-0.387998525199411
-0.388096625199411
-0.388194725199411
-0.388292825199411
-0.388390925199411
-0.388489025199411
-0.388587125199411
-0.388685225199411
-0.388783325199411
-0.388881425199411
-0.388979525199411
-0.389077625199411
-0.389175725199411
-0.389273825199411
-0.389371925199411
-0.389470025199411
-0.389568125199411
-0.389666225199411
-0.389764325199411
-0.389862425199411
-0.389960525199411
-0.390058625199411
-0.390156725199411
-0.390254825199411
-0.390352925199411
-0.390451025199411
-0.390549125199411
-0.390647225199411
-0.390745325199411
-0.390843425199411
-0.390941525199411
-0.391039625199411
-0.391137725199411
-0.391235825199411
-0.391333925199411
-0.391432025199411
-0.391530125199411
-0.391628225199411
-0.391726325199411
-0.391824425199411
-0.391922525199411
-0.39202062519941
-0.39211872519941
-0.39221682519941
-0.39231492519941
-0.39241302519941
-0.39251112519941
-0.39260922519941
-0.39270732519941
-0.39280542519941
-0.39290352519941
-0.39300162519941
-0.39309972519941
-0.39319782519941
-0.39329592519941
-0.39339402519941
-0.39349212519941
-0.39359022519941
-0.39368832519941
-0.39378642519941
-0.39388452519941
-0.39398262519941
-0.39408072519941
-0.39417882519941
-0.39427692519941
-0.39437502519941
-0.39447312519941
-0.39457122519941
-0.39466932519941
-0.39476742519941
-0.39486552519941
-0.39496362519941
-0.39506172519941
-0.39515982519941
-0.39525792519941
-0.39535602519941
-0.39545412519941
-0.39555222519941
-0.39565032519941
-0.39574842519941
-0.39584652519941
-0.39594462519941
-0.39604272519941
-0.39614082519941
-0.39623892519941
-0.39633702519941
-0.39643512519941
-0.39653322519941
-0.39663132519941
-0.39672942519941
-0.39682752519941
-0.39692562519941
-0.39702372519941
-0.39712182519941
-0.39721992519941
-0.39731802519941
-0.39741612519941
-0.39751422519941
-0.39761232519941
-0.39771042519941
-0.39780852519941
-0.39790662519941
-0.39800472519941
-0.39810282519941
-0.39820092519941
-0.39829902519941
-0.39839712519941
-0.39849522519941
-0.39859332519941
-0.39869142519941
-0.39878952519941
-0.39888762519941
-0.39898572519941
-0.39908382519941
-0.39918192519941
-0.39928002519941
-0.39937812519941
-0.39947622519941
-0.39957432519941
-0.39967242519941
-0.39977052519941
-0.39986862519941
-0.39996672519941
-0.40006482519941
-0.40016292519941
-0.40026102519941
-0.40035912519941
-0.40045722519941
-0.40055532519941
-0.40065342519941
-0.40075152519941
-0.40084962519941
-0.40094772519941
-0.40104582519941
-0.40114392519941
-0.40124202519941
-0.40134012519941
-0.40143822519941
-0.40153632519941
-0.40163442519941
-0.401732525199409
-0.401830625199409
-0.401928725199409
-0.402026825199409
-0.402124925199409
-0.402223025199409
-0.402321125199409
-0.402419225199409
-0.402517325199409
-0.402615425199409
-0.402713525199409
-0.402811625199409
-0.402909725199409
-0.403007825199409
-0.403105925199409
-0.403204025199409
-0.403302125199409
-0.403400225199409
-0.403498325199409
-0.403596425199409
-0.403694525199409
-0.403792625199409
-0.403890725199409
-0.403988825199409
-0.404086925199409
-0.404185025199409
-0.404283125199409
-0.404381225199409
-0.404479325199409
-0.404577425199409
-0.404675525199409
-0.404773625199409
-0.404871725199409
-0.404969825199409
-0.405067925199409
-0.405166025199409
-0.405264125199409
-0.405362225199409
-0.405460325199409
-0.405558425199409
-0.405656525199409
-0.405754625199409
-0.405852725199409
-0.405950825199409
-0.406048925199409
-0.406147025199409
-0.406245125199409
-0.406343225199409
-0.406441325199409
-0.406539425199409
-0.406637525199409
-0.406735625199409
-0.406833725199409
-0.406931825199409
-0.407029925199409
-0.407128025199409
-0.407226125199409
-0.407324225199409
-0.407422325199409
-0.407520425199409
-0.407618525199409
-0.407716625199409
-0.407814725199409
-0.407912825199409
-0.408010925199409
-0.408109025199409
-0.408207125199409
-0.408305225199409
-0.408403325199409
-0.408501425199409
-0.408599525199409
-0.408697625199409
-0.408795725199409
-0.408893825199409
-0.408991925199409
-0.409090025199409
-0.409188125199409
-0.409286225199409
-0.409384325199409
-0.409482425199409
-0.409580525199409
-0.409678625199409
-0.409776725199409
-0.409874825199409
-0.409972925199409
-0.410071025199409
-0.410169125199409
-0.410267225199409
-0.410365325199409
-0.410463425199409
-0.410561525199409
-0.410659625199409
-0.410757725199409
-0.410855825199409
-0.410953925199409
-0.411052025199409
-0.411150125199409
-0.411248225199409
-0.411346325199409
-0.411444425199408
-0.411542525199408
-0.411640625199408
-0.411738725199408
-0.411836825199408
-0.411934925199408
-0.412033025199408
-0.412131125199408
-0.412229225199408
-0.412327325199408
-0.412425425199408
-0.412523525199408
-0.412621625199408
-0.412719725199408
-0.412817825199408
-0.412915925199408
-0.413014025199408
-0.413112125199408
-0.413210225199408
-0.413308325199408
-0.413406425199408
-0.413504525199408
-0.413602625199408
-0.413700725199408
-0.413798825199408
-0.413896925199408
-0.413995025199408
-0.414093125199408
-0.414191225199408
-0.414289325199408
-0.414387425199408
-0.414485525199408
-0.414583625199408
-0.414681725199408
-0.414779825199408
-0.414877925199408
-0.414976025199408
-0.415074125199408
-0.415172225199408
-0.415270325199408
-0.415368425199408
-0.415466525199408
-0.415564625199408
-0.415662725199408
-0.415760825199408
-0.415858925199408
-0.415957025199408
-0.416055125199408
-0.416153225199408
-0.416251325199408
-0.416349425199408
-0.416447525199408
-0.416545625199408
-0.416643725199408
-0.416741825199408
-0.416839925199408
-0.416938025199408
-0.417036125199408
-0.417134225199408
-0.417232325199408
-0.417330425199408
-0.417428525199408
-0.417526625199408
-0.417624725199408
-0.417722825199408
-0.417820925199408
-0.417919025199408
-0.418017125199408
-0.418115225199408
-0.418213325199408
-0.418311425199408
-0.418409525199408
-0.418507625199408
-0.418605725199408
-0.418703825199408
-0.418801925199408
-0.418900025199408
-0.418998125199408
-0.419096225199408
-0.419194325199408
-0.419292425199408
-0.419390525199408
-0.419488625199408
-0.419586725199408
-0.419684825199408
-0.419782925199408
-0.419881025199408
-0.419979125199408
-0.420077225199408
-0.420175325199408
-0.420273425199408
-0.420371525199408
-0.420469625199408
-0.420567725199408
-0.420665825199408
-0.420763925199408
-0.420862025199408
-0.420960125199408
-0.421058225199407
-0.421156325199407
-0.421254425199407
-0.421352525199407
-0.421450625199407
-0.421548725199407
-0.421646825199407
-0.421744925199407
-0.421843025199407
-0.421941125199407
-0.422039225199407
-0.422137325199407
-0.422235425199407
-0.422333525199407
-0.422431625199407
-0.422529725199407
-0.422627825199407
-0.422725925199407
-0.422824025199407
-0.422922125199407
-0.423020225199407
-0.423118325199407
-0.423216425199407
-0.423314525199407
-0.423412625199407
-0.423510725199407
-0.423608825199407
-0.423706925199407
-0.423805025199407
-0.423903125199407
-0.424001225199407
-0.424099325199407
-0.424197425199407
-0.424295525199407
-0.424393625199407
-0.424491725199407
-0.424589825199407
-0.424687925199407
-0.424786025199407
-0.424884125199407
-0.424982225199407
-0.425080325199407
-0.425178425199407
-0.425276525199407
-0.425374625199407
-0.425472725199407
-0.425570825199407
-0.425668925199407
-0.425767025199407
-0.425865125199407
-0.425963225199407
-0.426061325199407
-0.426159425199407
-0.426257525199407
-0.426355625199407
-0.426453725199407
-0.426551825199407
-0.426649925199407
-0.426748025199407
-0.426846125199407
-0.426944225199407
-0.427042325199407
-0.427140425199407
-0.427238525199407
-0.427336625199407
-0.427434725199407
-0.427532825199407
-0.427630925199407
-0.427729025199407
-0.427827125199407
-0.427925225199407
-0.428023325199407
-0.428121425199407
-0.428219525199407
-0.428317625199407
-0.428415725199407
-0.428513825199407
-0.428611925199407
-0.428710025199407
-0.428808125199407
-0.428906225199407
-0.429004325199407
-0.429102425199407
-0.429200525199407
-0.429298625199407
-0.429396725199407
-0.429494825199407
-0.429592925199407
-0.429691025199407
-0.429789125199407
-0.429887225199407
-0.429985325199407
-0.430083425199407
-0.430181525199407
-0.430279625199407
-0.430377725199407
-0.430475825199407
-0.430573925199407
-0.430672025199407
-0.430770125199406
-0.430868225199406
-0.430966325199406
-0.431064425199406
-0.431162525199406
-0.431260625199406
-0.431358725199406
-0.431456825199406
-0.431554925199406
-0.431653025199406
-0.431751125199406
-0.431849225199406
-0.431947325199406
-0.432045425199406
-0.432143525199406
-0.432241625199406
-0.432339725199406
-0.432437825199406
-0.432535925199406
-0.432634025199406
-0.432732125199406
-0.432830225199406
-0.432928325199406
-0.433026425199406
-0.433124525199406
-0.433222625199406
-0.433320725199406
-0.433418825199406
-0.433516925199406
-0.433615025199406
-0.433713125199406
-0.433811225199406
-0.433909325199406
-0.434007425199406
-0.434105525199406
-0.434203625199406
-0.434301725199406
-0.434399825199406
-0.434497925199406
-0.434596025199406
-0.434694125199406
-0.434792225199406
-0.434890325199406
-0.434988425199406
-0.435086525199406
-0.435184625199406
-0.435282725199406
-0.435380825199406
-0.435478925199406
-0.435577025199406
-0.435675125199406
-0.435773225199406
-0.435871325199406
-0.435969425199406
-0.436067525199406
-0.436165625199406
-0.436263725199406
-0.436361825199406
-0.436459925199406
-0.436558025199406
-0.436656125199406
-0.436754225199406
-0.436852325199406
-0.436950425199406
-0.437048525199406
-0.437146625199406
-0.437244725199406
-0.437342825199406
-0.437440925199406
-0.437539025199406
-0.437637125199406
-0.437735225199406
-0.437833325199406
-0.437931425199406
-0.438029525199406
-0.438127625199406
-0.438225725199406
-0.438323825199406
-0.438421925199406
-0.438520025199406
-0.438618125199406
-0.438716225199406
-0.438814325199406
-0.438912425199406
-0.439010525199406
-0.439108625199406
-0.439206725199406
-0.439304825199406
-0.439402925199406
-0.439501025199406
-0.439599125199406
-0.439697225199406
-0.439795325199406
-0.439893425199406
-0.439991525199406
-0.440089625199406
-0.440187725199406
-0.440285825199406
-0.440383925199406
-0.440482025199405
-0.440580125199405
-0.440678225199405
-0.440776325199405
-0.440874425199405
-0.440972525199405
-0.441070625199405
-0.441168725199405
-0.441266825199405
-0.441364925199405
-0.441463025199405
-0.441561125199405
-0.441659225199405
-0.441757325199405
-0.441855425199405
-0.441953525199405
-0.442051625199405
-0.442149725199405
-0.442247825199405
-0.442345925199405
-0.442444025199405
-0.442542125199405
-0.442640225199405
-0.442738325199405
-0.442836425199405
-0.442934525199405
-0.443032625199405
-0.443130725199405
-0.443228825199405
-0.443326925199405
-0.443425025199405
-0.443523125199405
-0.443621225199405
-0.443719325199405
-0.443817425199405
-0.443915525199405
-0.444013625199405
-0.444111725199405
-0.444209825199405
-0.444307925199405
-0.444406025199405
-0.444504125199405
-0.444602225199405
-0.444700325199405
-0.444798425199405
-0.444896525199405
-0.444994625199405
-0.445092725199405
-0.445190825199405
-0.445288925199405
-0.445387025199405
-0.445485125199405
-0.445583225199405
-0.445681325199405
-0.445779425199405
-0.445877525199405
-0.445975625199405
-0.446073725199405
-0.446171825199405
-0.446269925199405
-0.446368025199405
-0.446466125199405
-0.446564225199405
-0.446662325199405
-0.446760425199405
-0.446858525199405
-0.446956625199405
-0.447054725199405
-0.447152825199405
-0.447250925199405
-0.447349025199405
-0.447447125199405
-0.447545225199405
-0.447643325199405
-0.447741425199405
-0.447839525199405
-0.447937625199405
-0.448035725199405
-0.448133825199405
-0.448231925199405
-0.448330025199405
-0.448428125199405
-0.448526225199405
-0.448624325199405
-0.448722425199405
-0.448820525199405
-0.448918625199405
-0.449016725199405
-0.449114825199405
-0.449212925199405
-0.449311025199405
-0.449409125199405
-0.449507225199405
-0.449605325199405
-0.449703425199405
-0.449801525199405
-0.449899625199405
-0.449997725199405
-0.450095825199404
-0.450193925199404
-0.450292025199404
-0.450390125199404
-0.450488225199404
-0.450586325199404
-0.450684425199404
-0.450782525199404
-0.450880625199404
-0.450978725199404
-0.451076825199404
-0.451174925199404
-0.451273025199404
-0.451371125199404
-0.451469225199404
-0.451567325199404
-0.451665425199404
-0.451763525199404
-0.451861625199404
-0.451959725199404
-0.452057825199404
-0.452155925199404
-0.452254025199404
-0.452352125199404
-0.452450225199404
-0.452548325199404
-0.452646425199404
-0.452744525199404
-0.452842625199404
-0.452940725199404
-0.453038825199404
-0.453136925199404
-0.453235025199404
-0.453333125199404
-0.453431225199404
-0.453529325199404
-0.453627425199404
-0.453725525199404
-0.453823625199404
-0.453921725199404
-0.454019825199404
-0.454117925199404
-0.454216025199404
-0.454314125199404
-0.454412225199404
-0.454510325199404
-0.454608425199404
-0.454706525199404
-0.454804625199404
-0.454902725199404
-0.455000825199404
-0.455098925199404
-0.455197025199404
-0.455295125199404
-0.455393225199404
-0.455491325199404
-0.455589425199404
-0.455687525199404
-0.455785625199404
-0.455883725199404
-0.455981825199404
-0.456079925199404
-0.456178025199404
-0.456276125199404
-0.456374225199404
-0.456472325199404
-0.456570425199404
-0.456668525199404
-0.456766625199404
-0.456864725199404
-0.456962825199404
-0.457060925199404
-0.457159025199404
-0.457257125199404
-0.457355225199404
-0.457453325199404
-0.457551425199404
-0.457649525199404
-0.457747625199404
-0.457845725199404
-0.457943825199404
-0.458041925199404
-0.458140025199404
-0.458238125199404
-0.458336225199404
-0.458434325199404
-0.458532425199404
-0.458630525199404
-0.458728625199404
-0.458826725199404
-0.458924825199404
-0.459022925199404
-0.459121025199404
-0.459219125199404
-0.459317225199404
-0.459415325199404
-0.459513425199404
-0.459611525199404
-0.459709625199404
-0.459807725199403
-0.459905825199403
-0.460003925199403
-0.460102025199403
-0.460200125199403
-0.460298225199403
-0.460396325199403
-0.460494425199403
-0.460592525199403
-0.460690625199403
-0.460788725199403
-0.460886825199403
-0.460984925199403
-0.461083025199403
-0.461181125199403
-0.461279225199403
-0.461377325199403
-0.461475425199403
-0.461573525199403
-0.461671625199403
-0.461769725199403
-0.461867825199403
-0.461965925199403
-0.462064025199403
-0.462162125199403
-0.462260225199403
-0.462358325199403
-0.462456425199403
-0.462554525199403
-0.462652625199403
-0.462750725199403
-0.462848825199403
-0.462946925199403
-0.463045025199403
-0.463143125199403
-0.463241225199403
-0.463339325199403
-0.463437425199403
-0.463535525199403
-0.463633625199403
-0.463731725199403
-0.463829825199403
-0.463927925199403
-0.464026025199403
-0.464124125199403
-0.464222225199403
-0.464320325199403
-0.464418425199403
-0.464516525199403
-0.464614625199403
-0.464712725199403
-0.464810825199403
-0.464908925199403
-0.465007025199403
-0.465105125199403
-0.465203225199403
-0.465301325199403
-0.465399425199403
-0.465497525199403
-0.465595625199403
-0.465693725199403
-0.465791825199403
-0.465889925199403
-0.465988025199403
-0.466086125199403
-0.466184225199403
-0.466282325199403
-0.466380425199403
-0.466478525199403
-0.466576625199403
-0.466674725199403
-0.466772825199403
-0.466870925199403
-0.466969025199403
-0.467067125199403
-0.467165225199403
-0.467263325199403
-0.467361425199403
-0.467459525199403
-0.467557625199403
-0.467655725199403
-0.467753825199403
-0.467851925199403
-0.467950025199403
-0.468048125199403
-0.468146225199403
-0.468244325199403
-0.468342425199403
-0.468440525199403
-0.468538625199403
-0.468636725199403
-0.468734825199403
-0.468832925199403
-0.468931025199403
-0.469029125199403
-0.469127225199403
-0.469225325199403
-0.469323425199403
-0.469421525199403
-0.469519625199402
-0.469617725199402
-0.469715825199402
-0.469813925199402
-0.469912025199402
-0.470010125199402
-0.470108225199402
-0.470206325199402
-0.470304425199402
-0.470402525199402
-0.470500625199402
-0.470598725199402
-0.470696825199402
-0.470794925199402
-0.470893025199402
-0.470991125199402
-0.471089225199402
-0.471187325199402
-0.471285425199402
-0.471383525199402
-0.471481625199402
-0.471579725199402
-0.471677825199402
-0.471775925199402
-0.471874025199402
-0.471972125199402
-0.472070225199402
-0.472168325199402
-0.472266425199402
-0.472364525199402
-0.472462625199402
-0.472560725199402
-0.472658825199402
-0.472756925199402
-0.472855025199402
-0.472953125199402
-0.473051225199402
-0.473149325199402
-0.473247425199402
-0.473345525199402
-0.473443625199402
-0.473541725199402
-0.473639825199402
-0.473737925199402
-0.473836025199402
-0.473934125199402
-0.474032225199402
-0.474130325199402
-0.474228425199402
-0.474326525199402
-0.474424625199402
-0.474522725199402
-0.474620825199402
-0.474718925199402
-0.474817025199402
-0.474915125199402
-0.475013225199402
-0.475111325199402
-0.475209425199402
-0.475307525199402
-0.475405625199402
-0.475503725199402
-0.475601825199402
-0.475699925199402
-0.475798025199402
-0.475896125199402
-0.475994225199402
-0.476092325199402
-0.476190425199402
-0.476288525199402
-0.476386625199402
-0.476484725199402
-0.476582825199402
-0.476680925199402
-0.476779025199402
-0.476877125199402
-0.476975225199402
-0.477073325199402
-0.477171425199402
-0.477269525199402
-0.477367625199402
-0.477465725199402
-0.477563825199402
-0.477661925199402
-0.477760025199402
-0.477858125199402
-0.477956225199402
-0.478054325199402
-0.478152425199402
-0.478250525199402
-0.478348625199402
-0.478446725199402
-0.478544825199402
-0.478642925199402
-0.478741025199402
-0.478839125199402
-0.478937225199402
-0.479035325199402
-0.479133425199401
-0.479231525199401
-0.479329625199401
-0.479427725199401
-0.479525825199401
-0.479623925199401
-0.479722025199401
-0.479820125199401
-0.479918225199401
-0.480016325199401
-0.480114425199401
-0.480212525199401
-0.480310625199401
-0.480408725199401
-0.480506825199401
-0.480604925199401
-0.480703025199401
-0.480801125199401
-0.480899225199401
-0.480997325199401
-0.481095425199401
-0.481193525199401
-0.481291625199401
-0.481389725199401
-0.481487825199401
-0.481585925199401
-0.481684025199401
-0.481782125199401
-0.481880225199401
-0.481978325199401
-0.482076425199401
-0.482174525199401
-0.482272625199401
-0.482370725199401
-0.482468825199401
-0.482566925199401
-0.482665025199401
-0.482763125199401
-0.482861225199401
-0.482959325199401
-0.483057425199401
-0.483155525199401
-0.483253625199401
-0.483351725199401
-0.483449825199401
-0.483547925199401
-0.483646025199401
-0.483744125199401
-0.483842225199401
-0.483940325199401
-0.484038425199401
-0.484136525199401
-0.484234625199401
-0.484332725199401
-0.484430825199401
-0.484528925199401
-0.484627025199401
-0.484725125199401
-0.484823225199401
-0.484921325199401
-0.485019425199401
-0.485117525199401
-0.485215625199401
-0.485313725199401
-0.485411825199401
-0.485509925199401
-0.485608025199401
-0.485706125199401
-0.485804225199401
-0.485902325199401
-0.486000425199401
-0.486098525199401
-0.486196625199401
-0.486294725199401
-0.486392825199401
-0.486490925199401
-0.486589025199401
-0.486687125199401
-0.486785225199401
-0.486883325199401
-0.486981425199401
-0.487079525199401
-0.487177625199401
-0.487275725199401
-0.487373825199401
-0.487471925199401
-0.487570025199401
-0.487668125199401
-0.487766225199401
-0.487864325199401
-0.487962425199401
-0.488060525199401
-0.488158625199401
-0.488256725199401
-0.488354825199401
-0.488452925199401
-0.488551025199401
-0.488649125199401
-0.488747225199401
-0.4888453251994
-0.4889434251994
-0.4890415251994
-0.4891396251994
-0.4892377251994
-0.4893358251994
-0.4894339251994
-0.4895320251994
-0.4896301251994
-0.4897282251994
-0.4898263251994
-0.4899244251994
-0.4900225251994
-0.4901206251994
-0.4902187251994
-0.4903168251994
-0.4904149251994
-0.4905130251994
-0.4906111251994
-0.4907092251994
-0.4908073251994
-0.4909054251994
-0.4910035251994
-0.4911016251994
-0.4911997251994
-0.4912978251994
-0.4913959251994
-0.4914940251994
-0.4915921251994
-0.4916902251994
-0.4917883251994
-0.4918864251994
-0.4919845251994
-0.4920826251994
-0.4921807251994
-0.4922788251994
-0.4923769251994
-0.4924750251994
-0.4925731251994
-0.4926712251994
-0.4927693251994
-0.4928674251994
-0.4929655251994
-0.4930636251994
-0.4931617251994
-0.4932598251994
-0.4933579251994
-0.4934560251994
-0.4935541251994
-0.4936522251994
-0.4937503251994
-0.4938484251994
-0.4939465251994
-0.4940446251994
-0.4941427251994
-0.4942408251994
-0.4943389251994
-0.4944370251994
-0.4945351251994
-0.4946332251994
-0.4947313251994
-0.4948294251994
-0.4949275251994
-0.4950256251994
-0.4951237251994
-0.4952218251994
-0.4953199251994
-0.4954180251994
-0.4955161251994
-0.4956142251994
-0.4957123251994
-0.4958104251994
-0.4959085251994
-0.4960066251994
-0.4961047251994
-0.4962028251994
-0.4963009251994
-0.4963990251994
-0.4964971251994
-0.4965952251994
-0.4966933251994
-0.4967914251994
-0.4968895251994
-0.4969876251994
-0.4970857251994
-0.4971838251994
-0.4972819251994
-0.4973800251994
-0.4974781251994
-0.4975762251994
-0.4976743251994
-0.4977724251994
-0.4978705251994
-0.4979686251994
-0.4980667251994
-0.4981648251994
-0.4982629251994
-0.4983610251994
-0.498459125199399
-0.498557225199399
-0.498655325199399
-0.498753425199399
-0.498851525199399
-0.498949625199399
-0.499047725199399
-0.499145825199399
-0.499243925199399
-0.499342025199399
-0.499440125199399
-0.499538225199399
-0.499636325199399
-0.499734425199399
-0.499832525199399
-0.499930625199399
-0.500028725199399
-0.500126825199399
-0.500224925199399
-0.500323025199399
-0.500421125199399
-0.500519225199399
-0.500617325199399
-0.500715425199399
-0.500813525199399
-0.500911625199399
-0.501009725199399
-0.501107825199399
-0.501205925199399
-0.501304025199399
-0.501402125199399
-0.501500225199399
-0.501598325199399
-0.501696425199399
-0.501794525199399
-0.501892625199399
-0.501990725199399
-0.502088825199399
-0.502186925199399
-0.502285025199399
-0.502383125199399
-0.502481225199399
-0.502579325199399
-0.502677425199399
-0.502775525199399
-0.502873625199399
-0.502971725199399
-0.503069825199399
-0.503167925199399
-0.503266025199399
-0.503364125199399
-0.503462225199399
-0.503560325199399
-0.503658425199399
-0.503756525199399
-0.503854625199399
-0.503952725199399
-0.504050825199399
-0.504148925199399
-0.504247025199399
-0.504345125199399
-0.504443225199399
-0.504541325199399
-0.504639425199399
-0.504737525199399
-0.504835625199399
-0.504933725199399
-0.505031825199399
-0.505129925199399
-0.505228025199399
-0.505326125199399
-0.505424225199399
-0.505522325199399
-0.505620425199399
-0.505718525199399
-0.505816625199399
-0.505914725199399
-0.506012825199399
-0.506110925199399
-0.506209025199399
-0.506307125199399
-0.506405225199399
-0.506503325199399
-0.506601425199399
-0.506699525199399
-0.506797625199399
-0.506895725199399
-0.506993825199399
-0.507091925199399
-0.507190025199399
-0.507288125199399
-0.507386225199399
-0.507484325199399
-0.507582425199399
-0.507680525199399
-0.507778625199399
-0.507876725199399
-0.507974825199399
-0.508072925199399
-0.508171025199398
-0.508269125199398
-0.508367225199398
-0.508465325199398
-0.508563425199398
-0.508661525199398
-0.508759625199398
-0.508857725199398
-0.508955825199398
-0.509053925199398
-0.509152025199398
-0.509250125199398
-0.509348225199398
-0.509446325199398
-0.509544425199398
-0.509642525199398
-0.509740625199398
-0.509838725199398
-0.509936825199398
-0.510034925199398
-0.510133025199398
-0.510231125199398
-0.510329225199398
-0.510427325199398
-0.510525425199398
-0.510623525199398
-0.510721625199398
-0.510819725199398
-0.510917825199398
-0.511015925199398
-0.511114025199398
-0.511212125199398
-0.511310225199398
-0.511408325199398
-0.511506425199398
-0.511604525199398
-0.511702625199398
-0.511800725199398
-0.511898825199398
-0.511996925199398
-0.512095025199398
-0.512193125199398
-0.512291225199398
-0.512389325199398
-0.512487425199398
-0.512585525199398
-0.512683625199398
-0.512781725199398
-0.512879825199398
-0.512977925199398
-0.513076025199398
-0.513174125199398
-0.513272225199398
-0.513370325199398
-0.513468425199398
-0.513566525199398
-0.513664625199398
-0.513762725199398
-0.513860825199398
-0.513958925199398
-0.514057025199398
-0.514155125199398
-0.514253225199398
-0.514351325199398
-0.514449425199398
-0.514547525199398
-0.514645625199398
-0.514743725199398
-0.514841825199398
-0.514939925199398
-0.515038025199398
-0.515136125199398
-0.515234225199398
-0.515332325199398
-0.515430425199398
-0.515528525199398
-0.515626625199398
-0.515724725199398
-0.515822825199398
-0.515920925199398
-0.516019025199398
-0.516117125199398
-0.516215225199398
-0.516313325199398
-0.516411425199398
-0.516509525199398
-0.516607625199398
-0.516705725199398
-0.516803825199398
-0.516901925199398
-0.517000025199398
-0.517098125199398
-0.517196225199398
-0.517294325199398
-0.517392425199398
-0.517490525199398
-0.517588625199398
-0.517686725199398
-0.517784825199398
-0.517882925199397
-0.517981025199397
-0.518079125199397
-0.518177225199397
-0.518275325199397
-0.518373425199397
-0.518471525199397
-0.518569625199397
-0.518667725199397
-0.518765825199397
-0.518863925199397
-0.518962025199397
-0.519060125199397
-0.519158225199397
-0.519256325199397
-0.519354425199397
-0.519452525199397
-0.519550625199397
-0.519648725199397
-0.519746825199397
-0.519844925199397
-0.519943025199397
-0.520041125199397
-0.520139225199397
-0.520237325199397
-0.520335425199397
-0.520433525199397
-0.520531625199397
-0.520629725199397
-0.520727825199397
-0.520825925199397
-0.520924025199397
-0.521022125199397
-0.521120225199397
-0.521218325199397
-0.521316425199397
-0.521414525199397
-0.521512625199397
-0.521610725199397
-0.521708825199397
-0.521806925199397
-0.521905025199397
-0.522003125199397
-0.522101225199397
-0.522199325199397
-0.522297425199397
-0.522395525199397
-0.522493625199397
-0.522591725199397
-0.522689825199397
-0.522787925199397
-0.522886025199397
-0.522984125199397
-0.523082225199397
-0.523180325199397
-0.523278425199397
-0.523376525199397
-0.523474625199397
-0.523572725199397
-0.523670825199397
-0.523768925199397
-0.523867025199397
-0.523965125199397
-0.524063225199397
-0.524161325199397
-0.524259425199397
-0.524357525199397
-0.524455625199397
-0.524553725199397
-0.524651825199397
-0.524749925199397
-0.524848025199397
-0.524946125199397
-0.525044225199397
-0.525142325199397
-0.525240425199397
-0.525338525199397
-0.525436625199397
-0.525534725199397
-0.525632825199397
-0.525730925199397
-0.525829025199397
-0.525927125199397
-0.526025225199397
-0.526123325199397
-0.526221425199397
-0.526319525199397
-0.526417625199397
-0.526515725199397
-0.526613825199397
-0.526711925199397
-0.526810025199397
-0.526908125199397
-0.527006225199397
-0.527104325199397
-0.527202425199397
-0.527300525199397
-0.527398625199397
-0.527496725199396
-0.527594825199396
-0.527692925199396
-0.527791025199396
-0.527889125199396
-0.527987225199396
-0.528085325199396
-0.528183425199396
-0.528281525199396
-0.528379625199396
-0.528477725199396
-0.528575825199396
-0.528673925199396
-0.528772025199396
-0.528870125199396
-0.528968225199396
-0.529066325199396
-0.529164425199396
-0.529262525199396
-0.529360625199396
-0.529458725199396
-0.529556825199396
-0.529654925199396
-0.529753025199396
-0.529851125199396
-0.529949225199396
-0.530047325199396
-0.530145425199396
-0.530243525199396
-0.530341625199396
-0.530439725199396
-0.530537825199396
-0.530635925199396
-0.530734025199396
-0.530832125199396
-0.530930225199396
-0.531028325199396
-0.531126425199396
-0.531224525199396
-0.531322625199396
-0.531420725199396
-0.531518825199396
-0.531616925199396
-0.531715025199396
-0.531813125199396
-0.531911225199396
-0.532009325199396
-0.532107425199396
-0.532205525199396
-0.532303625199396
-0.532401725199396
-0.532499825199396
-0.532597925199396
-0.532696025199396
-0.532794125199396
-0.532892225199396
-0.532990325199396
-0.533088425199396
-0.533186525199396
-0.533284625199396
-0.533382725199396
-0.533480825199396
-0.533578925199396
-0.533677025199396
-0.533775125199396
-0.533873225199396
-0.533971325199396
-0.534069425199396
-0.534167525199396
-0.534265625199396
-0.534363725199396
-0.534461825199396
-0.534559925199396
-0.534658025199396
-0.534756125199396
-0.534854225199396
-0.534952325199396
-0.535050425199396
-0.535148525199396
-0.535246625199396
-0.535344725199396
-0.535442825199396
-0.535540925199396
-0.535639025199396
-0.535737125199396
-0.535835225199396
-0.535933325199396
-0.536031425199396
-0.536129525199396
-0.536227625199396
-0.536325725199396
-0.536423825199396
-0.536521925199396
-0.536620025199396
-0.536718125199396
-0.536816225199396
-0.536914325199396
-0.537012425199396
-0.537110525199396
-0.537208625199395
-0.537306725199395
-0.537404825199395
-0.537502925199395
-0.537601025199395
-0.537699125199395
-0.537797225199395
-0.537895325199395
-0.537993425199395
-0.538091525199395
-0.538189625199395
-0.538287725199395
-0.538385825199395
-0.538483925199395
-0.538582025199395
-0.538680125199395
-0.538778225199395
-0.538876325199395
-0.538974425199395
-0.539072525199395
-0.539170625199395
-0.539268725199395
-0.539366825199395
-0.539464925199395
-0.539563025199395
-0.539661125199395
-0.539759225199395
-0.539857325199395
-0.539955425199395
-0.540053525199395
-0.540151625199395
-0.540249725199395
-0.540347825199395
-0.540445925199395
-0.540544025199395
-0.540642125199395
-0.540740225199395
-0.540838325199395
-0.540936425199395
-0.541034525199395
-0.541132625199395
-0.541230725199395
-0.541328825199395
-0.541426925199395
-0.541525025199395
-0.541623125199395
-0.541721225199395
-0.541819325199395
-0.541917425199395
-0.542015525199395
-0.542113625199395
-0.542211725199395
-0.542309825199395
-0.542407925199395
-0.542506025199395
-0.542604125199395
-0.542702225199395
-0.542800325199395
-0.542898425199395
-0.542996525199395
-0.543094625199395
-0.543192725199395
-0.543290825199395
-0.543388925199395
-0.543487025199395
-0.543585125199395
-0.543683225199395
-0.543781325199395
-0.543879425199395
-0.543977525199395
-0.544075625199395
-0.544173725199395
-0.544271825199395
-0.544369925199395
-0.544468025199395
-0.544566125199395
-0.544664225199395
-0.544762325199395
-0.544860425199395
-0.544958525199395
-0.545056625199395
-0.545154725199395
-0.545252825199395
-0.545350925199395
-0.545449025199395
-0.545547125199395
-0.545645225199395
-0.545743325199395
-0.545841425199395
-0.545939525199395
-0.546037625199395
-0.546135725199395
-0.546233825199395
-0.546331925199395
-0.546430025199395
-0.546528125199395
-0.546626225199395
-0.546724325199395
-0.546822425199395
-0.546920525199394
-0.547018625199394
-0.547116725199394
-0.547214825199394
-0.547312925199394
-0.547411025199394
-0.547509125199394
-0.547607225199394
-0.547705325199394
-0.547803425199394
-0.547901525199394
-0.547999625199394
-0.548097725199394
-0.548195825199394
-0.548293925199394
-0.548392025199394
-0.548490125199394
-0.548588225199394
-0.548686325199394
-0.548784425199394
-0.548882525199394
-0.548980625199394
-0.549078725199394
-0.549176825199394
-0.549274925199394
-0.549373025199394
-0.549471125199394
-0.549569225199394
-0.549667325199394
-0.549765425199394
-0.549863525199394
-0.549961625199394
-0.550059725199394
-0.550157825199394
-0.550255925199394
-0.550354025199394
-0.550452125199394
-0.550550225199394
-0.550648325199394
-0.550746425199394
-0.550844525199394
-0.550942625199394
-0.551040725199394
-0.551138825199394
-0.551236925199394
-0.551335025199394
-0.551433125199394
-0.551531225199394
-0.551629325199394
-0.551727425199394
-0.551825525199394
-0.551923625199394
-0.552021725199394
-0.552119825199394
-0.552217925199394
-0.552316025199394
-0.552414125199394
-0.552512225199394
-0.552610325199394
-0.552708425199394
-0.552806525199394
-0.552904625199394
-0.553002725199394
-0.553100825199394
-0.553198925199394
-0.553297025199394
-0.553395125199394
-0.553493225199394
-0.553591325199394
-0.553689425199394
-0.553787525199394
-0.553885625199394
-0.553983725199394
-0.554081825199394
-0.554179925199394
-0.554278025199394
-0.554376125199394
-0.554474225199394
-0.554572325199394
-0.554670425199394
-0.554768525199394
-0.554866625199394
-0.554964725199394
-0.555062825199394
-0.555160925199394
-0.555259025199394
-0.555357125199394
-0.555455225199394
-0.555553325199394
-0.555651425199394
-0.555749525199394
-0.555847625199394
-0.555945725199394
-0.556043825199394
-0.556141925199394
-0.556240025199394
-0.556338125199394
-0.556436225199394
-0.556534325199393
-0.556632425199393
-0.556730525199393
-0.556828625199393
-0.556926725199393
-0.557024825199393
-0.557122925199393
-0.557221025199393
-0.557319125199393
-0.557417225199393
-0.557515325199393
-0.557613425199393
-0.557711525199393
-0.557809625199393
-0.557907725199393
-0.558005825199393
-0.558103925199393
-0.558202025199393
-0.558300125199393
-0.558398225199393
-0.558496325199393
-0.558594425199393
-0.558692525199393
-0.558790625199393
-0.558888725199393
-0.558986825199393
-0.559084925199393
-0.559183025199393
-0.559281125199393
-0.559379225199393
-0.559477325199393
-0.559575425199393
-0.559673525199393
-0.559771625199393
-0.559869725199393
-0.559967825199393
-0.560065925199393
-0.560164025199393
-0.560262125199393
-0.560360225199393
-0.560458325199393
-0.560556425199393
-0.560654525199393
-0.560752625199393
-0.560850725199393
-0.560948825199393
-0.561046925199393
-0.561145025199393
-0.561243125199393
-0.561341225199393
-0.561439325199393
-0.561537425199393
-0.561635525199393
-0.561733625199393
-0.561831725199393
-0.561929825199393
-0.562027925199393
-0.562126025199393
-0.562224125199393
-0.562322225199393
-0.562420325199393
-0.562518425199393
-0.562616525199393
-0.562714625199393
-0.562812725199393
-0.562910825199393
-0.563008925199393
-0.563107025199393
-0.563205125199393
-0.563303225199393
-0.563401325199393
-0.563499425199393
-0.563597525199393
-0.563695625199393
-0.563793725199393
-0.563891825199393
-0.563989925199393
-0.564088025199393
-0.564186125199393
-0.564284225199393
-0.564382325199393
-0.564480425199393
-0.564578525199393
-0.564676625199393
-0.564774725199393
-0.564872825199393
-0.564970925199393
-0.565069025199393
-0.565167125199393
-0.565265225199393
-0.565363325199393
-0.565461425199393
-0.565559525199393
-0.565657625199393
-0.565755725199393
-0.565853825199393
-0.565951925199393
-0.566050025199393
-0.566148125199393
-0.566246225199392
-0.566344325199392
-0.566442425199392
-0.566540525199392
-0.566638625199392
-0.566736725199392
-0.566834825199392
-0.566932925199392
-0.567031025199392
-0.567129125199392
-0.567227225199392
-0.567325325199392
-0.567423425199392
-0.567521525199392
-0.567619625199392
-0.567717725199392
-0.567815825199392
-0.567913925199392
-0.568012025199392
-0.568110125199392
-0.568208225199392
-0.568306325199392
-0.568404425199392
-0.568502525199392
-0.568600625199392
-0.568698725199392
-0.568796825199392
-0.568894925199392
-0.568993025199392
-0.569091125199392
-0.569189225199392
-0.569287325199392
-0.569385425199392
-0.569483525199392
-0.569581625199392
-0.569679725199392
-0.569777825199392
-0.569875925199392
-0.569974025199392
-0.570072125199392
-0.570170225199392
-0.570268325199392
-0.570366425199392
-0.570464525199392
-0.570562625199392
-0.570660725199392
-0.570758825199392
-0.570856925199392
-0.570955025199392
-0.571053125199392
-0.571151225199392
-0.571249325199392
-0.571347425199392
-0.571445525199392
-0.571543625199392
-0.571641725199392
-0.571739825199392
-0.571837925199392
-0.571936025199392
-0.572034125199392
-0.572132225199392
-0.572230325199392
-0.572328425199392
-0.572426525199392
-0.572524625199392
-0.572622725199392
-0.572720825199392
-0.572818925199392
-0.572917025199392
-0.573015125199392
-0.573113225199392
-0.573211325199392
-0.573309425199392
-0.573407525199392
-0.573505625199392
-0.573603725199392
-0.573701825199392
-0.573799925199392
-0.573898025199392
-0.573996125199392
-0.574094225199392
-0.574192325199392
-0.574290425199392
-0.574388525199392
-0.574486625199392
-0.574584725199392
-0.574682825199392
-0.574780925199392
-0.574879025199392
-0.574977125199392
-0.575075225199392
-0.575173325199392
-0.575271425199392
-0.575369525199392
-0.575467625199392
-0.575565725199392
-0.575663825199392
-0.575761925199392
-0.575860025199392
-0.575958125199391
-0.576056225199391
-0.576154325199391
-0.576252425199391
-0.576350525199391
-0.576448625199391
-0.576546725199391
-0.576644825199391
-0.576742925199391
-0.576841025199391
-0.576939125199391
-0.577037225199391
-0.577135325199391
-0.577233425199391
-0.577331525199391
-0.577429625199391
-0.577527725199391
-0.577625825199391
-0.577723925199391
-0.577822025199391
-0.577920125199391
-0.578018225199391
-0.578116325199391
-0.578214425199391
-0.578312525199391
-0.578410625199391
-0.578508725199391
-0.578606825199391
-0.578704925199391
-0.578803025199391
-0.578901125199391
-0.578999225199391
-0.579097325199391
-0.579195425199391
-0.579293525199391
-0.579391625199391
-0.579489725199391
-0.579587825199391
-0.579685925199391
-0.579784025199391
-0.579882125199391
-0.579980225199391
-0.580078325199391
-0.580176425199391
-0.580274525199391
-0.580372625199391
-0.580470725199391
-0.580568825199391
-0.580666925199391
-0.580765025199391
-0.580863125199391
-0.580961225199391
-0.581059325199391
-0.581157425199391
-0.581255525199391
-0.581353625199391
-0.581451725199391
-0.581549825199391
-0.581647925199391
-0.581746025199391
-0.581844125199391
-0.581942225199391
-0.582040325199391
-0.582138425199391
-0.582236525199391
-0.582334625199391
-0.582432725199391
-0.582530825199391
-0.582628925199391
-0.582727025199391
-0.582825125199391
-0.582923225199391
-0.583021325199391
-0.583119425199391
-0.583217525199391
-0.583315625199391
-0.583413725199391
-0.583511825199391
-0.583609925199391
-0.583708025199391
-0.583806125199391
-0.583904225199391
-0.584002325199391
-0.584100425199391
-0.584198525199391
-0.584296625199391
-0.584394725199391
-0.584492825199391
-0.584590925199391
-0.584689025199391
-0.584787125199391
-0.584885225199391
-0.584983325199391
-0.585081425199391
-0.585179525199391
-0.585277625199391
-0.585375725199391
-0.585473825199391
-0.58557192519939
-0.58567002519939
-0.58576812519939
-0.58586622519939
-0.58596432519939
-0.58606242519939
-0.58616052519939
-0.58625862519939
-0.58635672519939
-0.58645482519939
-0.58655292519939
-0.58665102519939
-0.58674912519939
-0.58684722519939
-0.58694532519939
-0.58704342519939
-0.58714152519939
-0.58723962519939
-0.58733772519939
-0.58743582519939
-0.58753392519939
-0.58763202519939
-0.58773012519939
-0.58782822519939
-0.58792632519939
-0.58802442519939
-0.58812252519939
-0.58822062519939
-0.58831872519939
-0.58841682519939
-0.58851492519939
-0.58861302519939
-0.58871112519939
-0.58880922519939
-0.58890732519939
-0.58900542519939
-0.58910352519939
-0.58920162519939
-0.58929972519939
-0.58939782519939
-0.58949592519939
-0.58959402519939
-0.58969212519939
-0.58979022519939
-0.58988832519939
-0.58998642519939
-0.59008452519939
-0.59018262519939
-0.59028072519939
-0.59037882519939
-0.59047692519939
-0.59057502519939
-0.59067312519939
-0.59077122519939
-0.59086932519939
-0.59096742519939
-0.59106552519939
-0.59116362519939
-0.59126172519939
-0.59135982519939
-0.59145792519939
-0.59155602519939
-0.59165412519939
-0.59175222519939
-0.59185032519939
-0.59194842519939
-0.59204652519939
-0.59214462519939
-0.59224272519939
-0.59234082519939
-0.59243892519939
-0.59253702519939
-0.59263512519939
-0.59273322519939
-0.59283132519939
-0.59292942519939
-0.59302752519939
-0.59312562519939
-0.59322372519939
-0.59332182519939
-0.59341992519939
-0.59351802519939
-0.59361612519939
-0.59371422519939
-0.59381232519939
-0.59391042519939
-0.59400852519939
-0.59410662519939
-0.59420472519939
-0.59430282519939
-0.59440092519939
-0.59449902519939
-0.59459712519939
-0.59469522519939
-0.59479332519939
-0.59489142519939
-0.59498952519939
-0.59508762519939
-0.59518572519939
-0.595283825199389
-0.595381925199389
-0.595480025199389
-0.595578125199389
-0.595676225199389
-0.595774325199389
-0.595872425199389
-0.595970525199389
-0.596068625199389
-0.596166725199389
-0.596264825199389
-0.596362925199389
-0.596461025199389
-0.596559125199389
-0.596657225199389
-0.596755325199389
-0.596853425199389
-0.596951525199389
-0.597049625199389
-0.597147725199389
-0.597245825199389
-0.597343925199389
-0.597442025199389
-0.597540125199389
-0.597638225199389
-0.597736325199389
-0.597834425199389
-0.597932525199389
-0.598030625199389
-0.598128725199389
-0.598226825199389
-0.598324925199389
-0.598423025199389
-0.598521125199389
-0.598619225199389
-0.598717325199389
-0.598815425199389
-0.598913525199389
-0.599011625199389
-0.599109725199389
-0.599207825199389
-0.599305925199389
-0.599404025199389
-0.599502125199389
-0.599600225199389
-0.599698325199389
-0.599796425199389
-0.599894525199389
-0.599992625199389
-0.600090725199389
-0.600188825199389
-0.600286925199389
-0.600385025199389
-0.600483125199389
-0.600581225199389
-0.600679325199389
-0.600777425199389
-0.600875525199389
-0.600973625199389
-0.601071725199389
-0.601169825199389
-0.601267925199389
-0.601366025199389
-0.601464125199389
-0.601562225199389
-0.601660325199389
-0.601758425199389
-0.601856525199389
-0.601954625199389
-0.602052725199389
-0.602150825199389
-0.602248925199389
-0.602347025199389
-0.602445125199389
-0.602543225199389
-0.602641325199389
-0.602739425199389
-0.602837525199389
-0.602935625199389
-0.603033725199389
-0.603131825199389
-0.603229925199389
-0.603328025199389
-0.603426125199389
-0.603524225199389
-0.603622325199389
-0.603720425199389
-0.603818525199389
-0.603916625199389
-0.604014725199389
-0.604112825199389
-0.604210925199389
-0.604309025199389
-0.604407125199389
-0.604505225199389
-0.604603325199389
-0.604701425199389
-0.604799525199389
-0.604897625199389
-0.604995725199388
-0.605093825199388
-0.605191925199388
-0.605290025199388
-0.605388125199388
-0.605486225199388
-0.605584325199388
-0.605682425199388
-0.605780525199388
-0.605878625199388
-0.605976725199388
-0.606074825199388
-0.606172925199388
-0.606271025199388
-0.606369125199388
-0.606467225199388
-0.606565325199388
-0.606663425199388
-0.606761525199388
-0.606859625199388
-0.606957725199388
-0.607055825199388
-0.607153925199388
-0.607252025199388
-0.607350125199388
-0.607448225199388
-0.607546325199388
-0.607644425199388
-0.607742525199388
-0.607840625199388
-0.607938725199388
-0.608036825199388
-0.608134925199388
-0.608233025199388
-0.608331125199388
-0.608429225199388
-0.608527325199388
-0.608625425199388
-0.608723525199388
-0.608821625199388
-0.608919725199388
-0.609017825199388
-0.609115925199388
-0.609214025199388
-0.609312125199388
-0.609410225199388
-0.609508325199388
-0.609606425199388
-0.609704525199388
-0.609802625199388
-0.609900725199388
-0.609998825199388
-0.610096925199388
-0.610195025199388
-0.610293125199388
-0.610391225199388
-0.610489325199388
-0.610587425199388
-0.610685525199388
-0.610783625199388
-0.610881725199388
