0.348650560353399
0.348666136732185
0.348681705070502
0.348697265365249
0.34871281761635
0.348728361823729
0.34874389798731
0.348759426107017
0.348774946182775
0.348790458214506
0.348805962202136
0.348821458145588
0.348836946044786
0.348852425899655
0.348867897710117
0.348883361476099
0.348898817197523
0.348914264874314
0.348929704506396
0.348945136093693
0.348960559636129
0.348975975133628
0.348991382586116
0.349006781993515
0.349022173355749
0.349037556672745
0.349052931944424
0.349068299170713
0.349083658351534
0.349099009486813
0.349114352576473
0.349129687620439
0.349145014618635
0.349160333570986
0.349175644477415
0.349190947337848
0.349206242152208
0.34922152892042
0.349236807642408
0.349252078318098
0.349267340947412
0.349282595530276
0.349297842066614
0.349313080556351
0.34932831099941
0.349343533395717
0.349358747745196
0.349373954047771
0.349389152303368
0.349404342511909
0.349419524673321
0.349434698787528
0.349449864854454
0.349465022874023
0.349480172846161
0.349495314770792
0.349510448647841
0.349525574477231
0.349540692258889
0.349555801992739
0.349570903678704
0.349585997316711
0.349601082906684
0.349616160448546
0.349631229942224
0.349646291387642
0.349661344784725
0.349676390133397
0.349691427433583
0.349706456685209
0.349721477888198
0.349736491042476
0.349751496147967
0.349766493204597
0.34978148221229
0.349796463170972
0.349811436080566
0.349826400940998
0.349841357752194
0.349856306514077
0.349871247226573
0.349886179889606
0.349901104503103
0.349916021066987
0.349930929581183
0.349945830045618
0.349960722460215
0.349975606824901
0.349990483139599
0.350005351404235
0.350020211618734
0.350035063783021
0.350049907897022
0.350064743960662
0.350079571973864
0.350094391936556
0.350109203848662
0.350124007710106
0.350138803520815
0.350153591280713
0.350168370989727
0.35018314264778
0.350197906254799
0.350212661810708
0.350227409315433
0.350242148768899
0.350256880171032
0.350271603521756
0.350286318820998
0.350301026068682
0.350315725264734
0.350330416409079
0.350345099501643
0.350359774542351
0.350374441531129
0.350389100467901
0.350403751352594
0.350418394185133
0.350433028965443
0.35044765569345
0.35046227436908
0.350476884992257
0.350491487562908
0.350506082080959
0.350520668546333
0.350535246958958
0.350549817318759
0.350564379625661
0.35057893387959
0.350593480080472
0.350608018228233
0.350622548322797
0.350637070364091
0.350651584352041
0.350666090286572
0.35068058816761
0.35069507799508
0.350709559768909
0.350724033489023
0.350738499155346
0.350752956767805
0.350767406326326
0.350781847830834
0.350796281281255
0.350810706677516
0.350825124019543
0.35083953330726
0.350853934540594
0.35086832771947
0.350882712843816
0.350897089913556
0.350911458928618
0.350925819888926
0.350940172794406
0.350954517644986
0.35096885444059
0.350983183181145
0.350997503866577
0.351011816496812
0.351026121071776
0.351040417591395
0.351054706055596
0.351068986464304
0.351083258817446
0.351097523114948
0.351111779356735
0.351126027542735
0.351140267672873
0.351154499747076
0.351168723765269
0.35118293972738
0.351197147633335
0.351211347483059
0.351225539276479
0.351239723013521
0.351253898694112
0.351268066318179
0.351282225885646
0.351296377396442
0.351310520850492
0.351324656247722
0.35133878358806
0.351352902871431
0.351367014097762
0.35138111726698
0.351395212379011
0.351409299433781
0.351423378431217
0.351437449371246
0.351451512253794
0.351465567078787
0.351479613846153
0.351493652555818
0.351507683207708
0.351521705801751
0.351535720337872
0.351549726815999
0.351563725236059
0.351577715597977
0.35159169790168
0.351605672147096
0.351619638334151
0.351633596462772
0.351647546532886
0.351661488544419
0.351675422497299
0.351689348391451
0.351703266226803
0.351717176003283
0.351731077720816
0.351744971379329
0.35175885697875
0.351772734519006
0.351786604000022
0.351800465421728
0.351814318784048
0.351828164086911
0.351842001330243
0.351855830513972
0.351869651638023
0.351883464702326
0.351897269706806
0.35191106665139
0.351924855536006
0.351938636360581
0.351952409125042
0.351966173829316
0.35197993047333
0.351993679057012
0.352007419580288
0.352021152043087
0.352034876445334
0.352048592786958
0.352062301067886
0.352076001288045
0.352089693447361
0.352103377545764
0.352117053583179
0.352130721559535
0.352144381474759
0.352158033328777
0.352171677121518
0.352185312852909
0.352198940522877
0.35221256013135
0.352226171678255
0.35223977516352
0.352253370587072
0.352266957948839
0.352280537248749
0.352294108486728
0.352307671662704
0.352321226776606
0.35233477382836
0.352348312817895
0.352361843745137
0.352375366610015
0.352388881412456
0.352402388152388
0.352415886829739
0.352429377444436
0.352442859996407
0.35245633448558
0.352469800911883
0.352483259275243
0.352496709575589
0.352510151812847
0.352523585986947
0.352537012097815
0.35255043014538
0.35256384012957
0.352577242050312
0.352590635907535
0.352604021701166
0.352617399431133
0.352630769097364
0.352644130699788
0.352657484238333
0.352670829712925
0.352684167123495
0.352697496469968
0.352710817752275
0.352724130970342
0.352737436124098
0.352750733213471
0.352764022238389
0.35277730319878
0.352790576094573
0.352803840925696
0.352817097692076
0.352830346393643
0.352843587030325
0.352856819602049
0.352870044108744
0.352883260550339
0.352896468926761
0.35290966923794
0.352922861483803
0.352936045664279
0.352949221779296
0.352962389828783
0.352975549812667
0.352988701730879
0.353001845583345
0.353014981369995
0.353028109090758
0.353041228745561
0.353054340334333
0.353067443857003
0.353080539313499
0.35309362670375
0.353106706027684
0.353119777285231
0.353132840476319
0.353145895600876
0.353158942658832
0.353171981650114
0.353185012574652
0.353198035432375
0.353211050223211
0.353224056947089
0.353237055603938
0.353250046193686
0.353263028716263
0.353276003171597
0.353288969559617
0.353301927880253
0.353314878133432
0.353327820319085
0.353340754437139
0.353353680487525
0.35336659847017
0.353379508385004
0.353392410231956
0.353405304010955
0.35341818972193
0.35343106736481
0.353443936939525
0.353456798446003
0.353469651884173
0.353482497253965
0.353495334555307
0.35350816378813
0.353520984952362
0.353533798047932
0.35354660307477
0.353559400032805
0.353572188921967
0.353584969742184
0.353597742493385
0.353610507175501
0.353623263788461
0.353636012332194
0.353648752806629
0.353661485211696
0.353674209547324
0.353686925813443
0.353699634009982
0.353712334136871
0.353725026194038
0.353737710181415
0.35375038609893
0.353763053946513
0.353775713724093
0.353788365431601
0.353801009068965
0.353813644636115
0.353826272132982
0.353838891559494
0.353851502915581
0.353864106201174
0.353876701416202
0.353889288560594
0.353901867634281
0.353914438637192
0.353927001569257
0.353939556430406
0.353952103220569
0.353964641939675
0.353977172587655
0.353989695164438
0.354002209669955
0.354014716104135
0.354027214466909
0.354039704758206
0.354052186977956
0.35406466112609
0.354077127202537
0.354089585207227
0.354102035140092
0.35411447700106
0.354126910790062
0.354139336507028
0.354151754151888
0.354164163724572
0.354176565225012
0.354188958653136
0.354201344008875
0.354213721292159
0.35422609050292
0.354238451641086
0.354250804706589
0.354263149699358
0.354275486619324
0.354287815466418
0.35430013624057
0.35431244894171
0.354324753569768
0.354337050124676
0.354349338606364
0.354361619014762
0.354373891349801
0.354386155611411
0.354398411799523
0.354410659914067
0.354422899954974
0.354435131922176
0.354447355815601
0.354459571635182
0.354471779380848
0.354483979052531
0.354496170650161
0.354508354173669
0.354520529622986
0.354532696998042
0.354544856298769
0.354557007525097
0.354569150676957
0.354581285754279
0.354593412756996
0.354605531685037
0.354617642538334
0.354629745316818
0.354641840020419
0.354653926649069
0.354666005202699
0.354678075681239
0.354690138084621
0.354702192412776
0.354714238665635
0.354726276843128
0.354738306945188
0.354750328971746
0.354762342922732
0.354774348798077
0.354786346597714
0.354798336321573
0.354810317969586
0.354822291541683
0.354834257037796
0.354846214457857
0.354858163801797
0.354870105069547
0.354882038261038
0.354893963376203
0.354905880414971
0.354917789377276
0.354929690263048
0.354941583072219
0.35495346780472
0.354965344460483
0.35497721303944
0.354989073541522
0.35500092596666
0.355012770314787
0.355024606585834
0.355036434779732
0.355048254896414
0.355060066935811
0.355071870897855
0.355083666782476
0.355095454589609
0.355107234319183
0.355119005971132
0.355130769545386
0.355142525041877
0.355154272460539
0.355166011801301
0.355177743064097
0.355189466248858
0.355201181355517
0.355212888384004
0.355224587334253
0.355236278206195
0.355247960999763
0.355259635714888
0.355271302351502
0.355282960909538
0.355294611388928
0.355306253789604
0.355317888111498
0.355329514354542
0.355341132518669
0.35535274260381
0.355364344609899
0.355375938536867
0.355387524384647
0.35539910215317
0.35541067184237
0.355422233452179
0.355433786982529
0.355445332433352
0.355456869804582
0.35546839909615
0.355479920307989
0.355491433440032
0.35550293849221
0.355514435464458
0.355525924356706
0.355537405168888
0.355548877900937
0.355560342552784
0.355571799124364
0.355583247615608
0.355594688026449
0.355606120356819
0.355617544606653
0.355628960775882
0.355640368864438
0.355651768872256
0.355663160799268
0.355674544645407
0.355685920410605
0.355697288094796
0.355708647697912
0.355719999219886
0.355731342660652
0.355742678020143
0.35575400529829
0.355765324495029
0.35577663561029
0.355787938644009
0.355799233596117
0.355810520466549
0.355821799255236
0.355833069962113
0.355844332587111
0.355855587130166
0.35586683359121
0.355878071970176
0.355889302266997
0.355900524481607
0.355911738613939
0.355922944663927
0.355934142631504
0.355945332516603
0.355956514319158
0.355967688039102
0.355978853676369
0.355990011230892
0.356001160702605
0.356012302091441
0.356023435397334
0.356034560620217
0.356045677760025
0.35605678681669
0.356067887790146
0.356078980680328
0.356090065487168
0.356101142210601
0.356112210850561
0.35612327140698
0.356134323879793
0.356145368268934
0.356156404574336
0.356167432795934
0.356178452933661
0.356189464987451
0.356200468957239
0.356211464842957
0.356222452644541
0.356233432361924
0.35624440399504
0.356255367543824
0.356266323008208
0.356277270388128
0.356288209683518
0.356299140894311
0.356310064020442
0.356320979061846
0.356331886018455
0.356342784890205
0.356353675677031
0.356364558378865
0.356375432995643
0.356386299527298
0.356397157973766
0.35640800833498
0.356418850610876
0.356429684801386
0.356440510906447
0.356451328925992
0.356462138859956
0.356472940708273
0.356483734470878
0.356494520147706
0.356505297738691
0.356516067243768
0.356526828662871
0.356537581995936
0.356548327242896
0.356559064403687
0.356569793478243
0.356580514466499
0.356591227368391
0.356601932183852
0.356612628912817
0.356623317555222
0.356633998111002
0.35664467058009
0.356655334962423
0.356665991257935
0.356676639466561
0.356687279588236
0.356697911622896
0.356708535570475
0.356719151430908
0.356729759204131
0.356740358890078
0.356750950488685
0.356761533999888
0.35677210942362
0.356782676759818
0.356793236008417
0.356803787169352
0.356814330242558
0.35682486522797
0.356835392125525
0.356845910935157
0.356856421656802
0.356866924290395
0.356877418835872
0.356887905293168
0.356898383662219
0.35690885394296
0.356919316135327
0.356929770239255
0.356940216254681
0.356950654181538
0.356961084019765
0.356971505769295
0.356981919430065
0.35699232500201
0.357002722485066
0.35701311187917
0.357023493184256
0.35703386640026
0.35704423152712
0.357054588564769
0.357064937513145
0.357075278372183
0.357085611141819
0.35709593582199
0.35710625241263
0.357116560913677
0.357126861325066
0.357137153646733
0.357147437878615
0.357157714020648
0.357167982072767
0.357178242034909
0.35718849390701
0.357198737689007
0.357208973380835
0.357219200982431
0.357229420493732
0.357239631914673
0.357249835245191
0.357260030485223
0.357270217634704
0.357280396693572
0.357290567661762
0.357300730539211
0.357310885325856
0.357321032021634
0.35733117062648
0.357341301140332
0.357351423563126
0.357361537894798
0.357371644135286
0.357381742284526
0.357391832342454
0.357401914309009
0.357411988184125
0.357422053967741
0.357432111659793
0.357442161260218
0.357452202768952
0.357462236185933
0.357472261511098
0.357482278744383
0.357492287885725
0.357502288935063
0.357512281892331
0.357522266757469
0.357532243530412
0.357542212211098
0.357552172799464
0.357562125295447
0.357572069698984
0.357582006010013
0.357591934228471
0.357601854354295
0.357611766387423
0.357621670327791
0.357631566175337
0.357641453929999
0.357651333591713
0.357661205160418
0.357671068636051
0.357680924018549
0.35769077130785
0.357700610503891
0.35771044160661
0.357720264615945
0.357730079531833
0.357739886354211
0.357749685083018
0.357759475718191
0.357769258259667
0.357779032707386
0.357788799061284
0.357798557321299
0.357808307487369
0.357818049559432
0.357827783537426
0.357837509421289
0.357847227210958
0.357856936906371
0.357866638507468
0.357876332014185
0.357886017426461
0.357895694744233
0.357905363967441
0.357915025096021
0.357924678129913
0.357934323069054
0.357943959913383
0.357953588662837
0.357963209317356
0.357972821876877
0.357982426341338
0.357992022710679
0.358001610984837
0.358011191163751
0.358020763247359
0.3580303272356
0.358039883128413
0.358049430925735
0.358058970627505
0.358068502233662
0.358078025744144
0.358087541158891
0.35809704847784
0.358106547700931
0.358116038828102
0.358125521859291
0.358134996794438
0.358144463633482
0.358153922376361
0.358163373023014
0.358172815573379
0.358182250027397
0.358191676385005
0.358201094646143
0.35821050481075
0.358219906878765
0.358229300850126
0.358238686724773
0.358248064502645
0.358257434183681
0.35826679576782
0.358276149255002
0.358285494645165
0.358294831938249
0.358304161134193
0.358313482232936
0.358322795234419
0.358332100138579
0.358341396945357
0.358350685654691
0.358359966266522
0.358369238780788
0.35837850319743
0.358387759516386
0.358397007737597
0.358406247861002
0.35841547988654
0.358424703814151
0.358433919643775
0.358443127375351
0.358452327008819
0.35846151854412
0.358470701981192
0.358479877319975
0.35848904456041
0.358498203702436
0.358507354745993
0.358516497691021
0.35852563253746
0.35853475928525
0.358543877934331
0.358552988484642
0.358562090936125
0.358571185288718
0.358580271542363
0.358589349697
0.358598419752567
0.358607481709007
0.358616535566258
0.358625581324262
0.358634618982958
0.358643648542287
0.358652670002189
0.358661683362605
0.358670688623474
0.358679685784738
0.358688674846337
0.358697655808212
0.358706628670302
0.358715593432548
0.358724550094892
0.358733498657273
0.358742439119633
0.358751371481911
0.35876029574405
0.358769211905988
0.358778119967668
0.35878701992903
0.358795911790014
0.358804795550562
0.358813671210614
0.358822538770112
0.358831398228996
0.358840249587207
0.358849092844687
0.358857928001376
0.358866755057215
0.358875574012145
0.358884384866108
0.358893187619045
0.358901982270897
0.358910768821604
0.358919547271109
0.358928317619353
0.358937079866276
0.35894583401182
0.358954580055927
0.358963317998538
0.358972047839594
0.358980769579037
0.358989483216808
0.358998188752848
0.3590068861871
0.359015575519505
0.359024256750004
0.359032929878539
0.359041594905051
0.359050251829483
0.359058900651776
0.359067541371872
0.359076173989712
0.359084798505239
0.359093414918394
0.359102023229118
0.359110623437355
0.359119215543046
0.359127799546132
0.359136375446557
0.359144943244261
0.359153502939186
0.359162054531276
0.359170598020472
0.359179133406716
0.35918766068995
0.359196179870117
0.359204690947158
0.359213193921016
0.359221688791634
0.359230175558954
0.359238654222917
0.359247124783466
0.359255587240545
0.359264041594094
0.359272487844057
0.359280925990376
0.359289356032994
0.359297777971853
0.359306191806896
0.359314597538066
0.359322995165305
0.359331384688555
0.35933976610776
0.359348139422862
0.359356504633805
0.35936486174053
0.359373210742981
0.3593815516411
0.359389884434831
0.359398209124116
0.359406525708899
0.359414834189122
0.359423134564729
0.359431426835662
0.359439711001865
0.35944798706328
0.359456255019851
0.359464514871522
0.359472766618234
0.359481010259932
0.359489245796559
0.359497473228058
0.359505692554372
0.359513903775445
0.359522106891221
0.359530301901642
0.359538488806652
0.359546667606195
0.359554838300214
0.359563000888653
0.359571155371455
0.359579301748564
0.359587440019923
0.359595570185477
0.359603692245169
0.359611806198943
0.359619912046742
0.359628009788511
0.359636099424193
0.359644180953732
0.359652254377072
0.359660319694157
0.359668376904931
0.359676426009338
0.359684467007322
0.359692499898827
0.359700524683797
0.359708541362176
0.35971654993391
0.35972455039894
0.359732542757213
0.359740527008672
0.359748503153261
0.359756471190926
0.359764431121609
0.359772382945256
0.359780326661811
0.359788262271219
0.359796189773423
0.35980410916837
0.359812020456002
0.359819923636265
0.359827818709103
0.359835705674461
0.359843584532284
0.359851455282516
0.359859317925102
0.359867172459987
0.359875018887116
0.359882857206433
0.359890687417884
0.359898509521413
0.359906323516965
0.359914129404486
0.35992192718392
0.359929716855212
0.359937498418308
0.359945271873153
0.359953037219691
0.359960794457868
0.359968543587629
0.359976284608919
0.359984017521684
0.359991742325869
0.359999459021419
0.36000716760828
0.360014868086397
0.360022560455716
0.360030244716181
0.36003792086774
0.360045588910336
0.360053248843915
0.360060900668424
0.360068544383808
0.360076179990013
0.360083807486983
0.360091426874666
0.360099038153007
0.360106641321951
0.360114236381444
0.360121823331433
0.360129402171863
0.360136972902681
0.360144535523831
0.360152090035261
0.360159636436916
0.360167174728742
0.360174704910686
0.360182226982693
0.36018974094471
0.360197246796683
0.360204744538558
0.360212234170282
0.360219715691801
0.360227189103061
0.360234654404008
0.360242111594589
0.360249560674751
0.360257001644439
0.360264434503602
0.360271859252184
0.360279275890132
0.360286684417394
0.360294084833916
0.360301477139644
0.360308861334526
0.360316237418507
0.360323605391536
0.360330965253558
0.36033831700452
0.36034566064437
0.360352996173055
0.360360323590521
0.360367642896715
0.360374954091584
0.360382257175076
0.360389552147137
0.360396839007716
0.360404117756758
0.360411388394211
0.360418650920022
0.360425905334139
0.360433151636508
0.360440389827078
0.360447619905796
0.360454841872609
0.360462055727464
0.360469261470309
0.360476459101091
0.360483648619759
0.360490830026259
0.360498003320539
0.360505168502548
0.360512325572232
0.360519474529539
0.360526615374417
0.360533748106815
0.360540872726679
0.360547989233958
0.360555097628599
0.36056219791055
0.360569290079761
0.360576374136177
0.360583450079748
0.360590517910422
0.360597577628146
0.360604629232869
0.360611672724539
0.360618708103104
0.360625735368513
0.360632754520713
0.360639765559654
0.360646768485283
0.360653763297549
0.3606607499964
0.360667728581786
0.360674699053653
0.360681661411951
0.360688615656629
0.360695561787635
0.360702499804917
0.360709429708425
0.360716351498107
0.360723265173912
0.360730170735788
0.360737068183685
0.360743957517551
0.360750838737336
0.360757711842988
0.360764576834456
0.360771433711688
0.360778282474636
0.360785123123246
0.360791955657469
0.360798780077253
0.360805596382549
0.360812404573304
0.360819204649468
0.360825996610991
0.360832780457821
0.360839556189909
0.360846323807204
0.360853083309655
0.360859834697211
0.360866577969822
0.360873313127438
0.360880040170008
0.360886759097481
0.360893469909809
0.360900172606939
0.360906867188823
0.360913553655409
0.360920232006647
0.360926902242489
0.360933564362882
0.360940218367777
0.360946864257125
0.360953502030874
0.360960131688976
0.36096675323138
0.360973366658036
0.360979971968894
0.360986569163906
0.36099315824302
0.360999739206187
0.361006312053357
0.361012876784481
0.36101943339951
0.361025981898392
0.36103252228108
0.361039054547522
0.361045578697671
0.361052094731476
0.361058602648889
0.361065102449858
0.361071594134336
0.361078077702273
0.36108455315362
0.361091020488327
0.361097479706345
0.361103930807626
0.361110373792119
0.361116808659777
0.361123235410549
0.361129654044387
0.361136064561242
0.361142466961065
0.361148861243807
0.36115524740942
0.361161625457853
0.36116799538906
0.36117435720299
0.361180710899596
0.361187056478828
0.361193393940638
0.361199723284977
0.361206044511797
0.361212357621049
0.361218662612685
0.361224959486657
0.361231248242915
0.361237528881412
0.361243801402099
0.361250065804928
0.361256322089851
0.361262570256819
0.361268810305785
0.3612750422367
0.361281266049516
0.361287481744185
0.361293689320659
0.361299888778891
0.361306080118831
0.361312263340432
0.361318438443648
0.361324605428428
0.361330764294726
0.361336915042494
0.361343057671685
0.36134919218225
0.361355318574142
0.361361436847313
0.361367547001717
0.361373649037304
0.361379742954029
0.361385828751843
0.361391906430699
0.361397975990549
0.361404037431347
0.361410090753045
0.361416135955596
0.361422173038952
0.361428202003067
0.361434222847893
0.361440235573383
0.36144624017949
0.361452236666168
0.361458225033369
0.361464205281046
0.361470177409152
0.361476141417641
0.361482097306466
0.361488045075579
0.361493984724935
0.361499916254486
0.361505839664186
0.361511754953988
0.361517662123846
0.361523561173713
0.361529452103542
0.361535334913288
0.361541209602903
0.361547076172342
0.361552934621558
0.361558784950504
0.361564627159135
0.361570461247404
0.361576287215265
0.361582105062672
0.361587914789579
0.361593716395939
0.361599509881707
0.361605295246837
0.361611072491283
0.361616841614999
0.361622602617938
0.361628355500056
0.361634100261306
0.361639836901643
0.361645565421021
0.361651285819395
0.361656998096717
0.361662702252944
0.36166839828803
0.361674086201929
0.361679765994595
0.361685437665983
0.361691101216049
0.361696756644745
0.361702403952028
0.361708043137852
0.361713674202171
0.361719297144941
0.361724911966117
0.361730518665652
0.361736117243503
0.361741707699624
0.361747290033971
0.361752864246497
0.361758430337159
0.361763988305912
0.36176953815271
0.36177507987751
0.361780613480265
0.361786138960932
0.361791656319466
0.361797165555823
0.361802666669957
0.361808159661824
0.36181364453138
0.361819121278581
0.361824589903381
0.361830050405737
0.361835502785604
0.361840947042938
0.361846383177694
0.361851811189829
0.361857231079299
0.361862642846059
0.361868046490065
0.361873442011273
0.361878829409639
0.36188420868512
0.361889579837671
0.361894942867248
0.361900297773807
0.361905644557306
0.3619109832177
0.361916313754945
0.361921636168998
0.361926950459815
0.361932256627353
0.361937554671567
0.361942844592415
0.361948126389854
0.361953400063839
0.361958665614327
0.361963923041275
0.36196917234464
0.361974413524379
0.361979646580447
0.361984871512803
0.361990088321403
0.361995297006204
0.362000497567163
0.362005690004237
0.362010874317383
0.362016050506558
0.362021218571719
0.362026378512824
0.36203153032983
0.362036674022693
0.362041809591372
0.362046937035823
0.362052056356004
0.362057167551873
0.362062270623387
0.362067365570503
0.362072452393179
0.362077531091373
0.362082601665042
0.362087664114144
0.362092718438637
0.362097764638479
0.362102802713626
0.362107832664038
0.362112854489672
0.362117868190487
0.362122873766439
0.362127871217488
0.36213286054359
0.362137841744705
0.362142814820791
0.362147779771805
0.362152736597706
0.362157685298452
0.362162625874002
0.362167558324314
0.362172482649347
0.362177398849058
0.362182306923407
0.362187206872351
0.362192098695851
0.362196982393863
0.362201857966348
0.362206725413263
0.362211584734567
0.36221643593022
0.362221279000179
0.362226113944405
0.362230940762855
0.36223575945549
0.362240570022268
0.362245372463147
0.362250166778088
0.362254952967049
0.36225973102999
0.36226450096687
0.362269262777647
0.362274016462283
0.362278762020735
0.362283499452963
0.362288228758927
0.362292949938587
0.362297662991901
0.36230236791883
0.362307064719333
0.36231175339337
0.3623164339409
0.362321106361884
0.362325770656281
0.362330426824051
0.362335074865154
0.36233971477955
0.362344346567199
0.362348970228061
0.362353585762096
0.362358193169264
0.362362792449526
0.362367383602842
0.362371966629171
0.362376541528475
0.362381108300713
0.362385666945847
0.362390217463836
0.362394759854641
0.362399294118222
0.362403820254541
0.362408338263558
0.362412848145233
0.362417349899527
0.362421843526402
0.362426329025817
0.362430806397734
0.362435275642113
0.362439736758916
0.362444189748103
0.362448634609636
0.362453071343476
0.362457499949583
0.362461920427919
0.362466332778446
0.362470737001124
0.362475133095915
0.36247952106278
0.36248390090168
0.362488272612578
0.362492636195433
0.36249699165021
0.362501338976867
0.362505678175368
0.362510009245674
0.362514332187747
0.362518647001548
0.362522953687039
0.362527252244182
0.36253154267294
0.362535824973273
0.362540099145145
0.362544365188516
0.36254862310335
0.362552872889608
0.362557114547253
0.362561348076246
0.36256557347655
0.362569790748127
0.362573999890941
0.362578200904952
0.362582393790124
0.362586578546419
0.3625907551738
0.362594923672228
0.362599084041668
0.362603236282082
0.362607380393431
0.36261151637568
0.362615644228791
0.362619763952727
0.36262387554745
0.362627979012924
0.362632074349112
0.362636161555977
0.362640240633482
0.36264431158159
0.362648374400265
0.362652429089469
0.362656475649166
0.362660514079319
0.362664544379892
0.362668566550848
0.362672580592151
0.362676586503764
0.36268058428565
0.362684573937774
0.362688555460099
0.362692528852589
0.362696494115208
0.362700451247918
0.362704400250686
0.362708341123473
0.362712273866245
0.362716198478965
0.362720114961597
0.362724023314105
0.362727923536454
0.362731815628608
0.36273569959053
0.362739575422186
0.36274344312354
0.362747302694555
0.362751154135198
0.362754997445431
0.362758832625219
0.362762659674528
0.362766478593322
0.362770289381565
0.362774092039222
0.362777886566258
0.362781672962638
0.362785451228326
0.362789221363289
0.36279298336749
0.362796737240894
0.362800482983467
0.362804220595174
0.362807950075979
0.362811671425849
0.362815384644748
0.362819089732643
0.362822786689497
0.362826475515277
0.362830156209948
0.362833828773475
0.362837493205824
0.362841149506961
0.362844797676851
0.362848437715461
0.362852069622755
0.362855693398699
0.36285930904326
0.362862916556404
0.362866515938096
0.362870107188302
0.362873690306988
0.362877265294121
0.362880832149666
0.362884390873591
0.36288794146586
0.36289148392644
0.362895018255299
0.362898544452401
0.362902062517713
0.362905572451203
0.362909074252837
0.36291256792258
0.3629160534604
0.362919530866264
0.362923000140138
0.362926461281988
0.362929914291783
0.362933359169488
0.362936795915071
0.362940224528499
0.362943645009738
0.362947057358756
0.362950461575519
0.362953857659997
0.362957245612154
0.362960625431959
0.362963997119379
0.362967360674381
0.362970716096933
0.362974063387002
0.362977402544556
0.362980733569563
0.362984056461989
0.362987371221803
0.362990677848973
0.362993976343466
0.36299726670525
0.363000548934293
0.363003823030563
0.363007088994028
0.363010346824656
0.363013596522415
0.363016838087273
0.363020071519199
0.36302329681816
0.363026513984125
0.363029723017063
0.363032923916941
0.363036116683728
0.363039301317393
0.363042477817904
0.36304564618523
0.36304880641934
0.363051958520202
0.363055102487784
0.363058238322057
0.363061366022988
0.363064485590546
0.363067597024701
0.363070700325422
0.363073795492677
0.363076882526436
0.363079961426667
0.363083032193341
0.363086094826426
0.363089149325892
0.363092195691707
0.363095233923842
0.363098264022266
0.363101285986949
0.363104299817859
0.363107305514968
0.363110303078243
0.363113292507656
0.363116273803176
0.363119246964772
0.363122211992415
0.363125168886075
0.363128117645721
0.363131058271323
0.363133990762853
0.363136915120279
0.363139831343572
0.363142739432703
0.363145639387641
0.363148531208358
0.363151414894823
0.363154290447007
0.36315715786488
0.363160017148414
0.363162868297578
0.363165711312343
0.36316854619268
0.36317137293856
0.363174191549954
0.363177002026832
0.363179804369166
0.363182598576926
0.363185384650084
0.363188162588611
0.363190932392477
0.363193694061654
0.363196447596114
0.363199192995827
0.363201930260765
0.363204659390899
0.363207380386202
0.363210093246643
0.363212797972196
0.363215494562831
0.363218183018521
0.363220863339236
0.36322353552495
0.363226199575633
0.363228855491258
0.363231503271796
0.36323414291722
0.363236774427501
0.363239397802612
0.363242013042525
0.363244620147212
0.363247219116645
0.363249809950797
0.363252392649641
0.363254967213147
0.36325753364129
0.363260091934041
0.363262642091374
0.36326518411326
0.363267717999674
0.363270243750586
0.36327276136597
0.3632752708458
0.363277772190047
0.363280265398686
0.363282750471688
0.363285227409027
0.363287696210677
0.36329015687661
0.363292609406799
0.363295053801219
0.363297490059841
0.363299918182641
0.363302338169591
0.363304750020665
0.363307153735835
0.363309549315077
0.363311936758364
0.363314316065669
0.363316687236966
0.363319050272229
0.363321405171433
0.36332375193455
0.363326090561555
0.363328421052422
0.363330743407126
0.36333305762564
0.363335363707938
0.363337661653996
0.363339951463787
0.363342233137285
0.363344506674466
0.363346772075303
0.363349029339772
0.363351278467846
0.363353519459502
0.363355752314712
0.363357977033453
0.363360193615698
0.363362402061424
0.363364602370605
0.363366794543215
0.363368978579231
0.363371154478626
0.363373322241377
0.363375481867459
0.363377633356846
0.363379776709515
0.36338191192544
0.363384039004598
0.363386157946963
0.363388268752511
0.363390371421219
0.363392465953061
0.363394552348013
0.363396630606052
0.363398700727152
0.363400762711291
0.363402816558444
0.363404862268586
0.363406899841695
0.363408929277746
0.363410950576716
0.36341296373858
0.363414968763315
0.363416965650898
0.363418954401304
0.363420935014511
0.363422907490495
0.363424871829233
0.363426828030701
0.363428776094876
0.363430716021734
0.363432647811253
0.36343457146341
0.363436486978181
0.363438394355543
0.363440293595474
0.36344218469795
0.36344406766295
0.363445942490449
0.363447809180426
0.363449667732857
0.363451518147721
0.363453360424994
0.363455194564654
0.36345702056668
0.363458838431047
0.363460648157735
0.36346244974672
0.363464243197982
0.363466028511496
0.363467805687243
0.363469574725198
0.363471335625342
0.363473088387651
0.363474833012103
0.363476569498678
0.363478297847354
0.363480018058108
0.363481730130919
0.363483434065766
0.363485129862627
0.36348681752148
0.363488497042305
0.36349016842508
0.363491831669783
0.363493486776395
0.363495133744892
0.363496772575255
0.363498403267463
0.363500025821494
0.363501640237328
0.363503246514943
0.36350484465432
0.363506434655437
0.363508016518273
0.363509590242809
0.363511155829023
0.363512713276895
0.363514262586404
0.363515803757531
0.363517336790255
0.363518861684555
0.363520378440412
0.363521887057806
0.363523387536716
0.363524879877122
0.363526364079005
0.363527840142344
0.36352930806712
0.363530767853314
0.363532219500904
0.363533663009873
0.363535098380199
0.363536525611864
0.363537944704848
0.363539355659132
0.363540758474697
0.363542153151522
0.36354353968959
0.36354491808888
0.363546288349374
0.363547650471053
0.363549004453897
0.363550350297888
0.363551688003007
0.363553017569236
0.363554338996554
0.363555652284945
0.363556957434388
0.363558254444867
0.363559543316361
0.363560824048853
0.363562096642325
0.363563361096757
0.363564617412133
0.363565865588433
0.363567105625639
0.363568337523734
0.363569561282699
0.363570776902517
0.36357198438317
0.363573183724639
0.363574374926908
0.363575557989958
0.363576732913771
0.363577899698331
0.36357905834362
0.36358020884962
0.363581351216314
0.363582485443684
0.363583611531714
0.363584729480386
0.363585839289683
0.363586940959588
0.363588034490083
0.363589119881153
0.36359019713278
0.363591266244947
0.363592327217638
0.363593380050836
0.363594424744524
0.363595461298685
0.363596489713304
0.363597509988363
0.363598522123847
0.363599526119738
0.363600521976022
0.363601509692681
0.363602489269699
0.363603460707061
0.36360442400475
0.363605379162751
0.363606326181046
0.363607265059622
0.363608195798462
0.363609118397549
0.36361003285687
0.363610939176407
0.363611837356147
0.363612727396072
0.363613609296168
0.363614483056419
0.363615348676811
0.363616206157328
0.363617055497954
0.363617896698676
0.363618729759477
0.363619554680344
0.36362037146126
0.363621180102211
0.363621980603184
0.363622772964161
0.363623557185131
0.363624333266077
0.363625101206985
0.363625861007841
0.36362661266863
0.363627356189339
0.363628091569952
0.363628818810456
0.363629537910837
0.363630248871081
0.363630951691173
0.3636316463711
0.363632332910848
0.363633011310403
0.363633681569752
0.36363434368888
0.363634997667775
0.363635643506423
0.363636281204809
0.363636910762922
0.363637532180747
0.363638145458272
0.363638750595483
0.363639347592367
0.36363993644891
0.363640517165101
0.363641089740926
0.363641654176372
0.363642210471426
0.363642758626076
0.363643298640309
0.363643830514112
0.363644354247474
0.36364486984038
0.36364537729282
0.36364587660478
0.363646367776249
0.363646850807214
0.363647325697663
0.363647792447583
0.363648251056964
0.363648701525793
0.363649143854058
0.363649578041747
0.363650004088849
0.363650421995352
0.363650831761244
0.363651233386514
0.36365162687115
0.36365201221514
0.363652389418475
0.363652758481142
0.363653119403129
0.363653472184427
0.363653816825023
0.363654153324907
0.363654481684068
0.363654801902495
0.363655113980178
0.363655417917104
0.363655713713265
0.363656001368648
0.363656280883244
0.363656552257043
0.363656815490032
0.363657070582204
0.363657317533546
0.363657556344049
0.363657787013704
0.363658009542498
0.363658223930424
0.36365843017747
0.363658628283627
0.363658818248885
0.363659000073234
0.363659173756665
0.363659339299169
0.363659496700735
0.363659645961353
0.363659787081016
0.363659920059713
0.363660044897435
0.363660161594173
0.363660270149918
0.363660370564661
0.363660462838392
0.363660546971104
0.363660622962786
0.363660690813431
0.363660750523029
0.363660802091572
0.363660845519051
0.363660880805459
0.363660907950785
0.363660926955023
0.363660937818164
0.363660940540198
0.36366093512112
0.36366092156092
0.363660899859589
0.363660870017121
0.363660832033508
0.363660785908741
0.363660731642813
0.363660669235716
0.363660598687443
0.363660519997986
0.363660433167337
0.36366033819549
0.363660235082436
0.363660123828169
0.363660004432682
0.363659876895967
0.363659741218017
0.363659597398825
0.363659445438385
0.363659285336689
0.363659117093731
0.363658940709504
0.363658756184002
0.363658563517218
0.363658362709145
0.363658153759777
0.363657936669107
0.36365771143713
0.36365747806384
0.363657236549229
0.363656986893293
0.363656729096024
0.363656463157418
0.363656189077467
0.363655906856168
0.363655616493512
0.363655317989496
0.363655011344114
0.36365469655736
0.363654373629228
0.363654042559714
0.363653703348812
0.363653355996516
0.363653000502822
0.363652636867725
0.36365226509122
0.363651885173301
0.363651497113963
0.363651100913204
0.363650696571016
0.363650284087396
0.363649863462339
0.363649434695841
0.363648997787898
0.363648552738504
0.363648099547656
0.363647638215349
0.36364716874158
0.363646691126343
0.363646205369636
0.363645711471455
0.363645209431794
0.363644699250652
0.363644180928023
0.363643654463905
0.363643119858293
0.363642577111185
0.363642026222578
0.363641467192466
0.363640900020848
0.363640324707721
0.36363974125308
0.363639149656923
0.363638549919248
0.363637942040051
0.363637326019329
0.363636701857079
0.3636360695533
0.363635429107988
0.36363478052114
0.363634123792756
0.36363345892283
0.363632785911363
0.363632104758351
0.363631415463792
0.363630718027685
0.363630012450026
0.363629298730815
0.36362857687005
0.363627846867728
0.363627108723847
0.363626362438407
0.363625608011406
0.363624845442842
0.363624074732713
0.363623295881019
0.363622508887759
0.36362171375293
0.363620910476532
0.363620099058563
0.363619279499024
0.363618451797912
0.363617615955228
0.36361677197097
0.363615919845137
0.36361505957773
0.363614191168747
0.363613314618188
0.363612429926053
0.363611537092342
0.363610636117053
0.363609727000188
0.363608809741746
0.363607884341727
0.363606950800131
0.363606009116958
0.363605059292209
0.363604101325884
0.363603135217982
0.363602160968506
0.363601178577454
0.363600188044829
0.36359918937063
0.363598182554858
0.363597167597514
0.3635961444986
0.363595113258115
0.363594073876061
0.36359302635244
0.363591970687252
0.363590906880498
0.363589834932182
0.363588754842302
0.363587666610862
0.363586570237862
0.363585465723305
0.363584353067191
0.363583232269524
0.363582103330305
0.363580966249536
0.363579821027218
0.363578667663355
0.363577506157948
0.363576336511
0.363575158722513
0.363573972792489
0.363572778720931
0.363571576507842
0.363570366153224
0.363569147657081
0.363567921019414
0.363566686240227
0.363565443319523
0.363564192257304
0.363562933053575
0.363561665708338
0.363560390221597
0.363559106593355
0.363557814823615
0.363556514912381
0.363555206859657
0.363553890665446
0.363552566329753
0.36355123385258
0.363549893233932
0.363548544473814
0.363547187572228
0.36354582252918
0.363544449344672
0.363543068018711
0.3635416785513
0.363540280942444
0.363538875192147
0.363537461300414
0.363536039267249
0.363534609092659
0.363533170776646
0.363531724319217
0.363530269720376
0.363528806980128
0.36352733609848
0.363525857075435
0.363524369911
0.363522874605179
0.363521371157979
0.363519859569405
0.363518339839462
0.363516811968157
0.363515275955495
0.363513731801482
0.363512179506124
0.363510619069428
0.363509050491399
0.363507473772043
0.363505888911368
0.363504295909379
0.363502694766083
0.363501085481487
0.363499468055596
0.363497842488418
0.363496208779961
0.363494566930229
0.363492916939232
0.363491258806974
0.363489592533465
0.363487918118711
0.363486235562719
0.363484544865496
0.363482846027051
0.36348113904739
0.363479423926521
0.363477700664453
0.363475969261192
0.363474229716747
0.363472482031126
0.363470726204336
0.363468962236386
0.363467190127284
0.363465409877038
0.363463621485657
0.363461824953149
0.363460020279522
0.363458207464786
0.363456386508948
0.363454557412019
0.363452720174006
0.363450874794918
0.363449021274765
0.363447159613555
0.363445289811299
0.363443411868004
0.363441525783681
0.363439631558338
0.363437729191986
0.363435818684635
0.363433900036292
0.36343197324697
0.363430038316676
0.363428095245422
0.363426144033217
0.363424184680072
0.363422217185996
0.363420241551
0.363418257775094
0.363416265858289
0.363414265800595
0.363412257602023
0.363410241262584
0.363408216782288
0.363406184161146
0.363404143399169
0.363402094496369
0.363400037452755
0.36339797226834
0.363395898943135
0.36339381747715
0.363391727870399
0.363389630122891
0.36338752423464
0.363385410205656
0.36338328803595
0.363381157725536
0.363379019274426
0.36337687268263
0.363374717950162
0.363372555077033
0.363370384063256
0.363368204908843
0.363366017613807
0.36336382217816
0.363361618601915
0.363359406885085
0.363357187027682
0.363354959029719
0.36335272289121
0.363350478612168
0.363348226192604
0.363345965632534
0.36334369693197
0.363341420090926
0.363339135109414
0.36333684198745
0.363334540725046
0.363332231322216
0.363329913778974
0.363327588095334
0.36332525427131
0.363322912306916
0.363320562202167
0.363318203957076
0.363315837571658
0.363313463045928
0.3633110803799
0.363308689573588
0.363306290627008
0.363303883540174
0.363301468313102
0.363299044945805
0.3632966134383
0.363294173790601
0.363291726002724
0.363289270074683
0.363286806006495
0.363284333798175
0.363281853449739
0.363279364961202
0.363276868332579
0.363274363563888
0.363271850655144
0.363269329606362
0.363266800417559
0.363264263088752
0.363261717619956
0.363259164011188
0.363256602262465
0.363254032373802
0.363251454345218
0.363248868176728
0.363246273868349
0.363243671420099
0.363241060831994
0.363238442104051
0.363235815236288
0.363233180228722
0.36323053708137
0.36322788579425
0.36322522636738
0.363222558800776
0.363219883094457
0.363217199248441
0.363214507262745
0.363211807137388
0.363209098872388
0.363206382467762
0.363203657923529
0.363200925239708
0.363198184416317
0.363195435453374
0.363192678350899
0.363189913108909
0.363187139727425
0.363184358206464
0.363181568546045
0.363178770746189
0.363175964806913
0.363173150728238
0.363170328510182
0.363167498152766
0.363164659656008
0.363161813019928
0.363158958244547
0.363156095329883
0.363153224275958
0.36315034508279
0.3631474577504
0.363144562278808
0.363141658668034
0.3631387469181
0.363135827029025
0.36313289900083
0.363129962833535
0.363127018527162
0.363124066081731
0.363121105497263
0.363118136773779
0.3631151599113
0.363112174909848
0.363109181769444
0.363106180490109
0.363103171071864
0.363100153514732
0.363097127818733
0.363094093983891
0.363091052010226
0.363088001897761
0.363084943646517
0.363081877256518
0.363078802727784
0.363075720060338
0.363072629254204
0.363069530309403
0.363066423225958
0.363063308003891
0.363060184643226
0.363057053143985
0.363053913506192
0.363050765729869
0.363047609815039
0.363044445761727
0.363041273569955
0.363038093239747
0.363034904771126
0.363031708164117
0.363028503418742
0.363025290535025
0.363022069512991
0.363018840352664
0.363015603054067
0.363012357617226
0.363009104042163
0.363005842328905
0.363002572477475
0.362999294487897
0.362996008360197
0.3629927140944
0.362989411690529
0.362986101148611
0.362982782468671
0.362979455650733
0.362976120694822
0.362972777600965
0.362969426369187
0.362966066999513
0.362962699491969
0.36295932384658
0.362955940063373
0.362952548142373
0.362949148083608
0.362945739887101
0.362942323552881
0.362938899080973
0.362935466471404
0.3629320257242
0.362928576839388
0.362925119816995
0.362921654657047
0.362918181359571
0.362914699924595
0.362911210352146
0.362907712642251
0.362904206794937
0.362900692810231
0.362897170688162
0.362893640428756
0.362890102032042
0.362886555498046
0.362883000826799
0.362879438018326
0.362875867072656
0.362872287989818
0.36286870076984
0.36286510541275
0.362861501918576
0.362857890287348
0.362854270519094
0.362850642613843
0.362847006571623
0.362843362392464
0.362839710076395
0.362836049623445
0.362832381033643
0.362828704307019
0.362825019443603
0.362821326443422
0.362817625306509
0.362813916032892
0.362810198622601
0.362806473075666
0.362802739392118
0.362798997571986
0.362795247615301
0.362791489522093
0.362787723292392
0.36278394892623
0.362780166423637
0.362776375784644
0.362772577009282
0.362768770097581
0.362764955049573
0.362761131865289
0.36275730054476
0.362753461088018
0.362749613495094
0.362745757766021
0.362741893900828
0.36273802189955
0.362734141762216
0.36273025348886
0.362726357079513
0.362722452534208
0.362718539852977
0.362714619035852
0.362710690082866
0.362706752994052
0.362702807769442
0.362698854409069
0.362694892912966
0.362690923281167
0.362686945513704
0.36268295961061
0.362678965571919
0.362674963397665
0.362670953087881
0.3626669346426
0.362662908061856
0.362658873345684
0.362654830494117
0.362650779507189
0.362646720384935
0.362642653127388
0.362638577734583
0.362634494206555
0.362630402543338
0.362626302744967
0.362622194811477
0.362618078742902
0.362613954539278
0.36260982220064
0.362605681727022
0.362601533118461
0.362597376374991
0.362593211496649
0.36258903848347
0.362584857335489
0.362580668052743
0.362576470635267
0.362572265083098
0.362568051396271
0.362563829574823
0.36255959961879
0.36255536152821
0.362551115303117
0.36254686094355
0.362542598449545
0.362538327821138
0.362534049058367
0.362529762161269
0.362525467129881
0.362521163964241
0.362516852664385
0.362512533230352
0.362508205662179
0.362503869959904
0.362499526123565
0.362495174153199
0.362490814048845
0.362486445810541
0.362482069438326
0.362477684932236
0.362473292292312
0.362468891518592
0.362464482611115
0.362460065569918
0.362455640395042
0.362451207086525
0.362446765644406
0.362442316068726
0.362437858359522
0.362433392516835
0.362428918540704
0.362424436431169
0.36241994618827
0.362415447812046
0.362410941302538
0.362406426659786
0.362401903883829
0.362397372974708
0.362392833932465
0.362388286757139
0.362383731448771
0.362379168007401
0.362374596433072
0.362370016725822
0.362365428885695
0.362360832912731
0.362356228806971
0.362351616568457
0.36234699619723
0.362342367693332
0.362337731056805
0.36233308628769
0.36232843338603
0.362323772351867
0.362319103185243
0.3623144258862
0.362309740454781
0.362305046891029
0.362300345194985
0.362295635366693
0.362290917406195
0.362286191313534
0.362281457088755
0.3622767147319
0.362271964243012
0.362267205622134
0.36226243886931
0.362257663984585
0.362252880968001
0.362248089819602
0.362243290539433
0.362238483127537
0.36223366758396
0.362228843908744
0.362224012101935
0.362219172163578
0.362214324093716
0.362209467892394
0.362204603559659
0.362199731095553
0.362194850500124
0.362189961773415
0.362185064915473
0.362180159926342
0.362175246806068
0.362170325554698
0.362165396172276
0.362160458658848
0.362155513014462
0.362150559239162
0.362145597332996
0.362140627296009
0.362135649128247
0.362130662829759
0.362125668400589
0.362120665840786
0.362115655150396
0.362110636329465
0.362105609378042
0.362100574296174
0.362095531083908
0.362090479741291
0.362085420268371
0.362080352665196
0.362075276931814
0.362070193068272
0.36206510107462
0.362060000950904
0.362054892697173
0.362049776313477
0.362044651799863
0.362039519156379
0.362034378383076
0.362029229480001
0.362024072447204
0.362018907284734
0.36201373399264
0.362008552570972
0.362003363019778
0.361998165339109
0.361992959529015
0.361987745589544
0.361982523520748
0.361977293322676
0.361972054995378
0.361966808538905
0.361961553953307
0.361956291238635
0.36195102039494
0.361945741422271
0.36194045432068
0.361935159090218
0.361929855730937
0.361924544242887
0.36191922462612
0.361913896880688
0.361908561006641
0.361903217004031
0.361897864872912
0.361892504613333
0.361887136225349
0.36188175970901
0.361876375064369
0.361870982291478
0.361865581390391
0.361860172361159
0.361854755203836
0.361849329918475
0.361843896505128
0.361838454963849
0.36183300529469
0.361827547497706
0.36182208157295
0.361816607520476
0.361811125340336
0.361805635032586
0.361800136597279
0.36179463003447
0.361789115344212
0.36178359252656
0.361778061581568
0.361772522509292
0.361766975309785
0.361761419983103
0.3617558565293
0.361750284948432
0.361744705240554
0.361739117405721
0.361733521443989
0.361727917355413
0.36172230514005
0.361716684797954
0.361711056329181
0.361705419733789
0.361699775011832
0.361694122163368
0.361688461188453
0.361682792087143
0.361677114859495
0.361671429505566
0.361665736025413
0.361660034419092
0.361654324686662
0.361648606828179
0.3616428808437
0.361637146733285
0.361631404496989
0.361625654134871
0.361619895646988
0.361614129033399
0.361608354294162
0.361602571429335
0.361596780438977
0.361590981323146
0.361585174081901
0.361579358715301
0.361573535223404
0.36156770360627
0.361561863863957
0.361556015996526
0.361550160004035
0.361544295886544
0.361538423644113
0.361532543276801
0.361526654784669
0.361520758167776
0.361514853426183
0.361508940559949
0.361503019569137
0.361497090453805
0.361491153214015
0.361485207849827
0.361479254361303
0.361473292748502
0.361467323011488
0.36146134515032
0.361455359165062
0.361449365055773
0.361443362822515
0.361437352465351
0.361431333984342
0.361425307379551
0.361419272651039
0.36141322979887
0.361407178823105
0.361401119723807
0.361395052501038
0.361388977154863
0.361382893685342
0.361376802092541
0.361370702376522
0.361364594537348
0.361358478575083
0.36135235448979
0.361346222281533
0.361340081950377
0.361333933496385
0.36132777691962
0.361321612220149
0.361315439398033
0.36130925845334
0.361303069386132
0.361296872196475
0.361290666884435
0.361284453450074
0.36127823189346
0.361272002214657
0.361265764413731
0.361259518490747
0.361253264445771
0.361247002278869
0.361240731990107
0.361234453579551
0.361228167047266
0.36122187239332
0.361215569617779
0.36120925872071
0.361202939702178
0.361196612562252
0.361190277300999
0.361183933918485
0.361177582414777
0.361171222789943
0.361164855044051
0.361158479177168
0.361152095189362
0.361145703080702
0.361139302851254
0.361132894501087
0.361126478030271
0.361120053438872
0.36111362072696
0.361107179894603
0.361100730941871
0.361094273868832
0.361087808675555
0.361081335362111
0.361074853928567
0.361068364374994
0.361061866701461
0.361055360908039
0.361048846994797
0.361042324961805
0.361035794809133
0.361029256536852
0.361022710145033
0.361016155633746
0.361009593003061
0.36100302225305
0.360996443383783
0.360989856395332
0.360983261287767
0.360976658061162
0.360970046715586
0.360963427251113
0.360956799667812
0.360950163965757
0.36094352014502
0.360936868205673
0.360930208147788
0.360923539971438
0.360916863676696
0.360910179263633
0.360903486732324
0.360896786082842
0.360890077315259
0.360883360429648
0.360876635426085
0.360869902304641
0.360863161065391
0.360856411708408
0.360849654233768
0.360842888641542
0.360836114931808
0.360829333104638
0.360822543160107
0.360815745098289
0.360808938919261
0.360802124623096
0.360795302209871
0.36078847167966
0.360781633032538
0.360774786268582
0.360767931387866
0.360761068390467
0.360754197276461
0.360747318045924
0.360740430698932
0.360733535235561
0.360726631655889
0.360719719959991
0.360712800147945
0.360705872219828
0.360698936175716
0.360691992015687
0.360685039739818
0.360678079348187
0.360671110840872
0.36066413421795
0.360657149479499
0.360650156625598
0.360643155656323
0.360636146571755
0.360629129371972
0.360622104057051
0.360615070627073
0.360608029082115
0.360600979422257
0.360593921647578
0.360586855758158
0.360579781754076
0.360572699635412
0.360565609402245
0.360558511054655
0.360551404592724
0.360544290016529
0.360537167326153
0.360530036521676
0.360522897603178
0.360515750570741
0.360508595424444
0.36050143216437
0.360494260790599
0.360487081303213
0.360479893702293
0.360472697987921
0.360465494160179
0.360458282219149
0.360451062164912
0.360443833997551
0.36043659771715
0.360429353323789
0.360422100817552
0.360414840198521
0.36040757146678
0.360400294622412
0.360393009665499
0.360385716596126
0.360378415414376
0.360371106120333
0.36036378871408
0.360356463195702
0.360349129565282
0.360341787822905
0.360334437968656
0.360327080002618
0.360319713924878
0.360312339735519
0.360304957434626
0.360297567022285
0.360290168498581
0.3602827618636
0.360275347117428
0.360267924260149
0.36026049329185
0.360253054212617
0.360245607022537
0.360238151721694
0.360230688310177
0.360223216788071
0.360215737155464
0.360208249412443
0.360200753559094
0.360193249595504
0.360185737521763
0.360178217337956
0.360170689044171
0.360163152640498
0.360155608127022
0.360148055503833
0.360140494771019
0.360132925928668
0.360125348976869
0.360117763915711
0.360110170745283
0.360102569465673
0.360094960076971
0.360087342579266
0.360079716972648
0.360072083257207
0.360064441433031
0.360056791500212
0.360049133458839
0.360041467309003
0.360033793050793
0.360026110684302
0.360018420209618
0.360010721626834
0.36000301493604
0.359995300137328
0.359987577230788
0.359979846216512
0.359972107094592
0.359964359865121
0.359956604528188
0.359948841083888
0.359941069532311
0.359933289873551
0.3599255021077
0.359917706234851
0.359909902255096
0.359902090168528
0.359894269975242
0.35988644167533
0.359878605268885
0.359870760756001
0.359862908136773
0.359855047411294
0.359847178579657
0.359839301641959
0.359831416598292
0.359823523448751
0.359815622193432
0.359807712832429
0.359799795365837
0.359791869793751
0.359783936116266
0.359775994333479
0.359768044445485
0.35976008645238
0.359752120354259
0.359744146151219
0.359736163843356
0.359728173430766
0.359720174913547
0.359712168291794
0.359704153565605
0.359696130735077
0.359688099800307
0.359680060761393
0.359672013618432
0.359663958371522
0.359655895020761
0.359647823566246
0.359639744008076
0.359631656346349
0.359623560581165
0.359615456712621
0.359607344740816
0.359599224665849
0.359591096487819
0.359582960206827
0.35957481582297
0.35956666333635
0.359558502747064
0.359550334055215
0.359542157260901
0.359533972364223
0.359525779365281
0.359517578264177
0.35950936906101
0.359501151755881
0.359492926348892
0.359484692840144
0.359476451229737
0.359468201517775
0.359459943704359
0.35945167778959
0.35944340377357
0.359435121656402
0.359426831438188
0.35941853311903
0.359410226699032
0.359401912178295
0.359393589556923
0.359385258835019
0.359376920012687
0.35936857309003
0.359360218067152
0.359351854944156
0.359343483721147
0.359335104398228
0.359326716975505
0.35931832145308
0.35930991783106
0.359301506109548
0.359293086288651
0.359284658368472
0.359276222349117
0.359267778230692
0.359259326013303
0.359250865697055
0.359242397282053
0.359233920768405
0.359225436156216
0.359216943445593
0.359208442636643
0.359199933729472
0.359191416724187
0.359182891620895
0.359174358419705
0.359165817120722
0.359157267724055
0.359148710229811
0.359140144638098
0.359131570949026
0.3591229891627
0.359114399279232
0.359105801298727
0.359097195221297
0.359088581047048
0.359079958776092
0.359071328408537
0.359062689944492
0.359054043384067
0.359045388727372
0.359036725974516
0.35902805512561
0.359019376180765
0.35901068914009
0.359001994003696
0.358993290771694
0.358984579444195
0.35897586002131
0.35896713250315
0.358958396889827
0.358949653181453
0.358940901378139
0.358932141479997
0.358923373487139
0.358914597399678
0.358905813217726
0.358897020941396
0.358888220570801
0.358879412106053
0.358870595547266
0.358861770894553
0.358852938148027
0.358844097307803
0.358835248373995
0.358826391346715
0.358817526226079
0.3588086530122
0.358799771705193
0.358790882305174
0.358781984812256
0.358773079226556
0.358764165548187
0.358755243777266
0.358746313913908
0.358737375958228
0.358728429910343
0.35871947577037
0.358710513538423
0.358701543214619
0.358692564799076
0.358683578291909
0.358674583693236
0.358665581003173
0.358656570221839
0.358647551349351
0.358638524385826
0.358629489331381
0.358620446186136
0.358611394950208
0.358602335623716
0.358593268206777
0.358584192699512
0.358575109102038
0.358566017414475
0.358556917636941
0.358547809769557
0.358538693812442
0.358529569765715
0.358520437629496
0.358511297403906
0.358502149089065
0.358492992685093
0.358483828192111
0.35847465561024
0.3584654749396
0.358456286180313
0.358447089332499
0.358437884396281
0.358428671371781
0.358419450259119
0.358410221058419
0.358400983769802
0.358391738393391
0.358382484929307
0.358373223377675
0.358363953738616
0.358354676012255
0.358345390198713
0.358336096298115
0.358326794310586
0.358317484236246
0.358308166075222
0.358298839827637
0.358289505493616
0.358280163073283
0.358270812566763
0.35826145397418
0.358252087295661
0.358242712531329
0.35823332968131
0.35822393874573
0.358214539724715
0.358205132618391
0.358195717426883
0.358186294150319
0.358176862788824
0.358167423342526
0.35815797581155
0.358148520196025
0.358139056496077
0.358129584711834
0.358120104843423
0.358110616890972
0.358101120854609
0.358091616734462
0.358082104530659
0.35807258424333
0.358063055872602
0.358053519418605
0.358043974881466
0.358034422261317
0.358024861558286
0.358015292772501
0.358005715904095
0.357996130953195
0.357986537919934
0.357976936804439
0.357967327606843
0.357957710327276
0.357948084965869
0.357938451522752
0.357928809998057
0.357919160391915
0.357909502704458
0.357899836935819
0.357890163086127
0.357880481155516
0.357870791144118
0.357861093052066
0.357851386879492
0.357841672626529
0.35783195029331
0.357822219879969
0.357812481386639
0.357802734813452
0.357792980160544
0.357783217428049
0.357773446616099
0.357763667724831
0.357753880754377
0.357744085704873
0.357734282576455
0.357724471369256
0.357714652083412
0.357704824719059
0.357694989276333
0.357685145755368
0.357675294156301
0.357665434479269
0.357655566724408
0.357645690891854
0.357635806981744
0.357625914994215
0.357616014929404
0.357606106787449
0.357596190568487
0.357586266272656
0.357576333900093
0.357566393450937
0.357556444925325
0.357546488323397
0.357536523645291
0.357526550891146
0.3575165700611
0.357506581155294
0.357496584173866
0.357486579116956
0.357476565984703
0.357466544777248
0.357456515494731
0.357446478137292
0.357436432705072
0.357426379198211
0.357416317616851
0.357406247961131
0.357396170231195
0.357386084427182
0.357375990549235
0.357365888597496
0.357355778572107
0.357345660473209
0.357335534300945
0.357325400055458
0.357315257736891
0.357305107345386
0.357294948881087
0.357284782344137
0.35727460773468
0.357264425052859
0.357254234298819
0.357244035472702
0.357233828574655
0.357223613604821
0.357213390563345
0.357203159450371
0.357192920266046
0.357182673010513
0.357172417683919
0.35716215428641
0.35715188281813
0.357141603279227
0.357131315669846
0.357121019990134
0.357110716240237
0.357100404420303
0.357090084530477
0.357079756570908
0.357069420541742
0.357059076443128
0.357048724275213
0.357038364038144
0.357027995732071
0.357017619357141
0.357007234913503
0.356996842401306
0.356986441820698
0.35697603317183
0.356965616454848
0.356955191669905
0.356944758817149
0.35693431789673
0.356923868908797
0.356913411853503
0.356902946730996
0.356892473541427
0.356881992284948
0.356871502961709
0.356861005571862
0.356850500115558
0.356839986592948
0.356829465004185
0.356818935349421
0.356808397628807
0.356797851842495
0.35678729799064
0.356776736073393
0.356766166090907
0.356755588043336
0.356745001930833
0.356734407753551
0.356723805511645
0.356713195205267
0.356702576834573
0.356691950399717
0.356681315900852
0.356670673338135
0.356660022711719
0.356649364021761
0.356638697268415
0.356628022451836
0.356617339572181
0.356606648629605
0.356595949624265
0.356585242556317
0.356574527425916
0.356563804233221
0.356553072978387
0.356542333661572
0.356531586282933
0.356520830842627
0.356510067340813
0.356499295777648
0.356488516153291
0.356477728467898
0.356466932721629
0.356456128914643
0.356445317047098
0.356434497119154
0.356423669130969
0.356412833082702
0.356401988974514
0.356391136806565
0.356380276579014
0.356369408292022
0.356358531945749
0.356347647540355
0.356336755076002
0.35632585455285
0.35631494597106
0.356304029330795
0.356293104632214
0.356282171875482
0.356271231060758
0.356260282188206
0.356249325257988
0.356238360270265
0.356227387225202
0.356216406122961
0.356205416963705
0.356194419747598
0.356183414474803
0.356172401145483
0.356161379759804
0.356150350317928
0.356139312820021
0.356128267266246
0.356117213656769
0.356106151991754
0.356095082271367
0.356084004495772
0.356072918665136
0.356061824779624
0.356050722839403
0.356039612844637
0.356028494795493
0.356017368692138
0.35600623453474
0.355995092323463
0.355983942058476
0.355972783739946
0.35596161736804
0.355950442942927
0.355939260464772
0.355928069933746
0.355916871350017
0.355905664713751
0.35589445002512
0.35588322728429
0.355871996491432
0.355860757646714
0.355849510750307
0.355838255802379
0.3558269928031
0.355815721752642
0.355804442651172
0.355793155498863
0.355781860295884
0.355770557042407
0.355759245738603
0.355747926384643
0.355736598980698
0.35572526352694
0.355713920023541
0.355702568470672
0.355691208868507
0.355679841217217
0.355668465516974
0.355657081767952
0.355645689970324
0.355634290124263
0.355622882229942
0.355611466287535
0.355600042297216
0.355588610259158
0.355577170173536
0.355565722040524
0.355554265860297
0.355542801633029
0.355531329358896
0.355519849038072
0.355508360670733
0.355496864257055
0.355485359797213
0.355473847291382
0.35546232673974
0.355450798142463
0.355439261499726
0.355427716811708
0.355416164078584
0.355404603300532
0.355393034477728
0.355381457610352
0.355369872698579
0.355358279742589
0.355346678742559
0.355335069698667
0.355323452611092
0.355311827480013
0.355300194305608
0.355288553088056
0.355276903827537
0.355265246524231
0.355253581178316
0.355241907789973
0.355230226359381
0.355218536886721
0.355206839372174
0.355195133815919
0.355183420218139
0.355171698579012
0.355159968898722
0.355148231177448
0.355136485415373
0.355124731612678
0.355112969769546
0.355101199886158
0.355089421962697
0.355077635999346
0.355065841996287
0.355054039953702
0.355042229871776
0.355030411750691
0.355018585590631
0.35500675139178
0.354994909154322
0.354983058878439
0.354971200564317
0.354959334212141
0.354947459822094
0.354935577394362
0.35492368692913
0.354911788426582
0.354899881886905
0.354887967310283
0.354876044696904
0.354864114046951
0.354852175360612
0.354840228638073
0.35482827387952
0.354816311085141
0.354804340255123
0.354792361389651
0.354780374488913
0.354768379553098
0.354756376582392
0.354744365576984
0.354732346537061
0.354720319462811
0.354708284354424
0.354696241212089
0.354684190035992
0.354672130826324
0.354660063583273
0.35464798830703
0.354635904997783
0.354623813655722
0.354611714281036
0.354599606873917
0.354587491434554
0.354575367963139
0.354563236459861
0.35455109692491
0.354538949358479
0.354526793760759
0.35451463013194
0.354502458472215
0.354490278781775
0.354478091060811
0.354465895309517
0.354453691528083
0.354441479716704
0.354429259875572
0.354417032004878
0.354404796104817
0.354392552175581
0.354380300217364
0.354368040230359
0.35435577221476
0.354343496170761
0.354331212098556
0.35431891999834
0.354306619870306
0.354294311714649
0.354281995531564
0.354269671321247
0.354257339083891
0.354244998819693
0.354232650528848
0.354220294211551
0.354207929868
0.354195557498388
0.354183177102914
0.354170788681772
0.35415839223516
0.354145987763274
0.354133575266312
0.35412115474447
0.354108726197945
0.354096289626936
0.354083845031638
0.354071392412251
0.354058931768973
0.354046463102
0.354033986411532
0.354021501697766
0.354009008960903
0.35399650820114
0.353983999418676
0.35397148261371
0.353958957786442
0.353946424937071
0.353933884065797
0.353921335172819
0.353908778258337
0.353896213322553
0.353883640365664
0.353871059387873
0.35385847038938
0.353845873370385
0.35383326833109
0.353820655271695
0.353808034192403
0.353795405093413
0.353782767974928
0.35377012283715
0.353757469680281
0.353744808504522
0.353732139310075
0.353719462097144
0.35370677686593
0.353694083616637
0.353681382349466
0.353668673064622
0.353655955762307
0.353643230442725
0.353630497106078
0.353617755752572
0.353605006382409
0.353592248995793
0.353579483592928
0.353566710174019
0.353553928739271
0.353541139288887
0.353528341823072
0.353515536342031
0.35350272284597
0.353489901335093
0.353477071809605
0.353464234269712
0.35345138871562
0.353438535147534
0.35342567356566
0.353412803970204
0.353399926361372
0.353387040739371
0.353374147104407
0.353361245456686
0.353348335796416
0.353335418123802
0.353322492439053
0.353309558742374
0.353296617033975
0.353283667314061
0.353270709582841
0.353257743840521
0.353244770087311
0.353231788323417
0.353218798549048
0.353205800764412
0.353192794969718
0.353179781165174
0.35316675935099
0.353153729527372
0.35314069169453
0.353127645852673
0.35311459200201
0.353101530142751
0.353088460275105
0.353075382399282
0.35306229651549
0.353049202623941
0.353036100724843
0.353022990818407
0.353009872904842
0.352996746984359
0.352983613057169
0.352970471123482
0.352957321183508
0.352944163237457
0.352930997285542
0.352917823327973
0.35290464136496
0.352891451396715
0.35287825342345
0.352865047445375
0.352851833462701
0.352838611475642
0.352825381484408
0.352812143489212
0.352798897490264
0.352785643487778
0.352772381481965
0.352759111473038
0.352745833461208
0.352732547446688
0.352719253429691
0.352705951410429
0.352692641389115
0.352679323365961
0.352665997341182
0.352652663314988
0.352639321287595
0.352625971259215
0.35261261323006
0.352599247200345
0.352585873170283
0.352572491140087
0.352559101109971
0.352545703080149
0.352532297050834
0.352518883022241
0.352505460994584
0.352492030968076
0.352478592942931
0.352465146919363
0.352451692897588
0.352438230877817
0.352424760860268
0.352411282845154
0.352397796832689
0.352384302823089
0.352370800816567
0.352357290813338
0.352343772813618
0.352330246817621
0.352316712825562
0.352303170837656
0.352289620854118
0.352276062875163
0.352262496901007
0.352248922931863
0.352235340967949
0.352221751009478
0.352208153056666
0.352194547109729
0.352180933168882
0.352167311234341
0.352153681306322
0.35214004338504
0.35212639747071
0.352112743563547
0.352099081663768
0.352085411771589
0.352071733887225
0.352058048010892
0.352044354142806
0.352030652283183
0.352016942432238
0.352003224590188
0.351989498757247
0.351975764933634
0.351962023119563
0.35194827331525
0.351934515520911
0.351920749736762
0.35190697596302
0.3518931941999
0.351879404447618
0.351865606706391
0.351851800976435
0.351837987257965
0.351824165551198
0.35181033585635
0.351796498173636
0.351782652503274
0.351768798845478
0.351754937200465
0.351741067568451
0.351727189949652
0.351713304344284
0.351699410752564
0.351685509174705
0.351671599610926
0.351657682061443
0.35164375652647
0.351629823006224
0.35161588150092
0.351601932010774
0.351587974536002
0.35157400907682
0.351560035633444
0.351546054206088
0.35153206479497
0.351518067400304
0.351504062022306
0.351490048661191
0.351476027317176
0.351461997990474
0.351447960681302
0.351433915389875
0.351419862116407
0.351405800861115
0.351391731624212
0.351377654405916
0.351363569206438
0.351349476025996
0.351335374864803
0.351321265723075
0.351307148601026
0.351293023498871
0.351278890416823
0.351264749355097
0.351250600313908
0.351236443293469
0.351222278293995
0.351208105315699
0.351193924358797
0.3511797354235
0.351165538510022
0.351151333618579
0.351137120749382
0.351122899902646
0.351108671078582
0.351094434277404
0.351080189499325
0.351065936744558
0.351051676013316
0.351037407305811
0.351023130622254
0.35100884596286
0.350994553327839
0.350980252717403
0.350965944131765
0.350951627571135
0.350937303035726
0.350922970525748
0.350908630041413
0.350894281582931
0.350879925150515
0.350865560744372
0.350851188364716
0.350836808011755
0.350822419685699
0.35080802338676
0.350793619115145
0.350779206871064
0.350764786654728
0.350750358466344
0.350735922306122
0.350721478174271
0.350707026070998
0.350692565996512
0.350678097951022
0.350663621934734
0.350649137947855
0.350634645990595
0.350620146063159
0.350605638165754
0.350591122298587
0.350576598461863
0.35056206665579
0.350547526880572
0.350532979136415
0.350518423423525
0.350503859742106
0.350489288092363
0.350474708474502
0.350460120888725
0.350445525335236
0.350430921814239
0.350416310325938
0.350401690870534
0.35038706344823
0.350372428059229
0.350357784703733
0.350343133381943
0.350328474094062
0.350313806840289
0.350299131620826
0.350284448435872
0.350269757285628
0.350255058170293
0.350240351090066
0.350225636045146
0.350210913035733
0.350196182062024
0.350181443124215
0.350166696222506
0.350151941357094
0.350137178528174
0.350122407735943
0.350107628980596
0.350092842262329
0.350078047581337
0.350063244937815
0.350048434331956
0.350033615763955
0.350018789234003
0.350003954742295
0.349989112289023
0.349974261874378
0.349959403498552
0.349944537161736
0.34992966286412
0.349914780605894
0.349899890387248
0.349884992208372
0.349870086069452
0.349855171970678
0.349840249912236
0.349825319894315
0.3498103819171
0.349795435980777
0.349780482085531
0.349765520231548
0.349750550419012
0.349735572648105
0.349720586919013
0.349705593231916
0.349690591586998
0.349675581984439
0.349660564424421
0.349645538907124
0.349630505432727
0.349615464001409
0.349600414613349
0.349585357268725
0.349570291967713
0.34955521871049
0.349540137497232
0.349525048328114
0.349509951203311
0.349494846122996
0.349479733087343
0.349464612096524
0.34944948315071
0.349434346250072
0.349419201394782
0.349404048585009
0.349388887820921
0.349373719102688
0.349358542430475
0.34934335780445
0.349328165224779
0.349312964691625
0.349297756205155
0.349282539765531
0.349267315372916
0.349252083027473
0.349236842729362
0.349221594478743
0.349206338275775
0.349191074120617
0.349175802013428
0.349160521954363
0.349145233943578
0.34912993798123
0.349114634067472
0.349099322202456
0.349084002386336
0.349068674619263
0.349053338901388
0.349037995232859
0.349022643613826
0.349007284044435
0.348991916524834
0.348976541055168
0.348961157635583
0.348945766266221
0.348930366947224
0.348914959678735
0.348899544460894
0.348884121293841
0.348868690177714
0.34885325111265
0.348837804098785
0.348822349136256
0.348806886225195
0.348791415365735
0.348775936558009
0.348760449802147
0.348744955098278
0.34872945244653
0.34871394184703
0.348698423299905
0.348682896805278
0.348667362363273
0.348651819974012
0.348636269637618
0.348620711354209
0.348605145123903
0.348589570946817
0.348573988823067
0.348558398752768
0.348542800736031
0.348527194772971
0.348511580863696
0.348495959008316
0.348480329206938
0.348464691459669
0.348449045766613
0.348433392127875
0.348417730543554
0.348402061013753
0.348386383538569
0.3483706981181
0.348355004752443
0.348339303441692
0.34832359418594
0.348307876985276
0.348292151839792
0.348276418749576
0.348260677714714
0.348244928735292
0.348229171811391
0.348213406943094
0.34819763413048
0.348181853373629
0.348166064672616
0.348150268027515
0.3481344634384
0.348118650905342
0.34810283042841
0.348087002007673
0.348071165643196
0.348055321335042
0.348039469083274
0.348023608887952
0.348007740749133
0.347991864666875
0.347975980641232
0.347960088672257
0.347944188759999
0.347928280904508
0.34791236510583
0.347896441364008
0.347880509679087
0.347864570051105
0.347848622480101
0.347832666966109
0.347816703509166
0.347800732109301
0.347784752766546
0.347768765480925
0.347752770252467
0.347736767081191
0.34772075596712
0.347704736910271
0.34768870991066
0.3476726749683
0.347656632083203
0.347640581255377
0.347624522484827
0.347608455771559
0.347592381115572
0.347576298516866
0.347560207975436
0.347544109491277
0.347528003064379
0.34751188869473
0.347495766382317
0.347479636127124
0.347463497929129
0.34744735178831
0.347431197704644
0.3474150356781
0.347398865708649
0.347382687796258
0.34736650194089
0.347350308142504
0.347334106401061
0.347317896716512
0.347301679088812
0.347285453517906
0.347269220003744
0.347252978546266
0.347236729145411
0.347220471801117
0.347204206513316
0.347187933281938
0.34717165210691
0.347155362988155
0.347139065925594
0.347122760919142
0.347106447968714
0.347090127074219
0.347073798235562
0.347057461452647
0.347041116725374
0.347024764053638
0.34700840343733
0.346992034876341
0.346975658370554
0.34695927391985
0.346942881524109
0.346926481183201
0.346910072896998
0.346893656665365
0.346877232488163
0.34686080036525
0.346844360296481
0.346827912281707
0.346811456320771
0.346794992413517
0.34677852055978
0.346762040759395
0.34674555301219
0.34672905731799
0.346712553676614
0.34669604208788
0.346679522551597
0.346662995067576
0.346646459635615
0.346629916255514
0.346613364927065
0.346596805650057
0.346580238424272
0.346563663249492
0.346547080125489
0.346530489052031
0.346513890028885
0.346497283055808
0.346480668132555
0.346464045258873
0.34644741443451
0.346430775659202
0.346414128932681
0.346397474254678
0.346380811624914
0.346364141043105
0.346347462508964
0.346330776022198
0.346314081582507
0.346297379189584
0.346280668843119
0.346263950542794
0.346247224288289
0.346230490079274
0.346213747915413
0.346196997796366
0.346180239721788
0.346163473691325
0.346146699704616
0.346129917761296
0.346113127860995
0.346096330003331
0.346079524187922
0.346062710414375
0.346045888682291
0.346029058991265
0.346012221340885
0.345995375730732
0.345978522160381
0.345961660629398
0.345944791137342
0.345927913683767
0.345911028268218
0.345894134890232
0.34587723354934
0.345860324245064
0.345843406976918
0.345826481744413
0.345809548547046
0.345792607384311
0.345775658255689
0.345758701160656
0.345741736098683
0.345724763069225
0.345707782071734
0.345690793105653
0.345673796170414
0.345656791265446
0.345639778390162
0.34562275754397
0.345605728726268
0.345588691936449
0.345571647173891
0.345554594437966
0.345537533728034
0.345520465043448
0.345503388383552
0.345486303747678
0.345469211135149
0.345452110545281
0.345435001977374
0.345417885430722
0.345400760904609
0.345383628398307
0.345366487911077
0.345349339442172
0.345332182990832
0.345315018556287
0.345297846137756
0.345280665734444
0.345263477345552
0.345246280970262
0.345229076607749
0.345211864257174
0.345194643917687
0.345177415588427
0.345160179268519
0.345142934957076
0.345125682653203
0.345108422355985
0.3450911540645
0.34507387777781
0.345056593494967
0.345039301215007
0.345022000936954
0.34500469265982
0.344987376382601
0.344970052104278
0.344952719823824
0.344935379540193
0.344918031252326
0.344900674959148
0.34488331065957
0.344865938352493
0.344848558036795
0.344831169711342
0.344813773374989
0.34479636902657
0.344778956664907
0.344761536288801
0.344744107897042
0.344726671488401
0.344709227061634
0.344691774615478
0.344674314148654
0.344656845659867
0.344639369147804
0.344621884611134
0.344604392048509
0.344586891458564
0.344569382839911
0.344551866191147
0.344534341510851
0.344516808797579
0.344499268049874
0.344481719266255
0.344464162445223
0.344446597585258
0.344429024684818
0.344411443742345
0.344393854756255
0.344376257724948
0.344358652646801
0.344341039520168
0.344323418343385
0.344305789114757
0.344288151832579
0.344270506495113
0.344252853100602
0.344235191647263
0.344217522133296
0.34419984455687
0.344182158916134
0.34416446520921
0.344146763434194
0.344129053589162
0.344111335672161
0.344093609681211
0.344075875614305
0.344058133469411
0.344040383244472
0.344022624937402
0.344004858546085
0.343987084068381
0.343969301502118
0.343951510845096
0.343933712095086
0.343915905249829
0.343898090307037
0.343880267264391
0.343862436119541
0.343844596870103
0.343826749513662
0.343808894047775
0.343791030469964
0.343773158777717
0.343755278968487
0.343737391039694
0.343719494988723
0.343701590812926
0.343683678509618
0.343665758076079
0.343647829509546
0.343629892807229
0.343611947966292
0.343593994983866
0.34357603385704
0.343558064582864
0.343540087158349
0.343522101580466
0.343504107846144
0.34348610595227
0.343468095895688
0.3434500776732
0.343432051281566
0.343414016717497
0.343395973977663
0.343377923058688
0.343359863957147
0.343341796669574
0.343323721192449
0.343305637522206
0.343287545655229
0.343269445587852
0.34325133731636
0.343233220836988
0.343215096145913
0.343196963239265
0.343178822113116
0.343160672763483
0.343142515186331
0.343124349377567
0.343106175333039
0.343087993048537
0.343069802519794
0.343051603742484
0.343033396712215
0.343015181424537
0.342996957874933
0.342978726058827
0.342960485971574
0.342942237608467
0.342923980964729
0.342905716035514
0.342887442815907
0.342869161300922
0.342850871485504
0.342832573364524
0.342814266932777
0.342795952184986
0.342777629115795
0.34275929771977
0.342740957991397
0.342722609925086
0.342704253515162
0.342685888755868
0.342667515641357
0.342649134165703
0.34263074432289
0.342612346106813
0.342593939511275
0.34257552452999
0.342557101156573
0.342538669384547
0.342520229207338
0.342501780618275
0.342483323610582
0.342464858177382
0.342446384311697
0.342427902006439
0.342409411254415
0.342390912048322
0.34237240438074
0.342353888244143
0.342335363630883
0.342316830533197
0.342298288943199
0.342279738852886
0.342261180254128
0.34224261313866
0.342224037498096
0.342205453323922
0.34218686060748
0.34216825933998
0.342149649512491
0.342131031115936
0.342112404141105
0.342093768578633
0.342075124419003
0.342056471652544
0.342037810269435
0.342019140259689
0.342000461613159
0.34198177431953
0.341963078368323
0.341944373748884
0.34192566045038
0.341906938461804
0.341888207771965
0.34186946836948
0.34185072024278
0.341831963380101
0.341813197769484
0.341794423398758
0.341775640255555
0.341756848327289
0.341738047601164
0.341719238064159
0.341700419703032
0.341681592504313
0.341662756454291
0.341643911539022
0.34162505774432
0.341606195055739
0.341587323458586
0.341568442937904
0.341549553478473
0.341530655064796
0.341511747681098
0.341492831311322
0.341473905939118
0.341454971547843
0.341436028120544
0.341417075639957
0.341398114088503
0.341379143448277
0.341360163701034
0.341341174828198
0.341322176810841
0.34130316962967
0.341284153265037
0.341265127696913
0.341246092904888
0.341227048868157
0.341207995565517
0.341188932975351
0.34116986107562
0.341150779843855
0.341131689257141
0.34111258929211
0.34109347992493
0.341074361131291
0.341055232886393
0.341036095164931
0.341016947941096
0.340997791188539
0.340978624880375
0.340959448989166
0.340940263486903
0.340921068344987
0.340901863534223
0.340882649024796
0.340863424786262
0.34084419078752
0.340824946996802
0.34080569338166
0.340786429908934
0.340767156544738
0.340747873254444
0.340728580002652
0.340709276753177
0.340689963469022
0.340670640112361
0.340651306644498
0.340631963025862
0.340612609215971
0.340593245173406
0.340573870855777
0.340554486219712
0.340535091220806
0.340515685813608
0.340496269951576
0.340476843587045
0.340457406671196
0.340437959154017
0.340418500984272
0.340399032109452
0.340379552475744
0.340360062027969
0.34034056070957
0.340321048462541
0.340301525227382
0.340281990943064
0.340262445546963
0.340242888974805
0.340223321160622
0.340203742036687
0.340184151533446
0.340164549579462
0.340144936101353
0.340125311023709
0.340105674269023
0.340086025757636
0.340066365407618
0.340046693134723
0.340027008852268
0.340007312471078
0.33998760389936
0.339967883042617
0.33994814980355
0.339928404081931
0.339908645774499
0.339888874774834
0.339869090973235
0.339849294256584
0.339829484508199
0.339809661607705
0.339789825430865
0.339769975849411
0.339750112730888
0.339730235938455
0.339710345330719
0.339690440761509
0.339670522079669
0.339650589128844
0.339630641747229
0.339610679767326
0.339590703015678
0.339570711312586
0.339550704471817
0.339530682300269
0.339510644597649
0.339490591156134
0.339470521759956
0.339450436185039
0.339430334198538
0.339410215558383
0.339390080012844
0.33936992729995
0.339349757146973
0.339329569269808
0.339309363372396
0.339289139145986
0.33926889626845
0.339248634403493
0.339228353199815
0.339208052290231
0.339187731290688
0.33916738979925
0.339147027394953
0.339126643636626
0.339106238061591
0.339085810184213
0.339065359494404
0.339044885455958
0.339024387504774
0.339003865046867
0.338983317456255
0.338962744072636
0.338942144198859
0.33892151709814
0.338900861991
0.33888017805198
0.338859464405926
0.338838720123958
0.338817944219011
0.338797135640899
0.338776293270859
0.338755415915445
0.338734502299801
0.338713551060109
0.338692560735154
0.338671529756854
0.338650456439672
0.338629338968578
0.338608175385503
0.338586963573988
0.338565701241687
0.338544385900396
0.33852301484312
0.338501585117791
0.338480093496818
0.338458536441826
0.338436910062509
0.338415210068555
0.338393431712909
0.338371569724803
0.338349618229903
0.338327570654745
0.338305419611427
0.338283156757507
0.338260772624571
0.338238256406384
0.338215595694791
0.33819277614733
0.338169781063755
0.338146590840012
0.338123182254949
0.338099527523389
0.33807559301846
0.338051337513084
0.338026709707436
0.338001644662945
0.337976058507724
0.337949840302091
0.337922839020267
0.337894841660827
0.33786553411332
0.337834425517914
0.337800686182149
0.337762746796254
0.337717070179532
0.33765271487927
0.337493345317466
-2.80378845646371
