0.0155728797801836
0.0155693815554222
0.0155613400849923
0.0155532985394717
0.0155452569188733
0.0155372152232104
0.0155291734524958
0.0155211316067427
0.0155130896859641
0.0155050476901731
0.0154970056193829
0.0154889634736066
0.0154809212528573
0.0154728789571482
0.0154648365864926
0.0154567941409035
0.0154487516203943
0.0154407090249782
0.0154326663546685
0.0154246236094784
0.0154165807894212
0.0154085378945104
0.0154004949247592
0.0153924518801809
0.015384408760789
0.0153763655665968
0.0153683222976178
0.0153602789538653
0.0153522355353529
0.015344192042094
0.0153361484741021
0.0153281048313908
0.0153200611139734
0.0153120173218637
0.015303973455075
0.0152959295136211
0.0152878854975155
0.0152798414067718
0.0152717972414037
0.0152637530014248
0.0152557086868488
0.0152476642976894
0.0152396198339603
0.0152315752956753
0.0152235306828481
0.0152154859954923
0.015207441233622
0.0151993963972508
0.0151913514863925
0.0151833065010611
0.0151752614412703
0.015167216307034
0.0151591710983662
0.0151511258152808
0.0151430804577916
0.0151350350259127
0.015126989519658
0.0151189439390416
0.0151108982840773
0.0151028525547793
0.0150948067511616
0.0150867608732382
0.0150787149210233
0.0150706688945309
0.0150626227937752
0.0150545766187703
0.0150465303695304
0.0150384840460696
0.0150304376484022
0.0150223911765424
0.0150143446305043
0.0150062980103022
0.0149982513159505
0.0149902045474635
0.0149821577048553
0.0149741107881404
0.0149660637973331
0.0149580167324478
0.0149499695934988
0.0149419223805005
0.0149338750934674
0.014925827732414
0.0149177802973546
0.0149097327883037
0.014901685205276
0.0148936375482857
0.0148855898173476
0.0148775420124761
0.0148694941336859
0.0148614461809914
0.0148533981544075
0.0148453500539485
0.0148373018796293
0.0148292536314645
0.0148212053094687
0.0148131569136568
0.0148051084440433
0.014797059900643
0.0147890112834708
0.0147809625925413
0.0147729138278694
0.01476486498947
0.0147568160773577
0.0147487670915476
0.0147407180320544
0.0147326688988931
0.0147246196920786
0.0147165704116258
0.0147085210575497
0.0147004716298652
0.0146924221285874
0.0146843725537312
0.0146763229053116
0.0146682731833438
0.0146602233878428
0.0146521735188235
0.0146441235763013
0.0146360735602911
0.0146280234708082
0.0146199733078677
0.0146119230714847
0.0146038727616746
0.0145958223784524
0.0145877719218335
0.014579721391833
0.0145716707884663
0.0145636201117486
0.0145555693616954
0.0145475185383218
0.0145394676416433
0.0145314166716752
0.0145233656284329
0.0145153145119319
0.0145072633221875
0.0144992120592152
0.0144911607230305
0.0144831093136488
0.0144750578310857
0.0144670062753567
0.0144589546464773
0.0144509029444631
0.0144428511693297
0.0144347993210927
0.0144267473997676
0.0144186954053702
0.0144106433379162
0.0144025911974211
0.0143945389839006
0.0143864866973705
0.0143784343378466
0.0143703819053445
0.0143623293998801
0.0143542768214691
0.0143462241701274
0.0143381714458708
0.0143301186487151
0.0143220657786763
0.0143140128357701
0.0143059598200125
0.0142979067314195
0.014289853570007
0.014281800335791
0.0142737470287873
0.0142656936490122
0.0142576401964815
0.0142495866712113
0.0142415330732177
0.0142334794025168
0.0142254256591246
0.0142173718430574
0.0142093179543311
0.0142012639929621
0.0141932099589664
0.0141851558523603
0.01417710167316
0.0141690474213818
0.0141609930970418
0.0141529387001564
0.0141448842307419
0.0141368296888145
0.0141287750743907
0.0141207203874867
0.014112665628119
0.0141046107963039
0.0140965558920579
0.0140885009153973
0.0140804458663387
0.0140723907448985
0.0140643355510932
0.0140562802849393
0.0140482249464534
0.0140401695356519
0.0140321140525515
0.0140240584971688
0.0140160028695203
0.0140079471696227
0.0139998913974927
0.0139918355531469
0.0139837796366019
0.0139757236478746
0.0139676675869815
0.0139596114539396
0.0139515552487654
0.013943498971476
0.0139354426220879
0.013927386200618
0.0139193297070833
0.0139112731415005
0.0139032165038865
0.0138951597942583
0.0138871030126328
0.0138790461590268
0.0138709892334575
0.0138629322359417
0.0138548751664964
0.0138468180251387
0.0138387608118856
0.0138307035267542
0.0138226461697615
0.0138145887409247
0.0138065312402608
0.0137984736677871
0.0137904160235206
0.0137823583074786
0.0137743005196781
0.0137662426601366
0.0137581847288712
0.0137501267258991
0.0137420686512376
0.013734010504904
0.0137259522869158
0.01371789399729
0.0137098356360442
0.0137017772031958
0.013693718698762
0.0136856601227604
0.0136776014752083
0.0136695427561233
0.0136614839655227
0.0136534251034242
0.0136453661698451
0.013637307164803
0.0136292480883156
0.0136211889404003
0.0136131297210748
0.0136050704303567
0.0135970110682636
0.0135889516348131
0.013580892130023
0.0135728325539109
0.0135647729064945
0.0135567131877916
0.01354865339782
0.0135405935365974
0.0135325336041416
0.0135244736004703
0.0135164135256016
0.0135083533795531
0.0135002931623428
0.0134922328739886
0.0134841725145084
0.0134761120839201
0.0134680515822416
0.013459991009491
0.0134519303656862
0.0134438696508453
0.0134358088649863
0.0134277480081272
0.0134196870802862
0.0134116260814812
0.0134035650117305
0.0133955038710521
0.0133874426594643
0.0133793813769851
0.0133713200236328
0.0133632585994256
0.0133551971043818
0.0133471355385195
0.0133390739018571
0.0133310121944129
0.0133229504162051
0.0133148885672521
0.0133068266475723
0.013298764657184
0.0132907025961057
0.0132826404643557
0.0132745782619525
0.0132665159889145
0.0132584536452604
0.0132503912310083
0.0132423287461771
0.0132342661907851
0.0132262035648509
0.0132181408683932
0.0132100781014305
0.0132020152639813
0.0131939523560645
0.0131858893776986
0.0131778263289023
0.0131697632096943
0.0131617000200934
0.0131536367601182
0.0131455734297875
0.0131375100291201
0.0131294465581348
0.0131213830168505
0.013113319405286
0.0131052557234601
0.0130971919713916
0.0130891281490996
0.013081064256603
0.0130730002939207
0.0130649362610716
0.0130568721580747
0.0130488079849491
0.0130407437417138
0.0130326794283878
0.0130246150449902
0.01301655059154
0.0130084860680565
0.0130004214745586
0.0129923568110656
0.0129842920775966
0.0129762272741708
0.0129681624008074
0.0129600974575258
0.012952032444345
0.0129439673612843
0.0129359022083632
0.0129278369856008
0.0129197716930166
0.0129117063306298
0.0129036408984598
0.0128955753965262
0.0128875098248481
0.0128794441834451
0.0128713784723367
0.0128633126915423
0.0128552468410814
0.0128471809209736
0.0128391149312383
0.0128310488718952
0.0128229827429638
0.0128149165444637
0.0128068502764145
0.0127987839388359
0.0127907175317476
0.0127826510551692
0.0127745845091204
0.012766517893621
0.0127584512086907
0.0127503844543492
0.0127423176306165
0.0127342507375121
0.0127261837750561
0.0127181167432682
0.0127100496421684
0.0127019824717764
0.0126939152321123
0.0126858479231958
0.0126777805450471
0.0126697130976861
0.0126616455811328
0.0126535779954071
0.0126455103405292
0.012637442616519
0.0126293748233967
0.0126213069611824
0.0126132390298961
0.012605171029558
0.0125971029601883
0.0125890348218072
0.0125809666144349
0.0125728983380915
0.0125648299927974
0.0125567615785728
0.0125486930954379
0.0125406245434132
0.0125325559225188
0.0125244872327753
0.0125164184742029
0.012508349646822
0.0125002807506531
0.0124922117857166
0.0124841427520329
0.0124760736496225
0.012468004478506
0.0124599352387038
0.0124518659302364
0.0124437965531245
0.0124357271073885
0.0124276575930492
0.0124195880101271
0.0124115183586429
0.0124034486386172
0.0123953788500708
0.0123873089930243
0.0123792390674985
0.012371169073514
0.0123630990110918
0.0123550288802525
0.012346958681017
0.0123388884134062
0.0123308180774408
0.0123227476731418
0.0123146772005301
0.0123066066596265
0.012298536050452
0.0122904653730277
0.0122823946273743
0.0122743238135131
0.0122662529314649
0.0122581819812508
0.012250110962892
0.0122420398764094
0.0122339687218242
0.0122258974991576
0.0122178262084307
0.0122097548496646
0.0122016834228805
0.0121936119280997
0.0121855403653434
0.0121774687346329
0.0121693970359894
0.0121613252694343
0.0121532534349888
0.0121451815326743
0.0121371095625123
0.012129037524524
0.0121209654187308
0.0121128932451543
0.0121048210038158
0.0120967486947369
0.0120886763179389
0.0120806038734435
0.0120725313612722
0.0120644587814465
0.0120563861339881
0.0120483134189185
0.0120402406362592
0.0120321677860321
0.0120240948682588
0.0120160218829609
0.0120079488301601
0.0119998757098782
0.0119918025221369
0.011983729266958
0.0119756559443633
0.0119675825543747
0.0119595090970139
0.0119514355723028
0.0119433619802633
0.0119352883209173
0.0119272145942868
0.0119191408003936
0.0119110669392597
0.0119029930109071
0.0118949190153579
0.0118868449526341
0.0118787708227577
0.0118706966257508
0.0118626223616355
0.0118545480304339
0.0118464736321682
0.0118383991668606
0.0118303246345331
0.0118222500352081
0.0118141753689076
0.0118061006356542
0.0117980258354699
0.011789950968377
0.0117818760343979
0.0117738010335549
0.0117657259658704
0.0117576508313668
0.0117495756300664
0.0117415003619916
0.011733425027165
0.011725349625609
0.0117172741573461
0.0117091986223988
0.0117011230207897
0.0116930473525412
0.011684971617676
0.0116768958162167
0.0116688199481859
0.0116607440136062
0.0116526680125002
0.0116445919448908
0.0116365158108006
0.0116284396102523
0.0116203633432686
0.0116122870098725
0.0116042106100865
0.0115961341439336
0.0115880576114367
0.0115799810126185
0.011571904347502
0.01156382761611
0.0115557508184656
0.0115476739545916
0.011539597024511
0.0115315200282468
0.0115234429658221
0.0115153658372598
0.0115072886425832
0.0114992113818151
0.0114911340549787
0.0114830566620972
0.0114749792031937
0.0114669016782914
0.0114588240874135
0.0114507464305831
0.0114426687078236
0.0114345909191582
0.0114265130646102
0.0114184351442028
0.0114103571579595
0.0114022791059035
0.0113942009880582
0.0113861228044471
0.0113780445550935
0.011369966240021
0.0113618878592528
0.0113538094128126
0.0113457309007239
0.01133765232301
0.0113295736796948
0.0113214949708016
0.0113134161963541
0.0113053373563759
0.0112972584508907
0.011289179479922
0.0112811004434937
0.0112730213416294
0.0112649421743528
0.0112568629416877
0.0112487836436579
0.0112407042802871
0.0112326248515993
0.0112245453576181
0.0112164657983675
0.0112083861738714
0.0112003064841537
0.0111922267292383
0.0111841469091492
0.0111760670239104
0.0111679870735458
0.0111599070580794
0.0111518269775354
0.0111437468319378
0.0111356666213107
0.0111275863456782
0.0111195060050643
0.0111114255994934
0.0111033451289895
0.0110952645935769
0.0110871839932798
0.0110791033281225
0.0110710225981292
0.0110629418033242
0.0110548609437318
0.0110467800193765
0.0110386990302824
0.011030617976474
0.0110225368579758
0.0110144556748122
0.0110063744270075
0.0109982931145864
0.0109902117375733
0.0109821302959926
0.010974048789869
0.0109659672192271
0.0109578855840913
0.0109498038844863
0.0109417221204369
0.0109336402919675
0.0109255583991029
0.0109174764418679
0.010909394420287
0.0109013123343852
0.0108932301841871
0.0108851479697176
0.0108770656910015
0.0108689833480635
0.0108609009409288
0.0108528184696219
0.0108447359341679
0.0108366533345918
0.0108285706709184
0.0108204879431727
0.0108124051513798
0.0108043222955647
0.0107962393757524
0.0107881563919681
0.0107800733442367
0.0107719902325835
0.0107639070570335
0.0107558238176119
0.010747740514344
0.0107396571472549
0.0107315737163698
0.0107234902217141
0.0107154066633129
0.0107073230411917
0.0106992393553756
0.0106911556058902
0.0106830717927608
0.0106749879160126
0.0106669039756713
0.0106588199717621
0.0106507359043106
0.0106426517733423
0.0106345675788826
0.0106264833209571
0.0106183989995915
0.0106103146148112
0.0106022301666418
0.0105941456551091
0.0105860610802386
0.0105779764420561
0.0105698917405871
0.0105618069758575
0.010553722147893
0.0105456372567194
0.0105375523023624
0.0105294672848479
0.0105213822042017
0.0105132970604496
0.0105052118536176
0.0104971265837316
0.0104890412508175
0.0104809558549012
0.0104728703960088
0.0104647848741662
0.0104566992893996
0.0104486136417348
0.010440527931198
0.0104324421578153
0.0104243563216129
0.0104162704226168
0.0104081844608532
0.0104000984363484
0.0103920123491285
0.0103839261992198
0.0103758399866485
0.010367753711441
0.0103596673736235
0.0103515809732224
0.0103434945102641
0.0103354079847749
0.0103273213967811
0.0103192347463094
0.0103111480333861
0.0103030612580377
0.0102949744202906
0.0102868875201715
0.0102788005577069
0.0102707135329233
0.0102626264458473
0.0102545392965056
0.0102464520849248
0.0102383648111315
0.0102302774751525
0.0102221900770144
0.0102141026167441
0.0102060150943683
0.0101979275099138
0.0101898398634073
0.0101817521548756
0.0101736643843458
0.0101655765518446
0.010157488657399
0.0101494007010359
0.0101413126827822
0.010133224602665
0.0101251364607111
0.0101170482569478
0.0101089599914019
0.0101008716641006
0.010092783275071
0.0100846948243402
0.0100766063119353
0.0100685177378836
0.0100604291022123
0.0100523404049484
0.0100442516461193
0.0100361628257523
0.0100280739438747
0.0100199850005137
0.0100118959956967
0.010003806929451
0.00999571780180419
0.00998762861278351
0.00997953936241644
0.00997145005073039
0.00996336067775291
0.0099552712435115
0.00994718174803373
0.00993909219134706
0.00993100257347925
0.00992291289445769
0.00991482315431015
0.00990673335306424
0.00989864349074767
0.00989055356738815
0.00988246358301337
0.00987437353765113
0.00986628343132919
0.0098581932640753
0.00985010303591736
0.00984201274688317
0.00983392239700066
0.0098258319862977
0.00981774151480227
0.00980965098254223
0.00980156038954559
0.00979346973584038
0.00978537902145455
0.0097772882464162
0.00976919741075349
0.00976110651449437
0.00975301555766701
0.00974492454029958
0.0097368334624202
0.00972874232405718
0.00972065112523865
0.00971255986599288
0.00970446854634809
0.00969637716633265
0.00968828572597488
0.00968019422530304
0.00967210266434554
0.00966401104313084
0.00965591936168728
0.00964782762004333
0.00963973581822744
0.00963164395626819
0.009623552034194
0.0096154600520334
0.00960736800981501
0.00959927590756742
0.00959118374531923
0.00958309152309915
0.00957499924093577
0.00956690689885777
0.00955881449689391
0.00955072203507291
0.00954262951342358
0.00953453693197469
0.00952644429075503
0.00951835158979344
0.00951025882911882
0.00950216600876008
0.00949407312874609
0.00948598018910582
0.00947788718986821
0.00946979413106231
0.00946170101271703
0.00945360783486153
0.00944551459752478
0.00943742130073594
0.0094293279445241
0.00942123452891844
0.00941314105394806
0.00940504751964227
0.0093969539260302
0.00938886027314111
0.00938076656100427
0.00937267278964891
0.00936457895910447
0.00935648506940017
0.00934839112056547
0.00934029711262977
0.00933220304562248
0.00932410891957303
0.00931601473451081
0.0093079204904655
0.00929982618746653
0.00929173182554338
0.00928363740472573
0.00927554292504314
0.00926744838652519
0.00925935378920162
0.00925125913310204
0.00924316441825611
0.00923506964469368
0.00922697481244445
0.00921887992153816
0.00921078497200458
0.00920268996387364
0.00919459489717515
0.00918649977193898
0.00917840458819503
0.00917030934597329
0.00916221404530361
0.00915411868621604
0.00914602326874057
0.00913792779290725
0.00912983225874616
0.0091217366662873
0.00911364101556084
0.00910554530659695
0.0090974495394257
0.00908935371407738
0.00908125783058212
0.00907316188897019
0.00906506588927191
0.0090569698315175
0.00904887371573728
0.00904077754196159
0.00903268131022088
0.0090245850205454
0.00901648867296571
0.00900839226751221
0.00900029580421531
0.00899219928310562
0.00898410270421358
0.00897600606756972
0.00896790937320471
0.00895981262114905
0.00895171581143346
0.00894361894408854
0.008935522019145
0.00892742503663348
0.00891932799658482
0.00891123089902966
0.00890313374399889
0.00889503653152325
0.00888693926163362
0.00887884193436082
0.00887074454973581
0.0088626471077894
0.0088545496085526
0.00884645205205636
0.00883835443833171
0.00883025676740957
0.00882215903932111
0.00881406125409734
0.00880596341176937
0.0087978655123683
0.0087897675559253
0.00878166954247155
0.00877357147203822
0.00876547334465665
0.00875737516035799
0.00874927691917355
0.00874117862113463
0.00873308026627255
0.00872498185461877
0.00871688338620455
0.0087087848610614
0.00870068627922071
0.00869258764071397
0.00868448894557268
0.00867639019382834
0.00866829138551252
0.00866019252065678
0.00865209359929271
0.00864399462145197
0.00863589558716618
0.00862779649646704
0.00861969734938623
0.00861159814595552
0.00860349888620665
0.00859539957017148
0.0085873001978817
0.00857920076936924
0.00857110128466593
0.00856300174380363
0.00855490214681428
0.00854680249372994
0.00853870278458244
0.00853060301940386
0.00852250319822623
0.00851440332108159
0.008506303388002
0.00849820339901956
0.00849010335416646
0.00848200325347479
0.00847390309697679
0.00846580288470464
0.00845770261669061
0.00844960229296697
0.00844150191356602
0.0084334014785201
0.00842530098786149
0.00841720044162267
0.00840909983983601
0.00840099918253392
0.0083928984697489
0.00838479770151339
0.00837669687785988
0.00836859599882098
0.00836049506442929
0.00835239407471729
0.00834429302971762
0.00833619192946303
0.00832809077398611
0.00831998956331958
0.0083118882974962
0.00830378697654868
0.00829568560050986
0.00828758416941251
0.00827948268328953
0.00827138114217373
0.008263279546098
0.00825517789509529
0.00824707618919853
0.00823897442844072
0.00823087261285489
0.00822277074247401
0.00821466881733118
0.00820656683745945
0.008198464802892
0.00819036271366197
0.00818226056980253
0.00817415837134677
0.00816605611832801
0.00815795381077946
0.0081498514487344
0.00814174903222617
0.0081336465612881
0.00812554403595351
0.00811744145625587
0.00810933882222853
0.00810123613390498
0.00809313339131864
0.00808503059450309
0.00807692774349178
0.00806882483831828
0.00806072187901617
0.00805261886561916
0.0080445157981608
0.00803641267667475
0.00802830950119476
0.00802020627175449
0.00801210298838775
0.00800399965112833
0.00799589626000994
0.00798779281506649
0.00797968931633185
0.00797158576383993
0.00796348215762463
0.00795537849771981
0.00794727478415952
0.00793917101697778
0.00793106719620859
0.00792296332188602
0.00791485939404423
0.00790675541271721
0.00789865137793914
0.00789054728974424
0.00788244314816669
0.00787433895324069
0.00786623470500048
0.00785813040348041
0.00785002604871475
0.00784192164073789
0.00783381717958411
0.00782571266528786
0.0078176080978836
0.00780950347740574
0.00780139880388874
0.00779329407736713
0.00778518929787548
0.00777708446544828
0.00776897958012027
0.00776087464192595
0.00775276965090003
0.00774466460707718
0.00773655951049205
0.00772845436117948
0.00772034915917417
0.00771224390451099
0.00770413859722472
0.00769603323735016
0.00768792782492222
0.00767982235997581
0.00767171684254593
0.00766361127266741
0.00765550565037544
0.00764739997570489
0.00763929424869082
0.00763118846936841
0.00762308263777269
0.0076149767539388
0.00760687081790192
0.00759876482969726
0.00759065878936006
0.00758255269692555
0.00757444655242898
0.00756634035590576
0.00755823410739115
0.00755012780692052
0.00754202145452933
0.00753391505025294
0.00752580859412684
0.00751770208618651
0.00750959552646752
0.00750148891500532
0.00749338225183553
0.0074852755369937
0.00747716877051556
0.00746906195243674
0.00746095508279285
0.00745284816161968
0.00744474118895295
0.00743663416482841
0.00742852708928196
0.00742041996234939
0.00741231278406647
0.00740420555446922
0.00739609827359352
0.0073879909414753
0.00737988355815052
0.00737177612365527
0.00736366863802559
0.00735556110129748
0.00734745351350702
0.00733934587469044
0.00733123818488384
0.0073231304441234
0.00731502265244533
0.0073069148098859
0.00729880691648143
0.00729069897226813
0.00728259097728239
0.00727448293156059
0.00726637483513904
0.00725826668805423
0.00725015849034259
0.00724205024204064
0.00723394194318486
0.00722583359381174
0.00721772519395798
0.00720961674366009
0.00720150824295465
0.0071933996918784
0.00718529109046803
0.00717718243876032
0.00716907373679187
0.00716096498459956
0.0071528561822202
0.00714474732969055
0.00713663842704755
0.00712852947432813
0.00712042047156914
0.00711231141880762
0.00710420231608049
0.00709609316342476
0.00708798396087755
0.00707987470847582
0.00707176540625686
0.00706365605425767
0.00705554665251544
0.00704743720106732
0.00703932769995062
0.00703121814920257
0.00702310854886043
0.00701499889896164
0.00700688919954345
0.00699877945064326
0.00699066965229848
0.00698255980454656
0.00697444990742494
0.00696633996097118
0.00695822996522275
0.00695011992021725
0.00694200982599225
0.0069338996825854
0.00692578949003433
0.00691767924837671
0.0069095689576503
0.00690145861789283
0.00689334822914201
0.00688523779143571
0.0068771273048118
0.00686901676930813
0.00686090618496253
0.00685279555181295
0.00684468486989735
0.00683657413925378
0.00682846335992021
0.0068203525319347
0.00681224165533533
0.00680413073016016
0.00679601975644736
0.00678790873423518
0.00677979766356169
0.00677168654446527
0.00676357537698406
0.0067554641611565
0.00674735289702074
0.0067392415846152
0.00673113022397839
0.0067230188151486
0.00671490735816433
0.00670679585306403
0.00669868429988626
0.00669057269866948
0.00668246104945241
0.00667434935227349
0.00666623760717147
0.00665812581418495
0.00665001397335268
0.00664190208471343
0.00663379014830587
0.00662567816416881
0.00661756613234108
0.00660945405286159
0.00660134192576917
0.00659322975110279
0.00658511752890132
0.00657700525920381
0.0065688929420492
0.00656078057747663
0.00655266816552512
0.00654455570623376
0.00653644319964166
0.00652833064578806
0.00652021804471217
0.00651210539645324
0.00650399270105042
0.00649587995854306
0.0064877671689705
0.00647965433237212
0.00647154144878727
0.00646342851825541
0.00645531554081589
0.0064472025165083
0.00643908944537214
0.00643097632744693
0.00642286316277226
0.00641474995138783
0.00640663669333314
0.00639852338864789
0.0063904100373718
0.00638229663954468
0.00637418319520622
0.00636606970439627
0.00635795616715467
0.00634984258352126
0.00634172895353585
0.00633361527723857
0.00632550155466927
0.00631738778586791
0.00630927397087458
0.00630116010972927
0.00629304620247213
0.00628493224914332
0.00627681824978286
0.00626870420443104
0.00626059011312812
0.00625247597591428
0.0062443617928298
0.006236247563915
0.00622813328921025
0.00622001896875592
0.0062119046025924
0.0062037901907602
0.00619567573329978
0.00618756123025159
0.0061794466816562
0.00617133208755422
0.00616321744798622
0.00615510276299285
0.00614698803261475
0.00613887325689266
0.00613075843586731
0.00612264356957947
0.00611452865806992
0.00610641370137962
0.00609829869954929
0.00609018365261989
0.00608206856063234
0.00607395342362762
0.00606583824164674
0.00605772301473068
0.00604960774292054
0.00604149242625746
0.00603337706478249
0.00602526165853683
0.0060171462075616
0.00600903071189818
0.00600091517158773
0.00599279958667158
0.00598468395719101
0.00597656828318742
0.00596845256470226
0.00596033680177686
0.00595222099445273
0.00594410514277135
0.00593598924677418
0.0059278733065029
0.00591975732199904
0.00591164129330425
0.00590352522046016
0.00589540910350846
0.00588729294249087
0.00587917673744924
0.00587106048842523
0.00586294419546073
0.00585482785859766
0.00584671147787776
0.00583859505334305
0.00583047858503556
0.00582236207299714
0.0058142455172699
0.0058061289178958
0.00579801227491707
0.00578989558837574
0.00578177885831402
0.00577366208477407
0.00576554526779822
0.00575742840742857
0.00574931150370759
0.00574119455667744
0.00573307756638057
0.00572496053285937
0.00571684345615628
0.00570872633631368
0.00570060917337416
0.00569249196738024
0.00568437471837444
0.00567625742639939
0.00566814009149777
0.00566002271371219
0.00565190529308532
0.00564378782966
0.00563567032347893
0.00562755277458483
0.00561943518302065
0.00561131754882932
0.00560319987205359
0.00559508215273647
0.00558696439092087
0.00557884658664999
0.00557072873996667
0.00556261085091412
0.00555449291953539
0.00554637494587361
0.00553825692997199
0.00553013887187373
0.00552202077162207
0.00551390262926028
0.00550578444483174
0.00549766621837978
0.00548954794994774
0.00548142963957904
0.00547331128731723
0.00546519289320569
0.00545707445728804
0.00544895597960773
0.00544083746020843
0.00543271889913384
0.00542460029642746
0.00541648165213311
0.00540836296629447
0.00540024423895532
0.00539212547015947
0.00538400665995073
0.00537588780837302
0.0053677689154702
0.00535964998128617
0.00535153100586501
0.00534341198925066
0.00533529293148724
0.00532717383261878
0.00531905469268943
0.0053109355117433
0.00530281628982458
0.0052946970269775
0.00528657772324634
0.00527845837867533
0.0052703389933089
0.00526221956719131
0.00525410010036701
0.00524598059288049
0.00523786104477615
0.00522974145609842
0.00522162182689204
0.0052135021572014
0.00520538244707122
0.00519726269654611
0.00518914290567068
0.00518102307448974
0.0051729032030481
0.00516478329139043
0.00515666333956162
0.00514854334760648
0.0051404233155699
0.00513230324349686
0.00512418313143228
0.00511606297942118
0.00510794278750868
0.00509982255573974
0.00509170228415952
0.00508358197281315
0.00507546162174584
0.00506734123100282
0.0050592208006292
0.00505110033067046
0.0050429798211719
0.00503485927217871
0.00502673868373646
0.00501861805589058
0.00501049738868647
0.00500237668216964
0.00499425593638569
0.00498613515138008
0.00497801432719851
0.00496989346388668
0.00496177256149016
0.00495365162005474
0.00494553063962618
0.00493740962025027
0.00492928856197287
0.00492116746483979
0.00491304632889692
0.00490492515419032
0.00489680394076584
0.00488868268866959
0.00488056139794758
0.0048724400686459
0.00486431870081067
0.004856197294488
0.00484807584972419
0.00483995436656542
0.00483183284505791
0.00482371128524802
0.00481558968718213
0.00480746805090665
0.00479934637646792
0.00479122466391242
0.00478310291328658
0.004774981124637
0.00476685929801028
0.00475873743345292
0.00475061553101163
0.00474249359073306
0.00473437161266396
0.00472624959685108
0.00471812754334112
0.004710005452181
0.00470188332341761
0.0046937611570978
0.00468563895326849
0.0046775167119767
0.0046693944332694
0.00466127211719363
0.00465314976379651
0.00464502737312517
0.00463690494522668
0.00462878248014836
0.00462065997793739
0.00461253743864108
0.00460441486230673
0.00459629224898167
0.00458816959871332
0.00458004691154907
0.00457192418753634
0.00456380142672267
0.0045556786291556
0.00454755579488267
0.00453943292395165
0.00453131001641006
0.00452318707230561
0.00451506409168599
0.004506941074599
0.00449881802109244
0.00449069493121416
0.00448257180501209
0.00447444864253401
0.00446632544382799
0.00445820220894195
0.00445007893792395
0.00444195563082211
0.00443383228768452
0.00442570890855923
0.00441758549349451
0.00440946204253859
0.00440133855573964
0.00439321503314615
0.00438509147480626
0.00437696788076846
0.00436884425108108
0.00436072058579263
0.00435259688495162
0.00434447314860657
0.00433634937680594
0.00432822556959848
0.00432010172703272
0.00431197784915745
0.00430385393602136
0.0042957299876732
0.00428760600416174
0.00427948198553585
0.00427135793184443
0.00426323384313635
0.0042551097194606
0.0042469855608662
0.00423886136740211
0.0042307371391175
0.00422261287606139
0.00421448857828291
0.00420636424583136
0.00419823987875596
0.00419011547710587
0.00418199104093048
0.00417386657027905
0.0041657420652011
0.00415761752574598
0.00414949295196317
0.00414136834390213
0.00413324370161246
0.00412511902514376
0.00411699431454558
0.00410886956986763
0.00410074479115957
0.00409261997847117
0.00408449513185217
0.00407637025135252
0.00406824533702197
0.00406012038891037
0.0040519954070678
0.00404387039154413
0.00403574534238938
0.00402762025965366
0.00401949514338711
0.00401136999363968
0.00400324481046174
0.00399511959390336
0.00398699434401498
0.00397886906084673
0.00397074374444905
0.00396261839487233
0.00395449301216695
0.00394636759638332
0.00393824214757199
0.0039301166657835
0.00392199115106837
0.00391386560347724
0.00390574002306082
0.0038976144098698
0.00388948876395492
0.00388136308536691
0.00387323737415658
0.00386511163037485
0.00385698585407261
0.00384886004530077
0.00384073420411036
0.00383260833055241
0.00382448242467795
0.0038163564865381
0.00380823051618401
0.00380010451366683
0.00379197847903786
0.00378385241234828
0.00377572631364939
0.00376760018299268
0.00375947402042941
0.00375134782601095
0.00374322159978896
0.00373509534181489
0.00372696905214025
0.00371884273081667
0.0037107163778957
0.00370258999342917
0.00369446357746873
0.00368633713006608
0.00367821065127309
0.0036700841411415
0.00366195759972341
0.00365383102707051
0.00364570442323493
0.0036375777882686
0.00362945112222361
0.00362132442515199
0.00361319769710593
0.00360507093813766
0.00359694414829925
0.00358881732764311
0.00358069047622146
0.00357256359408664
0.00356443668129101
0.00355630973788704
0.00354818276392716
0.00354005575946398
0.00353192872454991
0.00352380165923764
0.0035156745635797
0.00350754743762893
0.00349942028143791
0.00349129309505948
0.00348316587854636
0.00347503863195149
0.00346691135532773
0.00345878404872792
0.00345065671220518
0.0034425293458124
0.00343440194960271
0.00342627452362917
0.00341814706794491
0.00341001958260319
0.00340189206765709
0.00339376452316009
0.00338563694916541
0.00337750934572634
0.0033693817128963
0.00336125405072875
0.0033531263592772
0.00334499863859513
0.00333687088873612
0.00332874310975371
0.00332061530170164
0.00331248746463368
0.00330435959860343
0.00329623170366471
0.00328810377987144
0.00327997582727736
0.00327184784593647
0.0032637198359026
0.00325559179722986
0.00324746372997226
0.00323933563418391
0.00323120750991887
0.00322307935723139
0.00321495117617568
0.00320682296680589
0.00319869472917643
0.00319056646334167
0.00318243816935582
0.00317430984727348
0.00316618149714917
0.00315805311903727
0.0031499247129924
0.00314179627906912
0.00313366781732216
0.00312553932780615
0.00311741081057584
0.00310928226568603
0.00310115369319156
0.0030930250931472
0.00308489646560802
0.00307676781062885
0.0030686391282647
0.00306051041857069
0.00305238168160189
0.00304425291741332
0.00303612412606031
0.00302799530759803
0.00301986646208177
0.00301173758956681
0.00300360869010854
0.00299547976376228
0.00298735081058351
0.00297922183062781
0.00297109282395054
0.00296296379060735
0.00295483473065393
0.00294670564414583
0.00293857653113884
0.00293044739168872
0.00292231822585129
0.00291418903368237
0.0029060598152378
0.0028979305705736
0.00288980129974583
0.0028816720028103
0.00287354267982318
0.0028654133308406
0.00285728395591872
0.00284915455511367
0.00284102512848182
0.00283289567607937
0.00282476619796272
0.00281663669418815
0.00280850716481225
0.00280037760989141
0.00279224802948217
0.00278411842364108
0.00277598879242484
0.00276785913588993
0.00275972945409326
0.00275159974709144
0.00274347001494137
0.00273534025769977
0.00272721047542361
0.00271908066816987
0.00271095083599539
0.00270282097895735
0.00269469109711265
0.00268656119051853
0.00267843125923216
0.00267030130331071
0.00266217132281149
0.0026540413177917
0.00264591128830872
0.00263778123441996
0.00262965115618291
0.00262152105365498
0.00261339092689376
0.00260526077595677
0.00259713060090168
0.0025890004017861
0.00258087017866779
0.00257273993160452
0.00256460966065415
0.00255647936587451
0.0025483490473235
0.00254021870505903
0.0025320883391392
0.00252395794962198
0.00251582753656535
0.00250769710002758
0.00249956664006687
0.00249143615674149
0.00248330565010957
0.00247517512022947
0.00246704456715965
0.00245891399095854
0.00245078339168449
0.00244265276939613
0.00243452212415193
0.00242639145601061
0.00241826076503078
0.00241013005127114
0.00240199931479042
0.00239386855564738
0.00238573777390104
0.00237760696961017
0.00236947614283364
0.00236134529363047
0.00235321442205984
0.00234508352818078
0.00233695261205238
0.00232882167373383
0.00232069071328435
0.0023125597307633
0.00230442872622981
0.00229629769974348
0.0022881666513636
0.00228003558114968
0.00227190448916122
0.0022637733754578
0.00225564224009902
0.00224751108314449
0.00223937990465399
0.00223124870468729
0.00222311748330422
0.00221498624056466
0.0022068549765284
0.00219872369125545
0.00219059238480584
0.00218246105723955
0.00217432970861668
0.00216619833899746
0.0021580669484421
0.00214993553701076
0.00214180410476381
0.00213367265176146
0.00212554117806422
0.00211740968373249
0.00210927816882683
0.00210114663340765
0.0020930150775357
0.00208488350127153
0.00207675190467585
0.00206862028780929
0.00206048865073278
0.0020523569935071
0.00204422531619309
0.00203609361885175
0.0020279619015441
0.00201983016433109
0.00201169840727376
0.00200356663043335
0.00199543483387098
0.00198730301764794
0.00197917118182554
0.00197103932646508
0.00196290745162786
0.0019547755573754
0.00194664364376917
0.00193851171087063
0.00193037975874146
0.00192224778744332
0.0019141157970377
0.00190598378758651
0.00189785175915144
0.00188971971179444
0.00188158764557725
0.00187345556056195
0.00186532345681041
0.00185719133438467
0.00184905919334686
0.0018409270337591
0.0018327948556836
0.00182466265918258
0.00181653044431843
0.00180839821115336
0.00180026595974977
0.00179213369017013
0.00178400140247687
0.0017758690967327
0.00176773677300008
0.00175960443134163
0.00175147207182013
0.00174333969449835
0.00173520729943897
0.00172707488670502
0.00171894245635931
0.00171081000846466
0.00170267754308433
0.00169454506028122
0.00168641256011835
0.0016782800426591
0.00167014750796646
0.00166201495610384
0.00165388238713454
0.00164574980112186
0.00163761719812934
0.00162948457822045
0.00162135194145858
0.00161321928790737
0.00160508661763045
0.00159695393069155
0.00158882122715435
0.00158068850708261
0.00157255577054023
0.00156442301759099
0.00155629024829889
0.00154815746272796
0.00154002466094221
0.00153189184300574
0.00152375900898269
0.0015156261589373
0.00150749329293378
0.00149936041103652
0.00149122751330975
0.00148309459981807
0.00147496167062574
0.00146682872579741
0.00145869576539761
0.00145056278949103
0.00144242979814234
0.00143429679141618
0.00142616376937739
0.00141803073209083
0.00140989767962139
0.00140176461203396
0.00139363152939358
0.00138549843176532
0.00137736531921432
0.00136923219180562
0.00136109904960446
0.00135296589267626
0.00134483272108616
0.0013366995348996
0.00132856633418199
0.00132043311899885
0.00131229988941578
0.00130416664549833
0.00129603338731203
0.00128790011492273
0.00127976682839603
0.00127163352779787
0.00126350021319404
0.00125536688465056
0.00124723354223324
0.0012391001860082
0.00123096681604154
0.00122283343239929
0.00121470003514773
0.00120656662435306
0.0011984332000817
0.00119029976239984
0.00118216631137396
0.00117403284707046
0.00116589936955595
0.00115776587889696
0.00114963237516013
0.00114149885841215
0.00113336532871967
0.00112523178614958
0.0011170982307687
0.001108964662644
0.00110083108184225
0.00109269748843063
0.00108456388247616
0.00107643026404599
0.00106829663320728
0.00106016299002731
0.00105202933457328
0.00104389566691258
0.00103576198711271
0.00102762829524094
0.00101949459136487
0.00101136087555217
0.00100322714787044
0.000995093408387274
0.000986959657170443
0.000978825894287747
0.000970692119807057
0.000962558333796224
0.000954424536323282
0.000946290727456174
0.000938156907263081
0.000930023075812025
0.000921889233171281
0.000913755379409147
0.000905621514593766
0.000897487638793659
0.000889353752077113
0.000881219854512713
0.000873085946168969
0.000864952027114401
0.000856818097417709
0.000848684157147588
0.000840550206372769
0.000832416245162203
0.000824282273584568
0.00081614829170891
0.000808014299604147
0.000799880297339484
0.000791746284983836
0.000783612262606466
0.000775478230276646
0.000767344188063586
0.000759210136036565
0.000751076074265054
0.000742942002818473
0.0007348079217663
0.000726673831178217
0.00071853973112376
0.000710405621672586
0.000702271502894572
0.000694137374859351
0.000686003237636959
0.000677869091297153
0.000669734935909893
0.000661600771545328
0.000653466598273559
0.000645332416164659
0.000637198225288955
0.000629064025716559
0.000620929817517905
0.000612795600763347
0.000604661375523257
0.000596527141868366
0.000588392899868919
0.000580258649595699
0.000572124391119413
0.000563990124510901
0.000555855849840688
0.00054772156717984
0.000539587276599205
0.000531452978169838
0.000523318671962642
0.000515184358048828
0.000507050036499592
0.000498915707386045
0.000490781370779439
0.000482647026751193
0.000474512675372645
0.000466378316715288
0.000458243950850683
0.000450109577850272
0.00044197519778574
0.000433840810728904
0.0004257064167514
0.000417572015925152
0.000409437608321912
0.00040130319401366
0.000393168773072404
0.000385034345570227
0.000376899911579293
0.000368765471171598
0.0003606310244196
0.000352496571395515
0.000344362112171562
0.000336227646820386
0.000328093175414376
0.000319958698026144
0.000311824214728179
0.000303689725593282
0.000295555230694095
0.000287420730103366
0.000279286223894167
0.000271151712139174
0.000263017194911439
0.000254882672283998
0.000246748144330041
0.000238613611122564
0.000230479072734996
0.000222344529240315
0.000214209980712187
0.000206075427223794
0.000197940868848765
0.000189806305660607
0.000181671737732805
0.000173537165139209
0.000165402587953369
0.000157268006249201
0.000149133420100388
0.000140998829580979
0.000132864234764861
0.00012472963572606
0.000116595032538737
0.00010846042527705
0.000100325814015084
9.21911988272703e-05
8.40565797879851e-05
7.59219569715469e-05
6.77873304524995e-05
5.96527003052587e-05
5.151806660443e-05
4.3383429424756e-05
3.52487888409922e-05
2.71141449279428e-05
1.8979497760407e-05
1.08448474132142e-05
2.71019396149034e-06
-5.42446251971473e-06
-1.35591219553921e-05
-2.16937842703608e-05
-2.98284493893742e-05
-3.79631172370667e-05
-4.60977877381141e-05
-5.42324608170736e-05
-6.23671363985619e-05
-7.05018144068627e-05
-7.86364947664267e-05
-8.67711774015324e-05
-9.49058622365006e-05
-0.000103040549195426
-0.000111175238202464
-0.000119309929181813
-0.000127444622057157
-0.000135579316752656
-0.00014371401319208
-0.00015184871129928
-0.000159983410998023
-0.000168118112211887
-0.000176252814864422
-0.000184387518879201
-0.000192522224179845
-0.000200656930689602
-0.000208791638331892
-0.000216926347029797
-0.000225061056706737
-0.000233195767285813
-0.000241330478690007
-0.000249465190842385
-0.000257599903665947
-0.000265734617083485
-0.000273869331017893
-0.000282004045391854
-0.000290138760128133
-0.000298273475149234
-0.000306408190377742
-0.000314542905736143
-0.000322677621146841
-0.000330812336532178
-0.000338947051814434
-0.000347081766915899
-0.000355216481758633
-0.000363351196264748
-0.000371485910356199
-0.000379620623954989
-0.00038775533698304
-0.000395890049362086
-0.00040402476101383
-0.000412159471860068
-0.00042029418182236
-0.00042842889082223
-0.000436563598781153
-0.000444698305620526
-0.000452833011261722
-0.000460967715626053
-0.000469102418634637
-0.000477237120208644
-0.000485371820269258
-0.000493506518737339
-0.000501641215533855
-0.000509775910579732
-0.000517910603795703
-0.000526045295102385
-0.000534179984420577
-0.000542314671670793
-0.000550449356773655
-0.00055858403964948
-0.000566718720218825
-0.000574853398401814
-0.0005829880741189
-0.000591122747289954
-0.00059925741783535
-0.000607392085675061
-0.000615526750729117
-0.000623661412917278
-0.00063179607215951
-0.000639930728375415
-0.00064806538148484
-0.000656200031407307
-0.000664334678062545
-0.000672469321369842
-0.000680603961248695
-0.000688738597618388
-0.000696873230398301
-0.000705007859507503
-0.000713142484865219
-0.000721277106390421
-0.000729411724002271
-0.000737546337619627
-0.000745680947161189
-0.000753815552545907
-0.000761950153692425
-0.00077008475051944
-0.000778219342945519
-0.000786353930888994
-0.00079448851426843
-0.000802623093002238
-0.000810757667008692
-0.000818892236205839
-0.000827026800511993
-0.000835161359845258
-0.000843295914123467
-0.000851430463264668
-0.000859565007186638
-0.000867699545807213
-0.000875834079044095
-0.000883968606814911
-0.000892103129037365
-0.000900237645628758
-0.000908372156506602
-0.000916506661588241
-0.000924641160791037
-0.000932775654032082
-0.000940910141228492
-0.000949044622297441
-0.000957179097155875
-0.00096531356572074
-0.000973448027908946
-0.000981582483637115
-0.000989716932821968
-0.000997851375380309
-0.00100598581122851
-0.00101412024028308
-0.00102225466246048
-0.00103038907767704
-0.00103852348584901
-0.00104665788689265
-0.00105479228072404
-0.00106292666725916
-0.0010710610464139
-0.00107919541810427
-0.00108732978224607
-0.0010954641387552
-0.00110359848754719
-0.00111173282853764
-0.0011198671616421
-0.00112800148677591
-0.00113613580385456
-0.00114427011279335
-0.00115240441350737
-0.00116053870591194
-0.00116867298992218
-0.00117680726545294
-0.0011849415324192
-0.00119307579073572
-0.00120121004031752
-0.00120934428107901
-0.00121747851293493
-0.00122561273579997
-0.00123374694958846
-0.00124188115421485
-0.00125001534959356
-0.00125814953563861
-0.00126628371226439
-0.00127441787938491
-0.00128255203691412
-0.00129068618476602
-0.00129882032285452
-0.00130695445109349
-0.00131508856939652
-0.00132322267767722
-0.0013313567758492
-0.00133949086382611
-0.00134762494152105
-0.00135575900884761
-0.00136389306571896
-0.00137202711204838
-0.00138016114774877
-0.00138829517273329
-0.00139642918691481
-0.00140456319020635
-0.00141269718252052
-0.00142083116377018
-0.00142896513386789
-0.00143709909272622
-0.00144523304025774
-0.00145336697637487
-0.00146150090098988
-0.00146963481401487
-0.00147776871536222
-0.00148590260494395
-0.00149403648267207
-0.00150217034845866
-0.00151030420221529
-0.00151843804385393
-0.00152657187328631
-0.00153470569042397
-0.0015428394951786
-0.00155097328746151
-0.00155910706718411
-0.00156724083425769
-0.00157537458859361
-0.0015835083301029
-0.00159164205869658
-0.00159977577428581
-0.00160790947678142
-0.00161604316609431
-0.00162417684213509
-0.00163231050481446
-0.00164044415404312
-0.00164857778973152
-0.00165671141179013
-0.00166484502012918
-0.00167297861465903
-0.0016811121952899
-0.00168924576193189
-0.00169737931449509
-0.00170551285288932
-0.00171364637702454
-0.00172177988681049
-0.00172991338215679
-0.00173804686297322
-0.00174618032916919
-0.0017543137806543
-0.00176244721733796
-0.00177058063912941
-0.00177871404593771
-0.00178684743767213
-0.00179498081424189
-0.00180311417555577
-0.00181124752152272
-0.0018193808520514
-0.00182751416705064
-0.00183564746642917
-0.0018437807500955
-0.00185191401795812
-0.00186004726992545
-0.00186818050590584
-0.00187631372580744
-0.00188444692953839
-0.0018925801170067
-0.00190071328812057
-0.00190884644278764
-0.00191697958091594
-0.00192511270241313
-0.00193324580718691
-0.00194137889514473
-0.00194951196619414
-0.00195764502024265
-0.00196577805719743
-0.00197391107696579
-0.00198204407945479
-0.00199017706457144
-0.00199831003222289
-0.00200644298231606
-0.00201457591475767
-0.00202270882945436
-0.00203084172631291
-0.00203897460523972
-0.00204710746614146
-0.00205524030892453
-0.00206337313349518
-0.00207150593975955
-0.00207963872762378
-0.00208777149699394
-0.00209590424777593
-0.00210403697987577
-0.0021121696931992
-0.00212030238765193
-0.00212843506313965
-0.00213656771956768
-0.00214470035684155
-0.00215283297486668
-0.0021609655735484
-0.00216909815279185
-0.002177230712502
-0.00218536325258415
-0.00219349577294288
-0.00220162827348333
-0.00220976075411005
-0.00221789321472782
-0.00222602565524121
-0.0022341580755546
-0.00224229047557255
-0.00225042285519938
-0.00225855521433929
-0.00226668755289624
-0.00227481987077451
-0.00228295216787795
-0.00229108444411057
-0.00229921669937608
-0.00230734893357818
-0.00231548114662042
-0.00232361333840649
-0.00233174550883976
-0.00233987765782358
-0.00234800978526116
-0.00235614189105574
-0.00236427397511042
-0.00237240603732796
-0.00238053807761149
-0.00238867009586392
-0.00239680209198783
-0.00240493406588574
-0.00241306601746045
-0.00242119794661423
-0.0024293298532496
-0.00243746173726862
-0.00244559359857366
-0.00245372543706677
-0.00246185725264999
-0.00246998904522526
-0.00247812081469428
-0.00248625256095886
-0.00249438428392069
-0.00250251598348125
-0.0025106476595421
-0.00251877931200453
-0.00252691094076989
-0.00253504254573935
-0.00254317412681395
-0.00255130568389479
-0.00255943721688263
-0.00256756872567843
-0.00257570021018288
-0.00258383167029651
-0.00259196310592017
-0.00260009451695409
-0.0026082259032986
-0.00261635726485408
-0.00262448860152068
-0.00263261991319857
-0.00264075119978759
-0.00264888246118771
-0.00265701369729872
-0.0026651449080204
-0.00267327609325223
-0.00268140725289397
-0.00268953838684484
-0.0026976694950043
-0.00270580057727154
-0.00271393163354578
-0.00272206266372602
-0.00273019366771128
-0.00273832464540034
-0.00274645559669193
-0.00275458652148504
-0.00276271741967789
-0.00277084829116906
-0.00277897913585723
-0.00278710995364047
-0.00279524074441687
-0.00280337150808475
-0.00281150224454212
-0.0028196329536869
-0.00282776363541677
-0.00283589428962961
-0.00284402491622306
-0.0028521555150946
-0.00286028608614163
-0.00286841662926172
-0.00287654714435181
-0.0028846776313093
-0.00289280809003118
-0.00290093852041435
-0.00290906892235572
-0.00291719929575211
-0.00292532964050008
-0.00293345995649614
-0.00294159024363703
-0.00294972050181892
-0.00295785073093828
-0.00296598093089109
-0.00297411110157359
-0.00298224124288172
-0.00299037135471144
-0.00299850143695853
-0.00300663148951858
-0.00301476151228728
-0.00302289150516012
-0.00303102146803249
-0.00303915140079957
-0.00304728130335673
-0.00305541117559904
-0.0030635410174215
-0.00307167082871892
-0.0030798006093863
-0.00308793035931824
-0.0030960600784093
-0.00310418976655417
-0.00311231942364698
-0.00312044904958225
-0.00312857864425421
-0.00313670820755696
-0.00314483773938448
-0.00315296723963054
-0.00316109670818905
-0.0031692261449538
-0.00317735554981828
-0.00318548492267592
-0.00319361426342038
-0.00320174357194472
-0.00320987284814229
-0.00321800209190619
-0.00322613130312938
-0.00323426048170484
-0.00324238962752514
-0.00325051874048315
-0.00325864782047135
-0.00326677686738242
-0.00327490588110858
-0.00328303486154217
-0.00329116380857539
-0.00329929272210041
-0.00330742160200899
-0.00331555044819304
-0.0033236792605444
-0.00333180803895481
-0.00333993678331575
-0.00334806549351861
-0.0033561941694547
-0.00336432281101551
-0.0033724514180922
-0.00338057999057556
-0.00338870852835674
-0.00339683703132637
-0.00340496549937545
-0.00341309393239445
-0.00342122233027374
-0.00342935069290387
-0.00343747902017537
-0.00344560731197815
-0.00345373556820251
-0.00346186378873832
-0.00346999197347544
-0.00347812012230382
-0.00348624823511291
-0.00349437631179238
-0.00350250435223166
-0.00351063235632027
-0.00351876032394731
-0.00352688825500187
-0.00353501614937319
-0.0035431440069501
-0.00355127182762144
-0.00355939961127588
-0.00356752735780218
-0.00357565506708869
-0.00358378273902374
-0.0035919103734959
-0.0036000379703931
-0.00360816552960356
-0.00361629305101506
-0.00362442053451562
-0.00363254797999284
-0.00364067538733456
-0.00364880275642836
-0.00365693008716143
-0.00366505737942102
-0.00367318463309442
-0.00368131184806889
-0.00368943902423135
-0.00369756616146854
-0.00370569325966728
-0.0037138203187142
-0.00372194733849602
-0.00373007431889903
-0.00373820125980979
-0.00374632816111405
-0.00375445502269823
-0.00376258184444833
-0.00377070862625013
-0.00377883536798936
-0.00378696206955181
-0.00379508873082313
-0.00380321535168843
-0.00381134193203325
-0.00381946847174272
-0.00382759497070203
-0.00383572142879621
-0.00384384784591
-0.00385197422192815
-0.0038601005567355
-0.00386822685021639
-0.00387635310225529
-0.00388447931273671
-0.00389260548154461
-0.00390073160856326
-0.00390885769367644
-0.00391698373676822
-0.00392510973772216
-0.00393323569642193
-0.00394136161275112
-0.00394948748659311
-0.00395761331783116
-0.00396573910634839
-0.00397386485202798
-0.00398199055475285
-0.00399011621440579
-0.00399824183086956
-0.00400636740402677
-0.00401449293375986
-0.00402261841995122
-0.00403074386248311
-0.00403886926123753
-0.00404699461609664
-0.00405511992694253
-0.00406324519365677
-0.00407137041612096
-0.0040794955942169
-0.00408762072782577
-0.00409574581682908
-0.00410387086110781
-0.0041119958605434
-0.0041201208150165
-0.00412824572440816
-0.00413637058859914
-0.00414449540746975
-0.00415262018090084
-0.00416074490877254
-0.00416886959096532
-0.00417699422735917
-0.00418511881783427
-0.00419324336227039
-0.00420136786054743
-0.00420949231254493
-0.00421761671814255
-0.00422574107721961
-0.00423386538965542
-0.00424198965532938
-0.00425011387412044
-0.00425823804590741
-0.00426636217056918
-0.00427448624798453
-0.00428261027803211
-0.0042907342605903
-0.0042988581955374
-0.00430698208275165
-0.00431510592211126
-0.00432322971349415
-0.00433135345677809
-0.00433947715184091
-0.00434760079856013
-0.0043557243968134
-0.00436384794647806
-0.00437197144743128
-0.00438009489955038
-0.00438821830271216
-0.00439634165679351
-0.00440446496167113
-0.00441258821722188
-0.00442071142332218
-0.00442883457984841
-0.00443695768667684
-0.00444508074368338
-0.00445320375074427
-0.00446132670773542
-0.0044694496145325
-0.0044775724710112
-0.00448569527704711
-0.00449381803251541
-0.00450194073729147
-0.00451006339125052
-0.00451818599426768
-0.00452630854621759
-0.00453443104697496
-0.0045425534964147
-0.00455067589441115
-0.00455879824083873
-0.0045669205355716
-0.00457504277848427
-0.00458316496945014
-0.00459128710834364
-0.0045994091950382
-0.00460753122940755
-0.00461565321132534
-0.00462377514066468
-0.00463189701729879
-0.00464001884110097
-0.00464814061194401
-0.00465626232970094
-0.00466438399424438
-0.0046725056054469
-0.00468062716318103
-0.00468874866731893
-0.00469687011773313
-0.00470499151429561
-0.00471311285687837
-0.0047212341453531
-0.00472935537959134
-0.00473747655946477
-0.00474559768484478
-0.00475371875560303
-0.00476183977161018
-0.00476996073273757
-0.00477808163885604
-0.00478620248983612
-0.00479432328554889
-0.00480244402586473
-0.00481056471065379
-0.00481868533978643
-0.00482680591313287
-0.00483492643056279
-0.00484304689194633
-0.00485116729715309
-0.00485928764605253
-0.00486740793851439
-0.00487552817440774
-0.00488364835360195
-0.00489176847596584
-0.00489988854136842
-0.00490800854967863
-0.00491612850076493
-0.00492424839449565
-0.00493236823073963
-0.00494048800936472
-0.00494860773023927
-0.00495672739323082
-0.0049648469982078
-0.00497296654503753
-0.00498108603358771
-0.00498920546372555
-0.00499732483531856
-0.00500544414823382
-0.00501356340233847
-0.00502168259749919
-0.00502980173358268
-0.00503792081045558
-0.00504603982798472
-0.00505415878603584
-0.00506227768447544
-0.00507039652316961
-0.00507851530198424
-0.00508663402078499
-0.00509475267943751
-0.00510287127780754
-0.00511098981576022
-0.00511910829316054
-0.00512722670987408
-0.00513534506576542
-0.00514346336069935
-0.00515158159454065
-0.00515969976715398
-0.00516781787840336
-0.00517593592815333
-0.00518405391626792
-0.00519217184261098
-0.00520028970704638
-0.00520840750943785
-0.00521652524964878
-0.00522464292754274
-0.0052327605429828
-0.00524087809583225
-0.00524899558595386
-0.0052571130132105
-0.00526523037746464
-0.0052733476785793
-0.00528146491641669
-0.00528958209083892
-0.00529769920170799
-0.00530581624888601
-0.00531393323223475
-0.00532205015161588
-0.00533016700689108
-0.00533828379792158
-0.00534640052456853
-0.00535451718669317
-0.00536263378415633
-0.00537075031681881
-0.00537886678454153
-0.00538698318718467
-0.00539509952460876
-0.00540321579667399
-0.00541133200324031
-0.00541944814416771
-0.00542756421931583
-0.00543568022854445
-0.00544379617171311
-0.00545191204868101
-0.00546002785930738
-0.00546814360345121
-0.00547625928097141
-0.00548437489172663
-0.00549249043557566
-0.00550060591237681
-0.00550872132198827
-0.00551683666426822
-0.00552495193907481
-0.00553306714626562
-0.00554118228569875
-0.00554929735723134
-0.00555741236072074
-0.00556552729602444
-0.00557364216299954
-0.00558175696150279
-0.00558987169139114
-0.00559798635252103
-0.00560610094474895
-0.0056142154679314
-0.00562232992192439
-0.00563044430658411
-0.00563855862176642
-0.00564667286732695
-0.005654787043121
-0.00566290114900441
-0.00567101518483207
-0.00567912915045939
-0.00568724304574118
-0.00569535687053217
-0.00570347062468707
-0.00571158430806045
-0.00571969792050646
-0.0057278114618793
-0.00573592493203294
-0.00574403833082137
-0.00575215165809831
-0.00576026491371723
-0.00576837809753158
-0.00577649120939475
-0.00578460424915947
-0.00579271721667885
-0.00580083011180545
-0.005808942934392
-0.00581705568429107
-0.00582516836135475
-0.00583328096543548
-0.00584139349638482
-0.00584950595405492
-0.00585761833829727
-0.00586573064896341
-0.0058738428859045
-0.005881955048972
-0.00589006713801677
-0.00589817915288977
-0.00590629109344157
-0.00591440295952255
-0.00592251475098345
-0.00593062646767412
-0.00593873810944504
-0.00594684967614569
-0.00595496116762608
-0.00596307258373563
-0.00597118392432357
-0.00597929518923927
-0.00598740637833186
-0.00599551749145037
-0.00600362852844339
-0.00601173948915965
-0.00601985037344741
-0.00602796118115508
-0.0060360719121305
-0.00604418256622161
-0.00605229314327649
-0.00606040364314253
-0.00606851406566723
-0.00607662441069793
-0.00608473467808143
-0.00609284486766471
-0.00610095497929487
-0.00610906501281818
-0.00611717496808138
-0.00612528484493043
-0.00613339464321153
-0.0061415043627707
-0.00614961400345357
-0.00615772356510589
-0.00616583304757312
-0.00617394245070027
-0.00618205177433268
-0.00619016101831504
-0.00619827018249223
-0.00620637926670879
-0.00621448827080935
-0.00622259719463764
-0.00623070603803821
-0.00623881480085464
-0.00624692348293099
-0.00625503208411046
-0.0062631406042369
-0.00627124904315297
-0.00627935740070213
-0.00628746567672725
-0.00629557387107081
-0.00630368198357519
-0.00631179001408333
-0.00631989796243685
-0.00632800582847788
-0.00633611361204827
-0.00634422131298972
-0.0063523289311438
-0.00636043646635186
-0.00636854391845471
-0.0063766512872936
-0.00638475857270916
-0.00639286577454208
-0.00640097289263277
-0.0064090799268213
-0.00641718687694807
-0.00642529374285297
-0.00643340052437543
-0.00644150722135515
-0.00644961383363154
-0.00645772036104383
-0.0064658268034308
-0.00647393316063155
-0.00648203943248457
-0.00649014561882844
-0.00649825171950131
-0.00650635773434136
-0.00651446366318661
-0.00652256950587478
-0.00653067526224349
-0.00653878093212986
-0.00654688651537133
-0.00655499201180499
-0.00656309742126755
-0.00657120274359598
-0.00657930797862642
-0.00658741312619542
-0.00659551818613893
-0.00660362315829285
-0.00661172804249307
-0.00661983283857518
-0.00662793754637448
-0.00663604216572625
-0.00664414669646548
-0.00665225113842712
-0.00666035549144551
-0.00666845975535543
-0.00667656392999107
-0.00668466801518637
-0.00669277201077536
-0.00670087591659183
-0.0067089797324693
-0.0067170834582409
-0.00672518709374002
-0.00673329063879967
-0.00674139409325252
-0.00674949745693114
-0.00675760072966822
-0.00676570391129556
-0.00677380700164534
-0.00678191000054966
-0.00679001290783996
-0.00679811572334776
-0.0068062184469043
-0.00681432107834046
-0.00682242361748739
-0.00683052606417591
-0.00683862841823628
-0.00684673067949903
-0.00685483284779405
-0.00686293492295122
-0.00687103690480054
-0.00687913879317155
-0.00688724058789346
-0.00689534228879564
-0.00690344389570666
-0.00691154540845569
-0.00691964682687109
-0.00692774815078143
-0.00693584938001469
-0.00694395051439907
-0.00695205155376206
-0.00696015249793165
-0.00696825334673497
-0.00697635409999954
-0.00698445475755195
-0.00699255531921949
-0.00700065578482844
-0.00700875615420526
-0.0070168564271762
-0.00702495660356725
-0.0070330566832045
-0.00704115666591329
-0.00704925655151918
-0.00705735633984738
-0.00706545603072276
-0.00707355562397038
-0.00708165511941492
-0.00708975451688053
-0.00709785381619148
-0.00710595301717195
-0.0071140521196458
-0.00712215112343629
-0.00713025002836732
-0.0071383488342618
-0.00714644754094279
-0.00715454614823308
-0.00716264465595533
-0.0071707430639318
-0.00717884137198492
-0.00718693957993669
-0.00719503768760872
-0.00720313569482265
-0.00721123360140003
-0.00721933140716179
-0.00722742911192886
-0.00723552671552223
-0.00724362421776233
-0.00725172161846937
-0.00725981891746361
-0.0072679161145652
-0.0072760132095935
-0.00728411020236825
-0.00729220709270857
-0.00730030388043373
-0.0073084005653622
-0.00731649714731305
-0.00732459362610473
-0.0073326900015553
-0.00734078627348299
-0.00734888244170537
-0.00735697850604028
-0.00736507446630517
-0.00737317032231728
-0.00738126607389325
-0.00738936172084996
-0.00739745726300399
-0.00740555270017182
-0.00741364803216944
-0.00742174325881267
-0.00742983837991724
-0.00743793339529886
-0.00744602830477282
-0.00745412310815399
-0.00746221780525717
-0.00747031239589702
-0.0074784068798878
-0.00748650125704398
-0.00749459552717923
-0.00750268969010735
-0.00751078374564182
-0.00751887769359625
-0.00752697153378335
-0.00753506526601612
-0.00754315889010752
-0.0075512524058697
-0.00755934581311459
-0.00756743911165456
-0.00757553230130137
-0.00758362538186617
-0.00759171835316083
-0.00759981121499613
-0.0076079039671831
-0.00761599660953215
-0.00762408914185383
-0.00763218156395862
-0.0076402738756563
-0.00764836607675664
-0.00765645816706901
-0.00766455014640295
-0.00767264201456721
-0.00768073377137105
-0.00768882541662294
-0.00769691695013121
-0.00770500837170405
-0.00771309968114955
-0.00772119087827544
-0.00772928196288886
-0.00773737293479743
-0.00774546379380814
-0.00775355453972762
-0.00776164517236244
-0.00776973569151926
-0.00777782609700405
-0.00778591638862249
-0.00779400656618046
-0.00780209662948344
-0.00781018657833646
-0.00781827641254438
-0.0078263661319122
-0.00783445573624426
-0.00784254522534475
-0.00785063459901774
-0.00785872385706703
-0.0078668129992962
-0.00787490202550868
-0.00788299093550731
-0.00789107972909503
-0.00789916840607459
-0.00790725696624834
-0.00791534540941833
-0.00792343373538662
-0.00793152194395441
-0.00793961003492346
-0.00794769800809495
-0.00795578586327005
-0.0079638736002491
-0.00797196121883281
-0.00798004871882136
-0.00798813610001468
-0.00799622336221243
-0.00800431050521445
-0.0080123975288199
-0.00802048443282765
-0.00802857121703632
-0.00803665788124486
-0.00804474442525126
-0.00805283084885351
-0.00806091715184973
-0.00806900333403733
-0.00807708939521372
-0.00808517533517566
-0.00809326115372017
-0.00810134685064389
-0.0081094324257433
-0.0081175178788142
-0.00812560320965262
-0.00813368841805379
-0.00814177350381343
-0.00814985846672667
-0.00815794330658783
-0.00816602802319234
-0.00817411261633406
-0.00818219708580706
-0.00819028143140522
-0.008198365652922
-0.0082064497501512
-0.00821453372288549
-0.00822261757091779
-0.00823070129404091
-0.00823878489204666
-0.00824686836472755
-0.00825495171187535
-0.00826303493328139
-0.00827111802873723
-0.00827920099803378
-0.00828728384096217
-0.00829536655731281
-0.00830344914687603
-0.00831153160944155
-0.00831961394479936
-0.00832769615273895
-0.00833577823304956
-0.00834386018552015
-0.00835194200993946
-0.00836002370609592
-0.00836810527377792
-0.00837618671277339
-0.00838426802287009
-0.00839234920385519
-0.0084004302555161
-0.00840851117763984
-0.00841659197001264
-0.00842467263242122
-0.00843275316465178
-0.00844083356648984
-0.00844891383772117
-0.00845699397813129
-0.00846507398750497
-0.00847315386562715
-0.00848123361228216
-0.00848931322725446
-0.00849739271032829
-0.00850547206128696
-0.00851355127991413
-0.0085216303659928
-0.008529709319306
-0.0085377881396365
-0.0085458668267669
-0.00855394538047906
-0.00856202380055457
-0.00857010208677524
-0.00857818023892225
-0.00858625825677688
-0.00859433614011985
-0.00860241388873143
-0.00861049150239169
-0.00861856898088081
-0.0086266463239785
-0.00863472353146394
-0.0086428006031165
-0.00865087753871507
-0.00865895433803803
-0.00866703100086357
-0.00867510752696962
-0.00868318391613392
-0.00869126016813451
-0.0086993362827477
-0.00870741225975085
-0.00871548809892044
-0.00872356380003275
-0.00873163936286421
-0.00873971478719007
-0.00874779007278605
-0.0087558652194274
-0.00876394022688901
-0.00877201509494522
-0.00878008982337094
-0.00878816441193986
-0.00879623886042567
-0.00880431316860198
-0.00881238733624218
-0.00882046136311929
-0.0088285352490054
-0.00883660899367308
-0.0088446825968945
-0.00885275605844162
-0.00886082937808573
-0.00886890255559803
-0.00887697559074909
-0.00888504848331009
-0.00889312123305087
-0.00890119383974183
-0.00890926630315256
-0.00891733862305266
-0.00892541079921134
-0.00893348283139713
-0.00894155471937859
-0.00894962646292423
-0.00895769806180185
-0.00896576951577958
-0.00897384082462459
-0.00898191198810365
-0.00898998300598407
-0.00899805387803167
-0.00900612460401314
-0.00901419518369444
-0.00902226561684108
-0.00903033590321831
-0.00903840604259113
-0.00904647603472438
-0.00905454587938226
-0.00906261557632885
-0.00907068512532823
-0.00907875452614373
-0.00908682377853856
-0.00909489288227543
-0.00910296183711719
-0.0091110306428263
-0.00911909929916439
-0.00912716780589334
-0.00913523616277417
-0.00914330436956828
-0.00915137242603615
-0.00915944033193832
-0.00916750808703562
-0.00917557569108694
-0.00918364314385245
-0.00919171044509068
-0.00919977759456096
-0.00920784459202215
-0.00921591143723204
-0.0092239781299486
-0.00923204466992971
-0.00924011105693291
-0.00924817729071487
-0.00925624337103242
-0.00926430929764206
-0.00927237507029964
-0.00928044068876103
-0.00928850615278135
-0.00929657146211636
-0.00930463661652051
-0.00931270161574825
-0.00932076645955398
-0.0093288311476912
-0.00933689567991392
-0.00934496005597491
-0.00935302427562738
-0.00936108833862386
-0.0093691522447164
-0.00937721599365747
-0.0093852795851985
-0.00939334301909031
-0.00940140629508421
-0.00940946941293054
-0.00941753237237987
-0.00942559517318233
-0.00943365781508734
-0.00944172029784447
-0.0094497826212025
-0.00945784478491002
-0.00946590678871544
-0.00947396863236699
-0.00948203031561252
-0.00949009183819898
-0.00949815319987342
-0.00950621440038257
-0.00951427543947295
-0.00952233631689021
-0.00953039703238038
-0.00953845758568879
-0.00954651797656052
-0.00955457820474041
-0.00956263826997238
-0.00957069817200065
-0.00957875791056887
-0.00958681748542044
-0.00959487689629815
-0.00960293614294487
-0.00961099522510317
-0.00961905414251483
-0.00962711289492142
-0.00963517148206399
-0.00964322990368389
-0.00965128815952145
-0.00965934624931766
-0.00966740417281186
-0.00967546192974363
-0.00968351951985248
-0.00969157694287668
-0.00969963419855545
-0.00970769128662698
-0.00971574820682853
-0.00972380495889822
-0.00973186154257308
-0.00973991795759002
-0.00974797420368496
-0.00975603028059463
-0.00976408618805455
-0.00977214192580015
-0.00978019749356647
-0.00978825289108809
-0.00979630811809953
-0.00980436317433486
-0.00981241805952768
-0.00982047277341106
-0.00982852731571821
-0.00983658168618168
-0.00984463588453342
-0.00985268991050553
-0.00986074376382945
-0.0098687974442361
-0.00987685095145665
-0.00988490428522143
-0.00989295744526018
-0.00990101043130296
-0.0099090632430788
-0.00991711588031685
-0.00992516834274596
-0.00993322063009426
-0.0099412727420893
-0.00994932467845918
-0.00995737643893029
-0.00996542802322997
-0.00997347943108445
-0.00998153066222012
-0.00998958171636183
-0.00999763259323585
-0.0100056832925666
-0.0100137338140788
-0.0100217841574966
-0.0100298343225433
-0.0100378843089432
-0.0100459341164191
-0.0100539837446935
-0.010062033193489
-0.0100700824625271
-0.0100781315515298
-0.0100861804602182
-0.0100942291883128
-0.0101022777355345
-0.0101103261016035
-0.0101183742862391
-0.0101264222891606
-0.0101344701100872
-0.0101425177487372
-0.0101505652048288
-0.0101586124780798
-0.0101666595682074
-0.010174706474929
-0.0101827531979612
-0.0101907997370198
-0.0101988460918213
-0.0102068922620805
-0.0102149382475129
-0.0102229840478331
-0.0102310296627553
-0.0102390750919936
-0.0102471203352612
-0.0102551653922714
-0.010263210262737
-0.0102712549463703
-0.0102792994428829
-0.0102873437519871
-0.0102953878733939
-0.0103034318068135
-0.0103114755519566
-0.0103195191085337
-0.0103275624762535
-0.0103356056548256
-0.0103436486439587
-0.010351691443361
-0.0103597340527412
-0.0103677764718062
-0.0103758187002632
-0.010383860737819
-0.0103919025841801
-0.0103999442390527
-0.010407985702142
-0.0104160269731532
-0.0104240680517911
-0.0104321089377602
-0.0104401496307643
-0.010448190130507
-0.0104562304366912
-0.0104642705490197
-0.0104723104671952
-0.0104803501909191
-0.0104883897198929
-0.0104964290538177
-0.010504468192394
-0.0105125071353225
-0.0105205458823031
-0.0105285844330349
-0.0105366227872167
-0.0105446609445474
-0.010552698904725
-0.0105607366674471
-0.0105687742324111
-0.0105768115993139
-0.0105848487678523
-0.010592885737722
-0.0106009225086187
-0.0106089590802376
-0.0106169954522739
-0.0106250316244212
-0.0106330675963738
-0.0106411033678251
-0.0106491389384683
-0.0106571743079964
-0.010665209476101
-0.0106732444424743
-0.0106812792068073
-0.0106893137687912
-0.0106973481281166
-0.0107053822844735
-0.0107134162375516
-0.0107214499870396
-0.0107294835326273
-0.0107375168740024
-0.0107455500108521
-0.0107535829428649
-0.0107616156697273
-0.0107696481911263
-0.0107776805067477
-0.0107857126162771
-0.0107937445194004
-0.0108017762158017
-0.0108098077051656
-0.0108178389871765
-0.0108258700615175
-0.0108339009278714
-0.010841931585921
-0.0108499620353485
-0.0108579922758358
-0.0108660223070637
-0.0108740521287138
-0.010882081740466
-0.0108901111419998
-0.0108981403329953
-0.0109061693131316
-0.0109141980820863
-0.0109222266395386
-0.0109302549851654
-0.0109382831186443
-0.0109463110396522
-0.0109543387478651
-0.0109623662429588
-0.0109703935246088
-0.0109784205924896
-0.0109864474462761
-0.0109944740856423
-0.0110025005102615
-0.0110105267198069
-0.011018552713951
-0.0110265784923659
-0.0110346040547237
-0.0110426294006949
-0.0110506545299509
-0.0110586794421616
-0.011066704136997
-0.0110747286141259
-0.0110827528732179
-0.0110907769139411
-0.0110988007359634
-0.0111068243389524
-0.0111148477225748
-0.0111228708864974
-0.0111308938303861
-0.0111389165539059
-0.0111469390567227
-0.0111549613385011
-0.0111629833989051
-0.0111710052375978
-0.0111790268542429
-0.0111870482485031
-0.0111950694200404
-0.0112030903685162
-0.0112111110935923
-0.0112191315949294
-0.0112271518721874
-0.0112351719250265
-0.0112431917531057
-0.0112512113560838
-0.0112592307336198
-0.011267249885371
-0.0112752688109943
-0.0112832875101474
-0.0112913059824859
-0.0112993242276662
-0.0113073422453436
-0.0113153600351723
-0.0113233775968076
-0.0113313949299033
-0.0113394120341123
-0.0113474289090878
-0.0113554455544821
-0.0113634619699474
-0.0113714781551351
-0.0113794941096953
-0.0113875098332793
-0.0113955253255362
-0.0114035405861159
-0.0114115556146676
-0.0114195704108393
-0.0114275849742789
-0.0114355993046337
-0.0114436134015503
-0.0114516272646756
-0.011459640893655
-0.011467654288134
-0.0114756674477571
-0.0114836803721692
-0.0114916930610139
-0.0114997055139346
-0.0115077177305735
-0.0115157297105734
-0.0115237414535755
-0.0115317529592217
-0.0115397642271523
-0.0115477752570078
-0.0115557860484273
-0.0115637966010504
-0.0115718069145156
-0.0115798169884606
-0.0115878268225234
-0.0115958364163409
-0.0116038457695497
-0.0116118548817864
-0.011619863752685
-0.0116278723818817
-0.0116358807690103
-0.0116438889137047
-0.0116518968155984
-0.0116599044743244
-0.0116679118895145
-0.0116759190608004
-0.0116839259878137
-0.011691932670185
-0.0116999391075444
-0.0117079452995216
-0.0117159512457459
-0.0117239569458458
-0.0117319623994486
-0.0117399676061825
-0.0117479725656739
-0.0117559772775492
-0.0117639817414344
-0.0117719859569545
-0.0117799899237349
-0.0117879936413992
-0.011795997109571
-0.0118040003278735
-0.0118120032959291
-0.0118200060133602
-0.0118280084797883
-0.0118360106948339
-0.0118440126581172
-0.0118520143692586
-0.0118600158278765
-0.0118680170335902
-0.0118760179860178
-0.0118840186847766
-0.0118920191294837
-0.0119000193197551
-0.0119080192552072
-0.0119160189354559
-0.0119240183601155
-0.0119320175287998
-0.0119400164411225
-0.0119480150966966
-0.011956013495135
-0.0119640116360497
-0.0119720095190517
-0.0119800071437524
-0.0119880045097608
-0.0119960016166883
-0.0120039984641429
-0.0120119950517326
-0.0120199913790661
-0.0120279874457506
-0.0120359832513931
-0.0120439787956002
-0.0120519740779768
-0.0120599690981282
-0.0120679638556591
-0.0120759583501738
-0.0120839525812751
-0.0120919465485653
-0.0120999402516472
-0.0121079336901222
-0.0121159268635916
-0.012123919771656
-0.0121319124139145
-0.0121399047899669
-0.0121478968994114
-0.0121558887418471
-0.0121638803168709
-0.0121718716240793
-0.0121798626630694
-0.012187853433436
-0.0121958439347745
-0.0122038341666799
-0.0122118241287456
-0.0122198138205661
-0.0122278032417332
-0.0122357923918389
-0.0122437812704752
-0.0122517698772329
-0.0122597582117023
-0.0122677462734731
-0.0122757340621348
-0.0122837215772759
-0.0122917088184843
-0.0122996957853467
-0.0123076824774514
-0.0123156688943832
-0.0123236550357286
-0.0123316409010716
-0.0123396264899965
-0.012347611802088
-0.0123555968369286
-0.0123635815941005
-0.0123715660731865
-0.012379550273767
-0.0123875341954234
-0.0123955178377348
-0.0124035012002813
-0.0124114842826414
-0.0124194670843937
-0.0124274496051157
-0.0124354318443839
-0.0124434138017755
-0.0124513954768655
-0.0124593768692293
-0.0124673579784406
-0.0124753388040743
-0.0124833193457038
-0.0124912996029007
-0.0124992795752376
-0.0125072592622858
-0.0125152386636165
-0.0125232177787991
-0.0125311966074028
-0.012539175148997
-0.0125471534031501
-0.0125551313694297
-0.0125631090474021
-0.0125710864366338
-0.0125790635366908
-0.0125870403471383
-0.0125950168675397
-0.0126029930974603
-0.0126109690364623
-0.0126189446841081
-0.01262692003996
-0.0126348951035789
-0.0126428698745257
-0.0126508443523602
-0.0126588185366421
-0.0126667924269292
-0.0126747660227805
-0.0126827393237529
-0.0126907123294026
-0.0126986850392868
-0.0127066574529599
-0.0127146295699772
-0.012722601389893
-0.0127305729122611
-0.0127385441366333
-0.0127465150625628
-0.0127544856896003
-0.012762456017297
-0.0127704260452036
-0.012778395772869
-0.0127863651998427
-0.0127943343256723
-0.0128023031499064
-0.0128102716720908
-0.0128182398917724
-0.0128262078084974
-0.0128341754218096
-0.012842142731255
-0.0128501097363758
-0.0128580764367155
-0.0128660428318165
-0.0128740089212206
-0.0128819747044684
-0.0128899401811012
-0.0128979053506577
-0.0129058702126778
-0.0129138347666987
-0.0129217990122592
-0.012929762948896
-0.0129377265761456
-0.0129456898935436
-0.0129536529006252
-0.0129616155969242
-0.0129695779819752
-0.0129775400553103
-0.0129855018164619
-0.0129934632649617
-0.0130014244003417
-0.013009385222132
-0.0130173457298614
-0.0130253059230599
-0.0130332658012555
-0.0130412253639754
-0.0130491846107471
-0.0130571435410963
-0.0130651021545487
-0.0130730604506298
-0.0130810184288634
-0.0130889760887733
-0.0130969334298829
-0.0131048904517134
-0.0131128471537871
-0.0131208035356247
-0.0131287595967465
-0.0131367153366716
-0.0131446707549192
-0.0131526258510074
-0.0131605806244532
-0.0131685350747743
-0.0131764892014861
-0.0131844430041044
-0.0131923964821432
-0.0132003496351173
-0.0132083024625395
-0.0132162549639222
-0.0132242071387783
-0.0132321589866184
-0.0132401105069537
-0.0132480616992935
-0.0132560125631472
-0.0132639630980239
-0.0132719133034315
-0.0132798631788762
-0.0132878127238657
-0.0132957619379048
-0.0133037108204993
-0.0133116593711525
-0.0133196075893689
-0.013327555474652
-0.0133355030265037
-0.0133434502444252
-0.0133513971279187
-0.013359343676483
-0.0133672898896183
-0.013375235766824
-0.0133831813075969
-0.0133911265114349
-0.0133990713778359
-0.0134070159062953
-0.0134149600963092
-0.0134229039473714
-0.0134308474589769
-0.0134387906306175
-0.0134467334617876
-0.0134546759519772
-0.0134626181006789
-0.0134705599073834
-0.0134785013715802
-0.0134864424927586
-0.0134943832704065
-0.0135023237040127
-0.0135102637930634
-0.0135182035370458
-0.0135261429354451
-0.0135340819877462
-0.0135420206934339
-0.0135499590519917
-0.0135578970629029
-0.0135658347256496
-0.0135737720397133
-0.0135817090045745
-0.0135896456197135
-0.0135975818846093
-0.013605517798741
-0.0136134533615872
-0.0136213885726254
-0.0136293234313331
-0.0136372579371838
-0.0136451920896545
-0.0136531258882195
-0.0136610593323533
-0.0136689924215281
-0.0136769251552178
-0.0136848575328936
-0.0136927895540271
-0.013700721218088
-0.0137086525245463
-0.0137165834728718
-0.0137245140625327
-0.0137324442929972
-0.0137403741637319
-0.013748303674203
-0.0137562328238764
-0.0137641616122167
-0.013772090038689
-0.0137800181027569
-0.0137879458038825
-0.0137958731415291
-0.0138038001151577
-0.0138117267242301
-0.0138196529682052
-0.0138275788465443
-0.0138355043587054
-0.013843429504147
-0.0138513542823261
-0.0138592786926994
-0.0138672027347243
-0.0138751264078555
-0.0138830497115478
-0.0138909726452548
-0.0138988952084312
-0.0139068174005303
-0.0139147392210038
-0.0139226606693028
-0.0139305817448785
-0.0139385024471802
-0.0139464227756587
-0.0139543427297617
-0.0139622623089388
-0.0139701815126368
-0.0139781003403025
-0.0139860187913817
-0.0139939368653212
-0.0140018545615644
-0.0140097718795569
-0.0140176888187431
-0.0140256053785635
-0.0140335215584618
-0.0140414373578793
-0.0140493527762582
-0.0140572678130375
-0.0140651824676584
-0.0140730967395578
-0.0140810106281758
-0.0140889241329493
-0.0140968372533164
-0.0141047499887139
-0.0141126623385776
-0.0141205743023425
-0.0141284858794427
-0.0141363970693125
-0.0141443078713859
-0.0141522182850956
-0.014160128309874
-0.014168037945151
-0.01417594719036
-0.01418385604493
-0.0141917645082914
-0.0141996725798727
-0.0142075802591027
-0.0142154875454094
-0.01422339443822
-0.0142313009369606
-0.0142392070410595
-0.0142471127499399
-0.0142550180630277
-0.0142629229797475
-0.0142708274995229
-0.0142787316217769
-0.0142866353459325
-0.0142945386714117
-0.014302441597635
-0.0143103441240244
-0.0143182462499993
-0.0143261479749807
-0.014334049298387
-0.0143419502196367
-0.0143498507381493
-0.0143577508533403
-0.0143656505646279
-0.014373549871429
-0.0143814487731583
-0.0143893472692324
-0.0143972453590651
-0.0144051430420707
-0.0144130403176634
-0.0144209371852565
-0.0144288336442626
-0.0144367296940942
-0.0144446253341635
-0.01445252056388
-0.0144604153826553
-0.0144683097899003
-0.0144762037850237
-0.0144840973674357
-0.0144919905365447
-0.0144998832917588
-0.0145077756324861
-0.0145156675581333
-0.0145235590681071
-0.014531450161815
-0.0145393408386606
-0.0145472310980518
-0.0145551209393922
-0.0145630103620871
-0.0145708993655404
-0.0145787879491563
-0.014586676112338
-0.014594563854488
-0.014602451175008
-0.0146103380733017
-0.014618224548768
-0.0146261106008103
-0.0146339962288293
-0.0146418814322247
-0.0146497662103973
-0.0146576505627463
-0.0146655344886712
-0.0146734179875703
-0.0146813010588419
-0.0146891837018853
-0.0146970659160986
-0.0147049477008778
-0.01471282905562
-0.0147207099797235
-0.0147285904725852
-0.0147364705335995
-0.0147443501621639
-0.0147522293576715
-0.0147601081195201
-0.0147679864471042
-0.0147758643398184
-0.0147837417970577
-0.0147916188182147
-0.0147994954026851
-0.014807371549861
-0.0148152472591369
-0.0148231225299057
-0.0148309973615613
-0.0148388717534955
-0.0148467457051003
-0.0148546192157688
-0.0148624922848941
-0.0148703649118667
-0.0148782370960799
-0.0148861088369234
-0.0148939801337901
-0.0149018509860721
-0.0149097213931598
-0.0149175913544441
-0.0149254608693169
-0.014933329937168
-0.0149411985573889
-0.0149490667293706
-0.014956934452502
-0.0149648017261757
-0.0149726685497803
-0.014980534922707
-0.0149884008443475
-0.0149962663140911
-0.015004131331328
-0.0150119958954493
-0.0150198600058448
-0.0150277236619054
-0.0150355868630214
-0.0150434496085829
-0.01505131189798
-0.0150591737306053
-0.0150670351058467
-0.0150748960230972
-0.0150827564817485
-0.0150906164811897
-0.015098476020812
-0.0151063351000071
-0.0151141937181665
-0.0151220518746805
-0.0151299095689428
-0.015137766800345
-0.0151456235682794
-0.015153479872138
-0.0151613357113133
-0.0151691910851994
-0.0151770459931891
-0.0151849004346734
-0.0151927544090479
-0.015200607915709
-0.0152084609540476
-0.0152163135234622
-0.0152241656233443
-0.0152320172530907
-0.0152398684120982
-0.015247719099762
-0.015255569315479
-0.0152634190586475
-0.0152712683286655
-0.0152791171249281
-0.0152869654468357
-0.0152948132937892
-0.0153026606651863
-0.0153105075604291
-0.0153183539789173
-0.0153261999200516
-0.015334045383234
-0.0153418903678686
-0.0153497348733597
-0.0153575788991085
-0.0153654224445227
-0.0153732655090046
-0.0153811080919627
-0.0153889501928015
-0.0153967918109319
-0.01540463294576
-0.0154124735966948
-0.0154203137631487
-0.0154281534445298
-0.0154359926402525
-0.0154438313497288
-0.0154516695723729
-0.0154595073075991
-0.0154673445548221
-0.0154751813134618
-0.0154830175829345
-0.0154908533626575
-0.0154986886520506
-0.0155065234505352
-0.0155143577575344
-0.0155221915724716
-0.0155300248947701
-0.0155378577238566
-0.0155456900591593
-0.0155535219001044
-0.0155613532461212
-0.0155691840966414
-0.0155770144510977
-0.0155848443089228
-0.0155926736695517
-0.0156005025324209
-0.0156083308969684
-0.0156161587626347
-0.0156239861288594
-0.0156318129950875
-0.0156396393607603
-0.0156474652253234
-0.0156552905882254
-0.0156631154489173
-0.0156709398068479
-0.0156787636614713
-0.0156865870122395
-0.0156944098586087
-0.0157022322000419
-0.0157100540359952
-0.0157178753659323
-0.0157256961893157
-0.0157335165056114
-0.0157413363142919
-0.0157491556148231
-0.0157569744066795
-0.0157647926893367
-0.0157726104622687
-0.0157804277249546
-0.0157882444768796
-0.0157960607175235
-0.015803876446376
-0.0158116916629246
-0.0158195063666597
-0.0158273205570758
-0.0158351342336685
-0.0158429473959361
-0.0158507600433809
-0.0158585721755075
-0.0158663837918229
-0.0158741948918359
-0.0158820054750596
-0.0158898155410102
-0.0158976250892084
-0.0159054341191718
-0.0159132426304284
-0.0159210506225022
-0.0159288580949278
-0.0159366650472359
-0.0159444714789675
-0.0159522773896607
-0.0159600827788593
-0.0159678876461131
-0.0159756919909729
-0.0159834958129913
-0.0159912991117283
-0.0159991018867448
-0.0160069041376073
-0.0160147058638865
-0.0160225070651546
-0.0160303077409889
-0.01603810789097
-0.016045907514686
-0.0160537066117235
-0.0160615051816769
-0.0160693032241421
-0.0160771007387248
-0.0160848977250295
-0.0160926941826675
-0.016100490111256
-0.0161082855104143
-0.0161160803797674
-0.0161238747189422
-0.0161316685275792
-0.0161394618053129
-0.0161472545517899
-0.01615504676666
-0.0161628384495782
-0.0161706296002027
-0.0161784202181994
-0.0161862103032393
-0.0161939998549991
-0.0162017888731589
-0.0162095773574068
-0.016217365307436
-0.0162251527229476
-0.0162329396036412
-0.016240725949232
-0.0162485117594347
-0.0162562970339737
-0.0162640817725799
-0.0162718659749877
-0.0162796496409396
-0.0162874327701841
-0.0162952153624803
-0.016302997417587
-0.0163107789352739
-0.0163185599153199
-0.0163263403575029
-0.016334120261618
-0.0163418996274632
-0.016349678454844
-0.0163574567435746
-0.0163652344934752
-0.0163730117043719
-0.0163807883761008
-0.0163885645085102
-0.0163963401014506
-0.0164041151547838
-0.0164118896683795
-0.0164196636421146
-0.0164274370758782
-0.0164352099695639
-0.0164429823230764
-0.0164507541363289
-0.016458525409241
-0.0164662961417496
-0.0164740663337934
-0.0164818359853248
-0.0164896050963051
-0.0164973736667072
-0.0165051416965055
-0.0165129091856961
-0.0165206761342797
-0.0165284425422678
-0.0165362084096824
-0.0165439737365597
-0.0165517385229443
-0.0165595027688858
-0.0165672664744559
-0.0165750296397351
-0.01658279226481
-0.0165905543497851
-0.0165983158947734
-0.0166060768999036
-0.0166138373653101
-0.0166215972911467
-0.0166293566775785
-0.0166371155247839
-0.0166448738329527
-0.0166526316022869
-0.0166603888330032
-0.0166681455253362
-0.0166759016795296
-0.0166836572958419
-0.0166914123745439
-0.0166991669159301
-0.0167069209203025
-0.0167146743879755
-0.0167224273192872
-0.0167301797145824
-0.0167379315742297
-0.0167456828986084
-0.016753433688116
-0.0167611839431653
-0.0167689336641883
-0.016776682851629
-0.016784431505957
-0.0167921796276505
-0.0167999272172121
-0.0168076742751552
-0.0168154208020202
-0.0168231667983614
-0.0168309122647528
-0.0168386572017886
-0.0168464016100752
-0.0168541454902504
-0.0168618888429604
-0.0168696316688833
-0.0168773739687107
-0.0168851157431503
-0.0168928569929452
-0.0169005977188501
-0.0169083379216445
-0.0169160776021284
-0.0169238167611215
-0.0169315553994768
-0.0169392935180637
-0.016947031117775
-0.0169547681995241
-0.0169625047642544
-0.0169702408129349
-0.016977976346558
-0.016985711366141
-0.0169934458727248
-0.0170011798673819
-0.0170089133512067
-0.0170166463253213
-0.01702437879088
-0.0170321107490617
-0.0170398422010722
-0.0170475731481494
-0.0170553035915582
-0.0170630335325928
-0.0170707629725804
-0.0170784919128769
-0.0170862203548673
-0.0170939482999765
-0.0171016757496489
-0.0171094027053708
-0.0171171291686609
-0.0171248551410647
-0.0171325806241715
-0.0171403056195993
-0.0171480301290046
-0.0171557541540759
-0.017163477696538
-0.0171712007581577
-0.0171789233407378
-0.0171866454461195
-0.0171943670761742
-0.017202088232828
-0.017209808918034
-0.0172175291337897
-0.0172252488821336
-0.0172329681651561
-0.0172406869849711
-0.0172484053437478
-0.0172561232436979
-0.0172638406870781
-0.0172715576761933
-0.0172792742133827
-0.0172869903010459
-0.0172947059416284
-0.0173024211376148
-0.0173101358915407
-0.017317850205998
-0.0173255640836298
-0.0173332775271249
-0.0173409905392286
-0.017348703122735
-0.0173564152804977
-0.0173641270154245
-0.0173718383304768
-0.017379549228672
-0.0173872597130862
-0.0173949697868538
-0.0174026794531666
-0.0174103887152873
-0.0174180975765317
-0.0174258060402779
-0.0174335141099739
-0.0174412217891227
-0.0174489290812975
-0.0174566359901408
-0.0174643425193613
-0.0174720486727442
-0.0174797544541308
-0.017487459867448
-0.0174951649166855
-0.0175028696059072
-0.0175105739392593
-0.0175182779209501
-0.0175259815552933
-0.0175336848466499
-0.0175413877994789
-0.0175490904183235
-0.0175567927078063
-0.017564494672626
-0.0175721963175816
-0.0175798976475427
-0.0175875986674837
-0.0175952993824679
-0.0176029997976388
-0.0176106999182415
-0.0176183997496162
-0.017626099297207
-0.0176337985665495
-0.0176414975632784
-0.0176491962931273
-0.017656894761947
-0.0176645929756764
-0.0176722909403821
-0.0176799886622274
-0.0176876861474927
-0.0176953834025673
-0.017703080433954
-0.0177107772482828
-0.0177184738522931
-0.0177261702528572
-0.0177338664569714
-0.017741562471743
-0.0177492583044164
-0.0177569539623681
-0.0177646494531116
-0.0177723447842932
-0.0177800399636971
-0.0177877349992466
-0.0177954298990097
-0.0178031246711944
-0.0178108193241756
-0.0178185138664592
-0.017826208306714
-0.0178339026537661
-0.017841596916601
-0.017849291104369
-0.0178569852263827
-0.0178646792921206
-0.0178723733112425
-0.0178800672935767
-0.01788776124914
-0.0178954551881213
-0.017903149120889
-0.0179108430580266
-0.0179185370102903
-0.0179262309886301
-0.0179339250042113
-0.0179416190683838
-0.0179493131927243
-0.0179570073890147
-0.0179647016692538
-0.0179723960456619
-0.0179800905306805
-0.0179877851369715
-0.0179954798774539
-0.0180031747652669
-0.0180108698137974
-0.0180185650366898
-0.0180262604478266
-0.0180339560613495
-0.0180416518916744
-0.0180493479534789
-0.0180570442617171
-0.018064740831607
-0.018072437678674
-0.01808013481872
-0.0180878322678554
-0.0180955300424802
-0.0181032281593124
-0.0181109266353737
-0.0181186254880143
-0.018126324734921
-0.0181340243941034
-0.0181417244839318
-0.0181494250231
-0.0181571260306729
-0.0181648275260797
-0.0181725295291125
-0.0181802320599545
-0.0181879351391759
-0.0181956387877416
-0.0182033430270119
-0.0182110478787688
-0.0182187533652085
-0.0182264595089805
-0.0182341663331543
-0.0182418738612534
-0.0182495821172579
-0.0182572911256274
-0.0182650009112947
-0.0182727114996936
-0.018280422916754
-0.018288135188916
-0.0182958483431402
-0.0183035624069401
-0.018311277408363
-0.0183189933760213
-0.0183267103391088
-0.0183344283273829
-0.018342147371227
-0.018349867501634
-0.0183575887502116
-0.0183653111492181
-0.0183730347315738
-0.0183807595308719
-0.0183884855813688
-0.0183962129180461
-0.0184039415766275
-0.0184116715935518
-0.0184194030059858
-0.0184271358519245
-0.018434870170114
-0.0184426060001443
-0.0184503433824277
-0.0184580823581939
-0.018465822969571
-0.0184735652595842
-0.0184813092721776
-0.0184890550522103
-0.0184968026455158
-0.018504552098925
-0.0185123034602641
-0.0185200567783857
-0.0185278121032095
-0.018535569485755
-0.018543328978138
-0.0185510906336162
-0.0185588545066448
-0.0185666206528672
-0.0185743891291503
-0.0185821599936295
-0.0185899333057662
-0.0185977091263236
-0.0186054875174561
-0.0186132685426967
-0.0186210522670526
-0.0186288387569835
-0.0186366280804762
-0.0186444203070976
-0.0186522155079871
-0.0186600137559349
-0.0186678151254525
-0.0186756196927668
-0.0186834275358953
-0.0186912387346785
-0.0186990533708691
-0.0187068715281601
-0.0187146932922196
-0.0187225187507774
-0.0187303479936609
-0.0187381811128749
-0.0187460182026794
-0.0187538593596002
-0.0187617046825253
-0.0187695542728291
-0.0187774082343178
-0.0187852666733997
-0.0187931296991861
-0.0188009974234509
-0.0188088699608339
-0.018816747428859
-0.0188246299480503
-0.0188325176419938
-0.0188404106374586
-0.0188483090644978
-0.0188562130565108
-0.0188641227504083
-0.0188720382866773
-0.0188799598095005
-0.0188878874668995
-0.018895821410818
-0.0189037617973053
-0.0189117087865572
-0.0189196625431617
-0.0189276232361692
-0.0189355910392254
-0.0189435661307747
-0.0189515486942233
-0.0189595389180514
-0.018967536996051
-0.0189755431274292
-0.0189835575170635
-0.0189915803756916
-0.0189996119200296
-0.0190076523730726
-0.0190157019643034
-0.0190237609298809
-0.0190318295129329
-0.0190399079637328
-0.0190479965400214
-0.0190560955072038
-0.0190642051387634
-0.0190723257164104
-0.0190804575304622
-0.0190886008801555
-0.0190967560740282
-0.0191049234301242
-0.019113103276537
-0.0191212959516369
-0.019129501804593
-0.0191377211957342
-0.0191459544970037
-0.01915420209242
-0.0191624643784939
-0.0191707417648249
-0.0191790346745642
-0.0191873435450837
-0.01919566882835
-0.0192040109916973
-0.0192123705184554
-0.0192207479085181
-0.0192291436791383
-0.0192375583656941
-0.0192459925223661
-0.0192544467230091
-0.0192629215620701
-0.019271417655407
-0.0192799356412665
-0.0192884761813318
-0.0192970399618145
-0.0193056276943478
-0.0193142401175436
-0.0193228779978705
-0.0193315421313271
-0.0193402333444468
-0.0193489524960936
-0.0193577004788892
-0.0193664782207466
-0.0193752866868486
-0.0193841268813368
-0.0193929998493294
-0.0194019066789768
-0.0194108485036397
-0.0194198265043523
-0.0194288419121054
-0.0194378960105761
-0.0194469901391025
-0.0194561256954204
-0.0194653041390639
-0.0194745269945167
-0.0194837958550949
-0.019493112386705
-0.0195024783319047
-0.0195118955144693
-0.0195213658439756
-0.0195308913208988
-0.0195404740420206
-0.0195501162061781
-0.0195598201206884
-0.0195695882079197
-0.019579423012219
-0.0195893272081122
-0.0195993036081377
-0.0196093551722381
-0.0196194850174084
-0.0196296964274996
-0.0196399928653558
-0.0196503779844601
-0.0196608556425742
-0.0196714299153771
-0.0196821051127611
-0.0196928857952714
-0.0197037767926164
-0.019714783223736
-0.0197259105184207
-0.0197371644413675
-0.019748551117917
-0.0197600770629661
-0.0197717492117174
-0.0197835749538957
-0.019795562172142
-0.0198077192828847
-0.019820055282288
-0.0198325797963331
-0.0198453031372954
-0.019858236365316
-0.0198713913571516
-0.019884780882452
-0.0198984186889981
-0.019912319598298
-0.0199264996107623
-0.0199409760259262
-0.0199557675761658
-0.0199708945773647
-0.0199863790995126
-0.0200022451589603
-0.0200185189379369
-0.0200352290327208
-0.0200524067377277
-0.0200700863704099
-0.0200883056445655
-0.0201071060988034
-0.0201265335939914
-0.0201466388886853
-0.020167478308444
-0.0201891145288243
-0.0202116174938689
-0.0202350655001132
-0.0202595464770454
-0.0202851595138337
-0.0203120166830898
-0.020340245236656
-0.0203699902581492
-0.020401417897311
-0.0204347193277533
-0.020470115636322
-0.0205078639005873
-0.0205482648124083
-0.0205916723236656
-0.020638505962846
-0.0206892667384231
-0.0207445579028778
-0.0208051123894853
-0.0208718295887427
-0.0209458253803443
-0.0210285013215911
-0.0211216421771864
-0.021227556238847
-0.0213492821140149
-0.021490901694861
-0.0216580288279248
-0.0218586002938505
-0.0221042116544055
-0.0224124909398189
-0.022811585713803
-0.0233493256805725
-0.0241138803540721
-0.0252869131462204
-0.0273083553311182
-0.0315560695662999
-0.0450118675535387
-0.202275715481445
-1.80914066484707
