1.08633494175422
2.17264699464739
3.25893616286526
4.34520245719139
5.43144588841102
6.51766646731107
7.60386420468018
8.69003911130867
9.77619119798855
10.8623204755135
11.948426954679
13.034510646282
14.1205715611214
15.2066097099976
16.2926251037127
17.3786177530706
18.4645876688768
19.5505348619385
20.6364593430647
21.7223611230658
22.8082402127541
23.8940966229436
24.9799303644499
26.0657414480902
27.1515298846837
28.2372956850508
29.323038860014
30.4087594203972
31.4944573770262
32.5801327407284
33.6657855223326
34.7514157326698
35.8370233825722
36.9226084828739
38.0081710444107
39.0937110780199
40.1792285945407
41.2647236048137
42.3501961196814
43.4356461499878
44.5210737065788
45.6064788003017
46.6918614420055
47.7772216425411
48.8625594127609
49.9478747635188
51.0331677056707
52.118438250074
53.2036864075876
54.2889121890724
55.3741156053906
56.4592966674064
57.5444553859854
58.6295917719949
59.714705836304
60.7997975897833
61.8848670433052
62.9699142077436
64.0549390939742
65.1399417128741
66.2249220753224
67.3098801921996
68.394816074388
69.4797297327714
70.5646211782353
71.6494904216669
72.7343374739551
73.8191623459903
74.9039650486647
75.9887455928719
77.0735039895073
78.1582402494682
79.242954383653
80.3276464029621
81.4123163182976
82.496964140563
83.5815898806635
84.6661935495061
85.7507751579993
86.8353347170532
87.9198722375796
89.004387730492
90.0888812067054
91.1733526771366
92.2578021527038
93.342229644327
94.4266351629279
95.5110187194296
96.595380324757
97.6797199898367
98.7640377255966
99.8483335429666
100.932607452878
102.016859466264
103.101089594059
104.185297847199
105.269484236622
106.353648773268
107.437791468078
108.521912331994
109.606011375961
110.690088610925
111.774144047833
112.858177697635
113.942189571282
115.026179679725
116.110148033919
117.19409464482
118.278019523385
119.361922680573
120.445804127344
121.52966387466
122.613501933486
123.697318314786
124.781113029528
125.86488608868
126.948637503212
128.032367284096
129.116075442306
130.199761988816
131.283426934603
132.367070290646
133.450692067923
134.534292277417
135.617870930111
136.701428036988
137.784963609036
138.868477657242
139.951970192596
141.035441226088
142.118890768711
143.202318831459
144.285725425329
145.369110561317
146.452474250423
147.535816503647
148.619137331991
149.702436746459
150.785714758056
151.86897137779
152.952206616669
154.035420485703
155.118612995903
156.201784158283
157.284933983859
158.368062483645
159.451169668661
160.534255549926
161.617320138461
162.700363445289
163.783385481435
164.866386257924
165.949365785784
167.032324076044
168.115261139735
169.198176987888
170.281071631539
171.363945081722
172.446797349474
173.529628445834
174.612438381842
175.69522716854
176.777994816971
177.860741338179
178.943466743213
180.026171043118
181.108854248945
182.191516371746
183.274157422572
184.356777412478
185.43937635252
186.521954253755
187.604511127243
188.687046984043
189.769561835219
190.852055691832
191.93452856495
193.016980465638
194.099411404965
195.181821394001
196.264210443817
197.346578565486
198.428925770083
199.511252068684
200.593557472366
201.675841992209
202.758105639294
203.840348424703
204.92257035952
206.004771454829
207.08695172172
208.169111171278
209.251249814596
210.333367662764
211.415464726876
212.497541018026
213.579596547311
214.661631325828
215.743645364677
216.825638674959
217.907611267776
218.989563154232
220.071494345433
221.153404852485
222.235294686498
223.317163858581
224.399012379846
225.480840261407
226.562647514377
227.644434149874
228.726200179015
229.80794561292
230.889670462709
231.971374739504
233.053058454431
234.134721618613
235.216364243179
236.297986339257
237.379587917976
238.461168990468
239.542729567867
240.624269661308
241.705789281925
242.787288440857
243.868767149244
244.950225418225
246.031663258943
247.113080682543
248.194477700168
249.275854322966
250.357210562086
251.438546428677
252.51986193389
253.601157088878
254.682431904797
255.763686392801
256.844920564048
257.926134429697
259.007328000908
260.088501288844
261.169654304667
262.250787059543
263.331899564639
264.412991831122
265.494063870161
266.575115692929
267.656147310596
268.737158734338
269.818149975329
270.899121044747
271.980071953771
273.06100271358
274.141913335355
275.222803830281
276.30367420954
277.38452448432
278.465354665808
279.546164765193
280.626954793665
281.707724762417
282.788474682641
283.869204565533
284.94991442229
286.030604264108
287.111274102189
288.191923947732
289.27255381194
290.353163706017
291.433753641169
292.514323628602
293.594873679525
294.675403805148
295.755914016681
296.836404325338
297.916874742334
298.997325278883
300.077755946204
301.158166755514
302.238557718035
303.318928844988
304.399280147596
305.479611637084
306.559923324677
307.640215221605
308.720487339095
309.800739688378
310.880972280687
311.961185127255
313.041378239317
314.121551628109
315.201705304869
316.281839280837
317.361953567253
318.442048175361
319.522123116403
320.602178401626
321.682214042275
322.762230049599
323.842226434848
324.922203209272
326.002160384125
327.08209797066
328.162015980133
329.241914423801
330.321793312923
331.401652658758
332.481492472567
333.561312765614
334.641113549162
335.720894834478
336.800656632828
337.880398955481
338.960121813708
340.03982521878
341.119509181969
342.19917371455
343.278818827799
344.358444532994
345.438050841413
346.517637764336
347.597205313046
348.676753498824
349.756282332956
350.835791826728
351.915281991427
352.994752838342
354.074204378763
355.153636623983
356.233049585294
357.31244327399
358.391817701369
359.471172878727
360.550508817364
361.629825528579
362.709123023676
363.788401313956
364.867660410725
365.946900325288
367.026121068954
368.105322653032
369.184505088831
370.263668387663
371.342812560842
372.421937619683
373.501043575502
374.580130439615
375.659198223343
376.738246938006
377.817276594925
378.896287205423
379.975278780826
381.054251332459
382.13320487165
383.212139409728
384.291054958023
385.369951527866
386.448829130592
387.527687777535
388.60652748003
389.685348249416
390.76415009703
391.842933034214
392.921697072308
394.000442222657
395.079168496604
396.157875905495
397.236564460677
398.315234173501
399.393885055314
400.47251711747
401.55113037132
402.62972482822
403.708300499524
404.786857396591
405.865395530778
406.943914913446
408.022415555956
409.10089746967
410.179360665954
411.257805156171
412.33623095169
413.414638063879
414.493026504107
415.571396283745
416.649747414166
417.728079906744
418.806393772855
419.884689023874
420.962965671181
422.041223726153
423.119463200174
424.197684104623
425.275886450886
426.354070250347
427.432235514393
428.510382254411
429.588510481791
430.666620207924
431.7447114442
432.822784202014
433.90083849276
434.978874327834
436.056891718634
437.134890676559
438.212871213008
439.290833339384
440.36877706709
441.446702407529
442.524609372108
443.602497972233
444.680368219314
445.758220124759
446.836053699981
447.913868956391
448.991665905404
450.069444558436
451.147204926902
452.22494702222
453.302670855811
454.380376439095
455.458063783494
456.535732900432
457.613383801334
458.691016497625
459.768631000734
460.84622732209
461.923805473122
463.001365465263
464.078907309945
465.156431018603
466.233936602673
467.311424073591
468.388893442797
469.46634472173
470.543777921832
471.621193054544
472.698590131311
473.775969163577
474.853330162791
475.930673140399
477.00799810785
478.085305076596
479.162594058089
480.239865063781
481.317118105127
482.394353193584
483.471570340608
484.548769557659
485.625950856196
486.703114247682
487.780259743577
488.857387355348
489.934497094458
491.011588972375
492.088663000567
493.165719190503
494.242757553655
495.319778101493
496.396780845492
497.473765797126
498.550732967871
499.627682369205
500.704614012607
501.781527909556
502.858424071534
503.935302510023
505.012163236508
506.089006262475
507.165831599409
508.242639258799
509.319429252134
510.396201590904
511.472956286603
512.549693350723
513.626412794759
514.703114630206
515.779798868562
516.856465521326
517.933114599998
519.009746116078
520.08636008107
521.162956506476
522.239535403803
523.316096784557
524.392640660245
525.469167042378
526.545675942464
527.622167372016
528.698641342547
529.775097865571
530.851536952604
531.927958615163
533.004362864766
534.080749712933
535.157119171184
536.233471251042
537.30980596403
538.386123321673
539.462423335498
540.53870601703
541.6149713778
542.691219429337
543.767450183172
544.843663650838
545.919859843869
546.9960387738
548.072200452168
549.148344890509
550.224472100364
551.300582093272
552.376674880776
553.452750474417
554.528808885741
555.604850126293
556.680874207619
557.756881141268
558.832870938789
559.908843611732
560.98479917165
562.060737630095
563.136658998623
564.212563288789
565.288450512149
566.364320680264
567.440173804691
568.516009896991
569.591828968728
570.667631031464
571.743416096765
572.819184176195
573.894935281323
574.970669423717
576.046386614947
577.122086866583
578.197770190199
579.273436597367
580.349086099663
581.424718708663
582.500334435944
583.575933293085
584.651515291666
585.727080443268
586.802628759473
587.878160251866
588.953674932032
590.029172811556
591.104653902026
592.180118215031
593.255565762161
594.330996555008
595.406410605164
596.481807924222
597.557188523778
598.632552415428
599.70789961077
600.783230121403
601.858543958926
602.933841134942
604.009121661052
605.08438554886
606.159632809973
607.234863455995
608.310077498534
609.3852749492
610.460455819603
611.535620121353
612.610767866064
613.685899065349
614.761013730823
615.836111874102
616.911193506805
617.98625864055
619.061307286956
620.136339457646
621.211355164241
622.286354418366
623.361337231645
624.436303615705
625.511253582173
626.586187142678
627.661104308849
628.736005092318
629.810889504717
630.88575755768
631.960609262841
633.035444631837
634.110263676305
635.185066407883
636.259852838211
637.334622978931
638.409376841684
639.484114438113
640.558835779864
641.633540878582
642.708229745914
643.782902393509
644.857558833016
645.932199076086
647.00682313437
648.081431019522
649.156022743197
650.23059831705
651.305157752737
652.379701061917
653.454228256249
654.528739347393
655.603234347011
656.677713266767
657.752176118323
658.826622913345
659.901053663501
660.975468380457
662.049867075882
663.124249761447
664.198616448822
665.272967149681
666.347301875697
667.421620638545
668.495923449901
669.570210321442
670.644481264847
671.718736291796
672.79297541397
673.86719864305
674.94140599072
676.015597468665
677.08977308857
678.163932862122
679.238076801009
680.31220491692
681.386317221546
682.460413726579
683.534494443712
684.608559384637
685.682608561052
686.756641984651
687.830659667133
688.904661620196
689.978647855541
691.052618384868
692.12657321988
693.20051237228
694.274435853773
695.348343676066
696.422235850864
697.496112389876
698.569973304812
699.643818607381
700.717648309297
701.791462422271
702.865260958019
703.939043928254
705.012811344694
706.086563219056
707.16029956306
708.234020388424
709.30772570687
710.381415530121
711.455089869899
712.52874873793
713.602392145939
714.676020105653
715.7496326288
716.82322972711
717.896811412313
718.970377696141
720.043928590326
721.117464106602
722.190984256704
723.26448905237
724.337978505335
725.411452627339
726.484911430121
727.558354925422
728.631783124984
729.705196040551
730.778593683866
731.851976066675
732.925343200725
733.998695097763
735.072031769539
736.145353227802
737.218659484304
738.291950550797
739.365226439035
740.438487160771
741.511732727763
742.584963151766
743.65817844454
744.731378617842
745.804563683434
746.877733653077
747.950888538534
749.024028351568
750.097153103944
751.170262807429
752.24335747379
753.316437114794
754.389501742211
755.462551367813
756.53558600337
757.608605660655
758.681610351442
759.754600087508
760.827574880626
761.900534742576
762.973479685135
764.046409720084
765.119324859202
766.192225114272
767.265110497077
768.3379810194
769.410836693027
770.483677529745
771.55650354134
772.629314739602
773.70211113632
774.774892743284
775.847659572287
776.920411635122
777.993148943584
779.065871509466
780.138579344566
781.211272460681
782.283950869609
783.356614583152
784.429263613108
785.50189797128
786.574517669472
787.647122719487
788.719713133131
789.79228892221
790.864850098531
791.937396673903
793.009928660135
794.08244606904
795.154948912427
796.227437202111
797.299910949905
798.372370167624
799.444814867086
800.517245060106
801.589660758504
802.662061974099
803.734448718712
804.806821004165
805.87917884228
806.951522244881
808.023851223793
809.096165790843
810.168465957857
811.240751736664
812.313023139093
813.385280176975
814.457522862142
815.529751206425
816.601965221658
817.674164919677
818.746350312317
819.818521411415
820.890678228809
821.962820776339
823.034949065844
824.107063109166
825.179162918147
826.25124850463
827.323319880461
828.395377057484
829.467420047546
830.539448862495
831.61146351418
832.68346401445
833.755450375157
834.827422608152
835.899380725289
836.971324738422
838.043254659405
839.115170500096
840.187072272351
841.258959988029
842.330833658989
843.402693297092
844.4745389142
845.546370522174
846.61818813288
847.68999175818
848.761781409943
849.833557100033
850.90531884032
851.977066642672
853.048800518958
854.120520481052
855.192226540823
856.263918710146
857.335597000895
858.407261424946
859.478911994173
860.550548720456
861.622171615672
862.693780691701
863.765375960423
864.83695743372
865.908525123475
866.980079041571
868.051619199893
869.123145610326
870.194658284759
871.266157235077
872.337642473171
873.40911401093
874.480571860245
875.552016033008
876.623446541112
877.694863396452
878.766266610922
879.837656196418
880.909032164837
881.980394528078
883.051743298041
884.123078486624
885.19440010573
886.265708167261
887.337002683119
888.408283665211
889.47955112544
890.550805075713
891.622045527938
892.693272494023
893.764485985877
894.835686015412
895.906872594538
896.978045735169
898.049205449217
899.120351748597
900.191484645225
901.262604151018
902.333710277892
903.404803037768
904.475882442563
905.5469485042
906.6180012346
907.689040645684
908.760066749378
909.831079557605
910.902079082292
911.973065335365
913.044038328752
914.114998074382
915.185944584183
916.256877870088
917.327797944028
918.398704817935
919.469598503743
920.540479013387
921.611346358803
922.682200551928
923.753041604698
924.823869529054
925.894684336934
926.96548604028
928.036274651032
929.107050181135
930.17781264253
931.248562047164
932.319298406982
933.390021733931
934.460732039957
935.531429337011
936.602113637041
937.672784951998
938.743443293833
939.8140886745
940.884721105952
941.955340600143
943.02594716903
944.096540824567
945.167121578714
946.237689443428
947.308244430669
948.378786552398
949.449315820575
950.519832247163
951.590335844126
952.660826623428
953.731304597034
954.80176977691
955.872222175024
956.942661803344
958.013088673839
959.083502798479
960.153904189236
961.224292858082
962.294668816989
963.365032077931
964.435382652884
965.505720553824
966.576045792727
967.646358381572
968.716658332337
969.786945657002
970.857220367548
971.927482475956
972.997731994209
974.067968934292
975.138193308187
976.208405127882
977.278604405362
978.348791152615
979.41896538163
980.489127104395
981.559276332901
982.62941307914
983.699537355103
984.769649172783
985.839748544176
986.909835481275
987.979909996076
989.049972100578
990.120021806777
991.190059126673
992.260084072265
993.330096655553
994.400096888541
995.470084783229
996.540060351622
997.610023605724
998.679974557541
999.749913219079
1000.81983960234
1001.88975371935
1002.95965558209
1004.0295452026
1005.09942259287
1006.16928776491
1007.23914073075
1008.3089815024
1009.37881009186
1010.44862651116
1011.51843077231
1012.58822288734
1013.65800286825
1014.72777072706
1015.79752647581
1016.8672701265
1017.93700169116
1019.00672118182
1020.0764286105
1021.14612398922
1022.21580733
1023.28547864488
1024.35513794589
1025.42478524505
1026.49442055438
1027.56404388593
1028.63365525172
1029.70325466379
1030.77284213416
1031.84241767487
1032.91198129797
1033.98153301547
1035.05107283942
1036.12060078186
1037.19011685483
1038.25962107036
1039.32911344049
1040.39859397727
1041.46806269274
1042.53751959894
1043.60696470792
1044.67639803171
1045.74581958237
1046.81522937195
1047.88462741249
1048.95401371603
1050.02338829463
1051.09275116034
1052.16210232521
1053.23144180129
1054.30076960063
1055.3700857353
1056.43939021733
1057.5086830588
1058.57796427174
1059.64723386823
1060.71649186032
1061.78573826007
1062.85497307954
1063.92419633079
1064.99340802588
1066.06260817688
1067.13179679584
1068.20097389484
1069.27013948593
1070.33929358119
1071.40843619268
1072.47756733246
1073.54668701262
1074.61579524521
1075.68489204231
1076.75397741599
1077.82305137832
1078.89211394137
1079.96116511723
1081.03020491795
1082.09923335563
1083.16825044233
1084.23725619014
1085.30625061112
1086.37523371737
1087.44420552096
1088.51316603397
1089.58211526848
1090.65105323658
1091.71997995036
1092.78889542188
1093.85779966324
1094.92669268653
1095.99557450384
1097.06444512724
1098.13330456883
1099.2021528407
1100.27098995494
1101.33981592364
1102.40863075889
1103.47743447279
1104.54622707742
1105.61500858489
1106.68377900729
1107.75253835671
1108.82128664525
1109.89002388502
1110.9587500881
1112.02746526661
1113.09616943263
1114.16486259828
1115.23354477564
1116.30221597684
1117.37087621396
1118.43952549912
1119.50816384442
1120.57679126196
1121.64540776386
1122.71401336222
1123.78260806915
1124.85119189677
1125.91976485717
1126.98832696248
1128.0568782248
1129.12541865625
1130.19394826894
1131.26246707499
1132.33097508651
1133.39947231562
1134.46795877443
1135.53643447507
1136.60489942965
1137.6733536503
1138.74179714912
1139.81022993825
1140.87865202981
1141.94706343591
1143.01546416869
1144.08385424026
1145.15223366276
1146.22060244831
1147.28896060903
1148.35730815706
1149.42564510452
1150.49397146354
1151.56228724625
1152.63059246479
1153.69888713128
1154.76717125786
1155.83544485666
1156.90370793982
1157.97196051947
1159.04020260774
1160.10843421678
1161.17665535872
1162.24486604569
1163.31306628985
1164.38125610332
1165.44943549826
1166.51760448679
1167.58576308107
1168.65391129323
1169.72204913542
1170.79017661979
1171.85829375847
1172.92640056363
1173.99449704739
1175.06258322192
1176.13065909936
1177.19872469186
1178.26678001156
1179.33482507063
1180.40285988121
1181.47088445545
1182.53889880552
1183.60690294355
1184.67489688172
1185.74288063216
1186.81085420705
1187.87881761853
1188.94677087877
1190.01471399992
1191.08264699414
1192.1505698736
1193.21848265046
1194.28638533687
1195.354277945
1196.42216048701
1197.49003297507
1198.55789542135
1199.625747838
1200.6935902372
1201.76142263111
1202.8292450319
1203.89705745174
1204.96485990279
1206.03265239724
1207.10043494725
1208.16820756499
1209.23597026263
1210.30372305236
1211.37146594633
1212.43919895674
1213.50692209574
1214.57463537553
1215.64233880828
1216.71003240616
1217.77771618135
1218.84539014604
1219.9130543124
1220.98070869261
1222.04835329886
1223.11598814333
1224.18361323821
1225.25122859567
1226.3188342279
1227.38643014709
1228.45401636542
1229.52159289508
1230.58915974825
1231.65671693714
1232.72426447391
1233.79180237078
1234.85933063992
1235.92684929353
1236.99435834379
1238.06185780291
1239.12934768308
1240.19682799649
1241.26429875533
1242.3317599718
1243.3992116581
1244.46665382643
1245.53408648898
1246.60150965796
1247.66892334555
1248.73632756397
1249.80372232541
1250.87110764208
1251.93848352617
1253.0058499899
1254.07320704545
1255.14055470505
1256.20789298089
1257.27522188518
1258.34254143013
1259.40985162795
1260.47715249083
1261.544444031
1262.61172626066
1263.67899919202
1264.7462628373
1265.8135172087
1266.88076231844
1267.94799817872
1269.01522480177
1270.0824421998
1271.14965038503
1272.21684936966
1273.28403916592
1274.35121978603
1275.4183912422
1276.48555354665
1277.5527067116
1278.61985074928
1279.6869856719
1280.75411149168
1281.82122822084
1282.88833587162
1283.95543445623
1285.0225239869
1286.08960447585
1287.15667593531
1288.22373837751
1289.29079181467
1290.35783625902
1291.42487172279
1292.49189821821
1293.55891575751
1294.62592435292
1295.69292401667
1296.75991476099
1297.82689659812
1298.89386954029
1299.96083359973
1301.02778878868
1302.09473511938
1303.16167260405
1304.22860125495
1305.29552108429
1306.36243210434
1307.42933432731
1308.49622776545
1309.56311243101
1310.62998833622
1311.69685549332
1312.76371391456
1313.83056361218
1314.89740459843
1315.96423688554
1317.03106048577
1318.09787541135
1319.16468167454
1320.23147928758
1321.29826826272
1322.36504861221
1323.4318203483
1324.49858348323
1325.56533802926
1326.63208399864
1327.69882140361
1328.76555025644
1329.83227056938
1330.89898235467
1331.96568562458
1333.03238039135
1334.09906666725
1335.16574446453
1336.23241379545
1337.29907467225
1338.36572710722
1339.43237111259
1340.49900670064
1341.56563388361
1342.63225267378
1343.6988630834
1344.76546512474
1345.83205881005
1346.89864415161
1347.96522116168
1349.03178985251
1350.09835023638
1351.16490232555
1352.2314461323
1353.29798166887
1354.36450894755
1355.43102798061
1356.4975387803
1357.56404135891
1358.6305357287
1359.69702190194
1360.76349989091
1361.82996970787
1362.89643136511
1363.96288487488
1365.02933024948
1366.09576750117
1367.16219664222
1368.22861768493
1369.29503064155
1370.36143552437
1371.42783234567
1372.49422111772
1373.56060185281
1374.62697456321
1375.69333926121
1376.75969595908
1377.82604466911
1378.89238540358
1379.95871817478
1381.02504299498
1382.09135987647
1383.15766883154
1384.22396987247
1385.29026301155
1386.35654826106
1387.42282563329
1388.48909514053
1389.55535679507
1390.62161060919
1391.68785659519
1392.75409476536
1393.82032513198
1394.88654770736
1395.95276250377
1397.01896953352
1398.0851688089
1399.1513603422
1400.21754414571
1401.28372023174
1402.34988861257
1403.4160493005
1404.48220230783
1405.54834764686
1406.61448532989
1407.68061536921
1408.74673777712
1409.81285256593
1410.87895974793
1411.94505933542
1413.01115134071
1414.0772357761
1415.14331265389
1416.20938198639
1417.27544378589
1418.34149806471
1419.40754483515
1420.47358410951
1421.5396159001
1422.60564021923
1423.6716570792
1424.73766649233
1425.80366847091
1426.86966302727
1427.93565017371
1429.00162992254
1430.06760228607
1431.13356727662
1432.19952490649
1433.265475188
1434.33141813346
1435.39735375519
1436.46328206549
1437.52920307669
1438.5951168011
1439.66102325104
1440.72692243882
1441.79281437676
1442.85869907717
1443.92457655238
1444.99044681471
1446.05630987647
1447.12216574999
1448.18801444758
1449.25385598156
1450.31969036427
1451.38551760801
1452.45133772511
1453.5171507279
1454.5829566287
1455.64875543984
1456.71454717363
1457.78033184241
1458.8461094585
1459.91188003422
1460.97764358192
1462.0434001139
1463.1091496425
1464.17489218005
1465.24062773888
1466.30635633132
1467.3720779697
1468.43779266635
1469.5035004336
1470.56920128378
1471.63489522923
1472.70058228228
1473.76626245526
1474.83193576051
1475.89760221036
1476.96326181715
1478.02891459321
1479.09456055088
1480.16019970249
1481.22583206039
1482.29145763691
1483.35707644439
1484.42268849517
1485.48829380159
1486.55389237598
1487.6194842307
1488.68506937807
1489.75064783044
1490.81621960016
1491.88178469957
1492.947343141
1494.01289493681
1495.07844009934
1496.14397864092
1497.20951057392
1498.27503591066
1499.34055466351
1500.4060668448
1501.47157246689
1502.53707154211
1503.60256408283
1504.66805010138
1505.73352961012
1506.7990026214
1507.86446914756
1508.92992920097
1509.99538279396
1511.06082993889
1512.12627064812
1513.191704934
1514.25713280887
1515.3225542851
1516.38796937504
1517.45337809104
1518.51878044546
1519.58417645065
1520.64956611897
1521.71494946278
1522.78032649444
1523.8456972263
1524.91106167071
1525.97641984005
1527.04177174667
1528.10711740292
1529.17245682118
1530.23779001379
1531.30311699313
1532.36843777154
1533.4337523614
1534.49906077507
1535.56436302491
1536.62965912328
1537.69494908256
1538.76023291509
1539.82551063325
1540.89078224941
1541.95604777592
1543.02130722517
1544.0865606095
1545.15180794129
1546.21704923292
1547.28228449674
1548.34751374512
1549.41273699044
1550.47795424507
1551.54316552137
1552.60837083172
1553.67357018848
1554.73876360403
1555.80395109074
1556.86913266099
1557.93430832714
1558.99947810157
1560.06464199666
1561.12980002478
1562.19495219829
1563.26009852959
1564.32523903104
1565.39037371502
1566.45550259391
1567.52062568009
1568.58574298592
1569.6508545238
1570.7159603061
1571.78106034519
1572.84615465346
1573.91124324329
1574.97632612706
1576.04140331714
1577.10647482593
1578.17154066579
1579.23660084912
1580.3016553883
1581.3667042957
1582.43174758372
1583.49678526473
1584.56181735112
1585.62684385528
1586.69186478959
1587.75688016644
1588.8218899982
1589.88689429728
1590.95189307605
1592.01688634691
1593.08187412223
1594.14685641442
1595.21183323585
1596.27680459892
1597.34177051601
1598.40673099952
1599.47168606184
1600.53663571536
1601.60157997246
1602.66651884555
1603.731452347
1604.79638048922
1605.8613032846
1606.92622074553
1607.99113288441
1609.05603971362
1610.12094124557
1611.18583749264
1612.25072846724
1613.31561418176
1614.3804946486
1615.44536988015
1616.5102398888
1617.57510468697
1618.63996428704
1619.70481870141
1620.76966794248
1621.83451202266
1622.89935095433
1623.96418474991
1625.02901342179
1626.09383698236
1627.15865544404
1628.22346881923
1629.28827712032
1630.35308035972
1631.41787854983
1632.48267170305
1633.54745983179
1634.61224294845
1635.67702106544
1636.74179419516
1637.80656235001
1638.8713255424
1639.93608378475
1641.00083708944
1642.06558546889
1643.13032893551
1644.19506750171
1645.25980117988
1646.32452998245
1647.38925392181
1648.45397301038
1649.51868726057
1650.58339668479
1651.64810129544
1652.71280110494
1653.77749612569
1654.84218637012
1655.90687185062
1656.97155257962
1658.03622856952
1659.10089983275
1660.1655663817
1661.23022822879
1662.29488538645
1663.35953786707
1664.42418568308
1665.4888288469
1666.55346737093
1667.61810126759
1668.6827305493
1669.74735522848
1670.81197531754
1671.87659082889
1672.94120177497
1674.00580816818
1675.07041002094
1676.13500734567
1677.19960015479
1678.26418846072
1679.32877227588
1680.39335161268
1681.45792648356
1682.52249690092
1683.5870628772
1684.65162442481
1685.71618155617
1686.78073428371
1687.84528261985
1688.909826577
1689.9743661676
1691.03890140407
1692.10343229883
1693.16795886431
1694.23248111292
1695.2969990571
1696.36151270927
1697.42602208186
1698.49052718729
1699.55502803798
1700.61952464637
1701.68401702488
1702.74850518594
1703.81298914197
1704.87746890541
1705.94194448868
1707.00641590421
1708.07088316442
1709.13534628176
1710.19980526864
1711.2642601375
1712.32871090077
1713.39315757088
1714.45760016025
1715.52203868133
1716.58647314654
1717.65090356831
1718.71532995907
1719.77975233126
1720.84417069732
1721.90858506967
1722.97299546074
1724.03740188297
1725.1018043488
1726.16620287066
1727.23059746098
1728.2949881322
1729.35937489675
1730.42375776708
1731.4881367556
1732.55251187477
1733.61688313702
1734.68125055478
1735.74561414049
1736.80997390659
1737.87432986551
1738.9386820297
1740.0030304116
1741.06737502363
1742.13171587824
1743.19605298788
1744.26038636497
1745.32471602196
1746.38904197129
1747.4533642254
1748.51768279673
1749.58199769772
1750.64630894081
1751.71061653844
1752.77492050306
1753.83922084711
1754.90351758303
1755.96781072325
1757.03210028024
1758.09638626642
1759.16066869424
1760.22494757615
1761.28922292459
1762.35349475201
1763.41776307084
1764.48202789354
1765.54628923255
1766.61054710031
1767.67480150927
1768.73905247188
1769.80330000058
1770.86754410782
1771.93178480604
1772.9960221077
1774.06025602524
1775.12448657111
1776.18871375776
1777.25293759763
1778.31715810317
1779.38137528683
1780.44558916107
1781.50979973832
1782.57400703105
1783.63821105169
1784.70241181271
1785.76660932654
1786.83080360564
1787.89499466247
1788.95918250946
1790.02336715908
1791.08754862378
1792.151726916
1793.2159020482
1794.28007403283
1795.34424288235
1796.4084086092
1797.47257122584
1798.53673074473
1799.60088717831
1800.66504053905
1801.72919083939
1802.79333809178
1803.8574823087
1804.92162350258
1805.98576168588
1807.04989687106
1808.11402907058
1809.17815829689
1810.24228456244
1811.3064078797
1812.37052826111
1813.43464571914
1814.49876026624
1815.56287191488
1816.6269806775
1817.69108656656
1818.75518959453
1819.81928977386
1820.883387117
1821.94748163643
1823.01157334459
1824.07566225395
1825.13974837696
1826.20383172609
1827.26791231379
1828.33199015252
1829.39606525475
1830.46013763294
1831.52420729953
1832.58827426701
1833.65233854782
1834.71640015442
1835.78045909929
1836.84451539488
1837.90856905365
1838.97262008807
1840.03666851059
1841.10071433368
1842.16475756981
1843.22879823143
1844.292836331
1845.356871881
1846.42090489389
1847.48493538212
1848.54896335817
1849.61298883449
1850.67701182356
1851.74103233783
1852.80505038977
1853.86906599184
1854.93307915652
1855.99708989626
1857.06109822354
1858.12510415081
1859.18910769054
1860.2531088552
1861.31710765726
1862.38110410918
1863.44509822343
1864.50909001247
1865.57307948878
1866.63706666481
1867.70105155305
1868.76503416594
1869.82901451597
1870.8929926156
1871.9569684773
1873.02094211353
1874.08491353677
1875.14888275949
1876.21284979414
1877.27681465321
1878.34077734916
1879.40473789446
1880.46869630158
1881.53265258298
1882.59660675115
1883.66055881855
1884.72450879765
1885.78845670092
1886.85240254082
1887.91634632984
1888.98028808045
1890.0442278051
1891.10816551628
1892.17210122646
1893.23603494811
1894.29996669369
1895.36389647568
1896.42782430656
1897.4917501988
1898.55567416486
1899.61959621722
1900.68351636836
1901.74743463074
1902.81135101684
1903.87526553913
1904.93917821009
1906.00308904219
1907.0669980479
1908.1309052397
1909.19481063005
1910.25871423144
1911.32261605634
1912.38651611722
1913.45041442655
1914.51431099682
1915.5782058405
1916.64209897005
1917.70599039797
1918.76988013671
1919.83376819876
1920.89765459659
1921.96153934268
1923.0254224495
1924.08930392954
1925.15318379525
1926.21706205913
1927.28093873365
1928.34481383128
1929.4086873645
1930.47255934579
1931.53642978762
1932.60029870247
1933.66416610282
1934.72803200114
1935.79189640992
1936.85575934162
1937.91962080873
1938.98348082373
1940.04733939909
1941.11119654729
1942.1750522808
1943.23890661211
1944.3027595537
1945.36661111804
1946.43046131761
1947.49431016489
1948.55815767236
1949.62200385249
1950.68584871777
1951.74969228068
1952.81353455369
1953.87737554928
1954.94121527993
1956.00505375813
1957.06889099634
1958.13272700706
1959.19656180276
1960.26039539592
1961.32422779902
1962.38805902454
1963.45188908496
1964.51571799276
1965.57954576042
1966.64337240042
1967.70719792524
1968.77102234737
1969.83484567928
1970.89866793345
1971.96248912237
1973.02630925851
1974.09012835436
1975.15394642239
1976.2177634751
1977.28157952495
1978.34539458444
1979.40920866604
1980.47302178224
1981.53683394551
1982.60064516833
1983.6644554632
1984.72826484259
1985.79207331898
1986.85588090486
1987.9196876127
1988.983493455
1990.04729844422
1991.11110259286
1992.1749059134
1993.23870841832
1994.30251012009
1995.36631103121
1996.43011116416
1997.49391053142
1998.55770914547
1999.62150701879
2000.68530416387
2001.74910059319
2002.81289631924
2003.87669135449
2004.94048571143
2006.00427940255
2007.06807244032
2008.13186483723
2009.19565660577
2010.25944775841
2011.32323830764
2012.38702826594
2013.45081764581
2014.51460645971
2015.57839472014
2016.64218243957
2017.7059696305
2018.7697563054
2019.83354247677
2020.89732815707
2021.96111335881
2023.02489809445
2024.08868237649
2025.15246621741
2026.2162496297
2027.28003262583
2028.3438152183
2029.40759741958
2030.47137924216
2031.53516069853
2032.59894180116
2033.66272256255
2034.72650299518
2035.79028311153
2036.85406292409
2037.91784244534
2038.98162168776
2040.04540066385
2041.10917938608
2042.17295786694
2043.23673611891
2044.30051415449
2045.36429198614
2046.42806962637
2047.49184708765
2048.55562438246
2049.6194015233
2050.68317852265
2051.74695539299
2052.8107321468
2053.87450879658
2054.9382853548
2056.00206183395
2057.06583824652
2058.129614605
2059.19339092185
2060.25716720958
2061.32094348066
2062.38471974759
2063.44849602284
2064.5122723189
2065.57604864825
2066.63982502339
2067.70360145679
2068.76737796094
2069.83115454832
2070.89493123142
2071.95870802273
2073.02248493473
2074.0862619799
2075.15003917073
2076.21381651971
2077.27759403931
2078.34137174203
2079.40514964034
2080.46892774674
2081.53270607371
2082.59648463373
2083.66026343929
2084.72404250287
2085.78782183696
2086.85160145404
2087.9153813666
2088.97916158711
2090.04294212808
2091.10672300197
2092.17050422129
2093.2342857985
2094.29806774609
2095.36185007656
2096.42563280238
2097.48941593603
2098.55319949001
2099.6169834768
2100.68076790888
2101.74455279874
2102.80833815885
2103.87212400171
2104.9359103398
2105.9996971856
2107.06348455161
2108.12727245029
2109.19106089414
2110.25484989564
2111.31863946727
2112.38242962152
2113.44622037087
2114.51001172781
2115.57380370482
2116.63759631439
2117.70138956899
2118.76518348111
2119.82897806324
2120.89277332786
2121.95656928745
2123.02036595449
2124.08416334148
2125.14796146089
2126.2117603252
2127.27555994691
2128.33936033849
2129.40316151242
2130.4669634812
2131.5307662573
2132.5945698532
2133.65837428139
2134.72217955436
2135.78598568458
2136.84979268453
2137.91360056671
2138.97740934359
2140.04121902766
2141.10502963139
2142.16884116727
2143.23265364779
2144.29646708543
2145.36028149266
2146.42409688197
2147.48791326584
2148.55173065676
2149.6155490672
2150.67936850965
2151.7431889966
2152.80701054051
2153.87083315388
2154.93465684918
2155.9984816389
2157.06230753551
2158.12613455151
2159.18996269936
2160.25379199156
2161.31762244058
2162.3814540589
2163.44528685901
2164.50912085338
2165.5729560545
2166.63679247485
2167.7006301269
2168.76446902314
2169.82830917605
2170.89215059811
2171.95599330179
2173.01983729959
2174.08368260397
2175.14752922742
2176.21137718242
2177.27522648145
2178.33907713698
2179.4029291615
2180.46678256749
2181.53063736742
2182.59449357378
2183.65835119904
2184.72221025569
2185.78607075619
2186.84993271303
2187.9137961387
2188.97766104566
2190.04152744639
2191.10539535338
2192.16926477911
2193.23313573604
2194.29700823666
2195.36088229344
2196.42475791887
2197.48863512542
2198.55251392556
2199.61639433178
2200.68027635656
2201.74416001236
2202.80804531167
2203.87193226696
2204.93582089072
2205.99971119541
2207.06360319351
2208.1274968975
2209.19139231986
2210.25528947305
2211.31918836957
2212.38308902188
2213.44699144245
2214.51089564377
2215.57480163831
2216.63870943855
2217.70261905695
2218.766530506
2219.83044379817
2220.89435894593
2221.95827596175
2223.02219485813
2224.08611564751
2225.15003834239
2226.21396295524
2227.27788949852
2228.34181798471
2229.40574842629
2230.46968083573
2231.5336152255
2232.59755160807
2233.66148999592
2234.72543040153
2235.78937283735
2236.85331731587
2237.91726384956
2238.98121245088
2240.04516313232
2241.10911590634
2242.17307078542
2243.23702778202
2244.30098690861
2245.36494817768
2246.42891160169
2247.4928771931
2248.5568449644
2249.62081492804
2250.68478709651
2251.74876148226
2252.81273809778
2253.87671695553
2254.94069806798
2256.00468144759
2257.06866710685
2258.13265505821
2259.19664531415
2260.26063788713
2261.32463278962
2262.3886300341
2263.45262963303
2264.51663159887
2265.5806359441
2266.64464268118
2267.70865182258
2268.77266338077
2269.83667736821
2270.90069379737
2271.96471268072
2273.02873403072
2274.09275785984
2275.15678418055
2276.22081300531
2277.28484434659
2278.34887821684
2279.41291462855
2280.47695359417
2281.54099512616
2282.605039237
2283.66908593914
2284.73313524506
2285.7971871672
2286.86124171805
2287.92529891006
2288.98935875569
2290.05342126741
2291.11748645768
2292.18155433897
2293.24562492373
2294.30969822443
2295.37377425353
2296.4378530235
2297.50193454678
2298.56601883586
2299.63010590318
2300.6941957612
2301.7582884224
2302.82238389923
2303.88648220414
2304.95058334961
2306.01468734808
2307.07879421202
2308.14290395389
2309.20701658615
2310.27113212126
2311.33525057167
2312.39937194984
2313.46349626824
2314.52762353932
2315.59175377553
2316.65588698934
2317.7200231932
2318.78416239958
2319.84830462092
2320.91244986968
2321.97659815833
2323.0407494993
2324.10490390508
2325.16906138809
2326.23322196082
2327.2973856357
2328.36155242519
2329.42572234175
2330.48989539783
2331.55407160589
2332.61825097838
2333.68243352776
2334.74661926647
2335.81080820697
2336.87500036172
2337.93919574316
2339.00339436375
2340.06759623594
2341.13180137218
2342.19600978493
2343.26022148663
2344.32443648975
2345.38865480671
2346.45287644999
2347.51710143202
2348.58132976527
2349.64556146217
2350.70979653518
2351.77403499674
2352.83827685932
2353.90252213535
2354.96677083728
2356.03102297756
2357.09527856864
2358.15953762297
2359.22380015299
2360.28806617116
2361.35233568991
2362.4166087217
2363.48088527897
2364.54516537416
2365.60944901973
2366.67373622812
2367.73802701177
2368.80232138312
2369.86661935463
2370.93092093874
2371.99522614789
2373.05953499452
2374.12384749108
2375.18816365001
2376.25248348375
2377.31680700475
2378.38113422545
2379.44546515829
2380.50979981571
2381.57413821015
2382.63848035406
2383.70282625987
2384.76717594002
2385.83152940697
2386.89588667314
2387.96024775097
2389.0246126529
2390.08898139138
2391.15335397884
2392.21773042773
2393.28211075046
2394.3464949595
2395.41088306726
2396.4752750862
2397.53967102874
2398.60407090733
2399.6684747344
2400.73288252238
2401.79729428371
2402.86171003082
2403.92612977616
2404.99055353215
2406.05498131123
2407.11941312583
2408.18384898839
2409.24828891134
2410.31273290712
2411.37718098814
2412.44163316686
2413.50608945569
2414.57054986708
2415.63501441345
2416.69948310723
2417.76395596085
2418.82843298675
2419.89291419735
2420.95739960509
2422.02188922239
2423.08638306168
2424.15088113539
2425.21538345595
2426.27989003578
2427.34440088732
2428.40891602299
2429.47343545522
2430.53795919644
2431.60248725906
2432.66701965552
2433.73155639825
2434.79609749966
2435.86064297218
2436.92519282824
2437.98974708026
2439.05430574066
2440.11886882187
2441.18343633632
2442.24800829641
2443.31258471458
2444.37716560325
2445.44175097484
2446.50634084177
2447.57093521646
2448.63553411133
2449.70013753881
2450.7647455113
2451.82935804124
2452.89397514103
2453.95859682311
2455.02322309988
2456.08785398377
2457.15248948719
2458.21712962256
2459.2817744023
2460.34642383882
2461.41107794454
2462.47573673187
2463.54040021324
2464.60506840105
2465.66974130772
2466.73441894566
2467.79910132729
2468.86378846503
2469.92848037127
2470.99317705845
2472.05787853896
2473.12258482522
2474.18729592965
2475.25201186465
2476.31673264263
2477.38145827601
2478.44618877719
2479.51092415859
2480.57566443261
2481.64040961166
2482.70515970815
2483.76991473449
2484.83467470309
2485.89943962635
2486.96420951668
2488.02898438648
2489.09376424817
2490.15854911414
2491.22333899681
2492.28813390858
2493.35293386184
2494.41773886902
2495.4825489425
2496.54736409469
2497.612184338
2498.67700968483
2499.74184014757
2500.80667573864
2501.87151647043
2502.93636235534
2504.00121340577
2505.06606963413
2506.13093105281
2507.19579767421
2508.26066951072
2509.32554657476
2510.39042887871
2511.45531643497
2512.52020925594
2513.58510735402
2514.6500107416
2515.71491943108
2516.77983343484
2517.8447527653
2518.90967743484
2519.97460745585
2521.03954284073
2522.10448360187
2523.16942975166
2524.23438130251
2525.29933826679
2526.36430065689
2527.42926848522
2528.49424176416
2529.5592205061
2530.62420472343
2531.68919442853
2532.75418963381
2533.81919035164
2534.88419659441
2535.94920837451
2537.01422570433
2538.07924859625
2539.14427706266
2540.20931111594
2541.27435076849
2542.33939603267
2543.40444692089
2544.46950344552
2545.53456561894
2546.59963345354
2547.66470696169
2548.72978615579
2549.79487104822
2550.85996165134
2551.92505797755
2552.99016003923
2554.05526784874
2555.12038141848
2556.18550076082
2557.25062588814
2558.31575681282
2559.38089354722
2560.44603610374
2561.51118449474
2562.57633873261
2563.64149882971
2564.70666479843
2565.77183665113
2566.83701440019
2567.90219805798
2568.96738763688
2570.03258314925
2571.09778460748
2572.16299202393
2573.22820541097
2574.29342478097
2575.3586501463
2576.42388151934
2577.48911891245
2578.55436233799
2579.61961180835
2580.68486733587
2581.75012893294
2582.81539661192
2583.88067038517
2584.94595026506
2586.01123626395
2587.07652839422
2588.14182666821
2589.20713109831
2590.27244169686
2591.33775847623
2592.40308144878
2593.46841062689
2594.53374602289
2595.59908764916
2596.66443551806
2597.72978964195
2598.79515003318
2599.86051670411
2600.9258896671
2601.99126893451
2603.0566545187
2604.12204643202
2605.18744468682
2606.25284929547
2607.31826027031
2608.38367762371
2609.44910136801
2610.51453151557
2611.57996807874
2612.64541106987
2613.71086050132
2614.77631638543
2615.84177873456
2616.90724756106
2617.97272287727
2619.03820469555
2620.10369302824
2621.1691878877
2622.23468928626
2623.30019723628
2624.3657117501
2625.43123284007
2626.49676051853
2627.56229479783
2628.62783569031
2629.69338320832
2630.75893736419
2631.82449817028
2632.89006563892
2633.95563978246
2635.02122061323
2636.08680814357
2637.15240238583
2638.21800335235
2639.28361105546
2640.34922550751
2641.41484672082
2642.48047470774
2643.5461094806
2644.61175105174
2645.67739943349
2646.7430546382
2647.80871667819
2648.87438556579
2649.94006131335
2651.00574393318
2652.07143343763
2653.13712983903
2654.20283314971
2655.26854338199
2656.33426054821
2657.3999846607
2658.46571573178
2659.53145377378
2660.59719879904
2661.66295081987
2662.7287098486
2663.79447589757
2664.86024897909
2665.92602910549
2666.99181628909
2668.05761054221
2669.12341187719
2670.18922030634
2671.25503584198
2672.32085849644
2673.38668828203
2674.45252521107
2675.51836929589
2676.5842205488
2677.65007898212
2678.71594460817
2679.78181743927
2680.84769748773
2681.91358476586
2682.97947928599
2684.04538106043
2685.11129010148
2686.17720642148
2687.24313003271
2688.30906094751
2689.37499917818
2690.44094473703
2691.50689763638
2692.57285788853
2693.63882550579
2694.70480050046
2695.77078288487
2696.83677267131
2697.9027698721
2698.96877449953
2700.03478656592
2701.10080608356
2702.16683306477
2703.23286752184
2704.29890946709
2705.3649589128
2706.43101587129
2707.49708035486
2708.5631523758
2709.62923194642
2710.69531907901
2711.76141378587
2712.82751607931
2713.89362597161
2714.95974347509
2716.02586860202
2717.09200136471
2718.15814177546
2719.22428984655
2720.29044559028
2721.35660901895
2722.42278014484
2723.48895898025
2724.55514553747
2725.62133982879
2726.6875418665
2727.75375166288
2728.81996923024
2729.88619458085
2730.952427727
2732.01866868098
2733.08491745507
2734.15117406157
2735.21743851275
2736.2837108209
2737.3499909983
2738.41627905724
2739.48257500999
2740.54887886885
2741.61519064608
2742.68151035397
2743.74783800481
2744.81417361085
2745.8805171844
2746.94686873772
2748.01322828309
2749.07959583279
2750.14597139908
2751.21235499426
2752.27874663059
2753.34514632034
2754.41155407579
2755.4779699092
2756.54439383286
2757.61082585904
2758.67726599999
2759.74371426799
2760.81017067532
2761.87663523423
2762.94310795701
2764.0095888559
2765.07607794318
2766.14257523112
2767.20908073197
2768.27559445801
2769.3421164215
2770.40864663469
2771.47518510986
2772.54173185926
2773.60828689515
2774.6748502298
2775.74142187546
2776.80800184438
2777.87459014884
2778.94118680109
2780.00779181337
2781.07440519796
2782.1410269671
2783.20765713305
2784.27429570805
2785.34094270438
2786.40759813427
2787.47426200998
2788.54093434375
2789.60761514785
2790.67430443452
2791.741002216
2792.80770850456
2793.87442331242
2794.94114665184
2796.00787853508
2797.07461897436
2798.14136798194
2799.20812557005
2800.27489175095
2801.34166653688
2802.40844994007
2803.47524197277
2804.54204264722
2805.60885197566
2806.67566997032
2807.74249664345
2808.80933200727
2809.87617607404
2810.94302885598
2812.00989036533
2813.07676061433
2814.1436396152
2815.21052738018
2816.27742392151
2817.34432925141
2818.41124338211
2819.47816632585
2820.54509809486
2821.61203870136
2822.67898815757
2823.74594647574
2824.81291366808
2825.87988974682
2826.94687472419
2828.01386861241
2829.0808714237
2830.14788317028
2831.21490386438
2832.28193351822
2833.34897214401
2834.41601975399
2835.48307636036
2836.55014197535
2837.61721661117
2838.68430028004
2839.75139299418
2840.81849476579
2841.8856056071
2842.95272553032
2844.01985454766
2845.08699267134
2846.15413991355
2847.22129628653
2848.28846180247
2849.35563647358
2850.42282031208
2851.49001333016
2852.55721554004
2853.62442695393
2854.69164758402
2855.75887744253
2856.82611654165
2857.89336489359
2858.96062251055
2860.02788940473
2861.09516558834
2862.16245107356
2863.22974587261
2864.29704999769
2865.36436346097
2866.43168627467
2867.49901845098
2868.5663600021
2869.63371094022
2870.70107127752
2871.76844102622
2872.83582019849
2873.90320880653
2874.97060686253
2876.03801437867
2877.10543136716
2878.17285784016
2879.24029380988
2880.3077392885
2881.37519428821
2882.44265882118
2883.51013289961
2884.57761653567
2885.64510974155
2886.71261252943
2887.78012491149
2888.84764689992
2889.91517850688
2890.98271974456
2892.05027062514
2893.11783116078
2894.18540136368
2895.252981246
2896.32057081992
2897.38817009761
2898.45577909125
2899.523397813
2900.59102627504
2901.65866448953
2902.72631246865
2903.79397022457
2904.86163776944
2905.92931511545
2906.99700227476
2908.06469925952
2909.13240608191
2910.20012275409
2911.26784928822
2912.33558569646
2913.40333199098
2914.47108818393
2915.53885428748
2916.60663031378
2917.67441627499
2918.74221218327
2919.81001805078
2920.87783388966
2921.94565971208
2923.01349553018
2924.08134135612
2925.14919720206
2926.21706308013
2927.2849390025
2928.35282498132
2929.42072102872
2930.48862715686
2931.55654337789
2932.62446970394
2933.69240614718
2934.76035271973
2935.82830943375
2936.89627630137
2937.96425333475
2939.03224054601
2940.1002379473
2941.16824555075
2942.23626336852
2943.30429141272
2944.37232969551
2945.44037822901
2946.50843702537
2947.5765060967
2948.64458545516
2949.71267511286
2950.78077508194
2951.84888537454
2952.91700600277
2953.98513697878
2955.05327831468
2956.1214300226
2957.18959211468
2958.25776460303
2959.32594749978
2960.39414081705
2961.46234456697
2962.53055876165
2963.59878341322
2964.6670185338
2965.73526413551
2966.80352023046
2967.87178683077
2968.94006394856
2970.00835159595
2971.07664978504
2972.14495852795
2973.2132778368
2974.28160772369
2975.34994820074
2976.41829928006
2977.48666097375
2978.55503329393
2979.6234162527
2980.69180986217
2981.76021413444
2982.82862908162
2983.89705471582
2984.96549104912
2986.03393809365
2987.10239586149
2988.17086436475
2989.23934361553
2990.30783362592
2991.37633440802
2992.44484597394
2993.51336833576
2994.58190150557
2995.65044549549
2996.71900031758
2997.78756598396
2998.8561425067
2999.9247298979
3000.99332816965
3002.06193733403
3003.13055740313
3004.19918838905
3005.26783030386
3006.33648315965
3007.4051469685
3008.47382174249
3009.54250749372
3010.61120423424
3011.67991197616
3012.74863073154
3013.81736051247
3014.88610133101
3015.95485319926
3017.02361612927
3018.09239013313
3019.16117522291
3020.22997141068
3021.29877870851
3022.36759712848
3023.43642668264
3024.50526738308
3025.57411924186
3026.64298227104
3027.71185648269
3028.78074188888
3029.84963850166
3030.91854633311
3031.98746539527
3033.05639570023
3034.12533726002
3035.19429008672
3036.26325419238
3037.33222958906
3038.40121628881
3039.47021430369
3040.53922364575
3041.60824432704
3042.67727635963
3043.74631975555
3044.81537452686
3045.88444068562
3046.95351824385
3048.02260721362
3049.09170760697
3050.16081943595
3051.2299427126
3052.29907744895
3053.36822365707
3054.43738134898
3055.50655053673
3056.57573123235
3057.64492344789
3058.71412719539
3059.78334248687
3060.85256933437
3061.92180774994
3062.9910577456
3064.06031933338
3065.12959252532
3066.19887733344
3067.26817376979
3068.33748184637
3069.40680157524
3070.47613296839
3071.54547603788
3072.61483079571
3073.68419725392
3074.75357542452
3075.82296531954
3076.89236695099
3077.9617803309
3079.03120547129
3080.10064238417
3081.17009108156
3082.23955157547
3083.30902387792
3084.37850800093
3085.4480039565
3086.51751175665
3087.58703141338
3088.65656293871
3089.72610634464
3090.79566164319
3091.86522884635
3092.93480796614
3094.00439901456
3095.0740020036
3096.14361694528
3097.2132438516
3098.28288273455
3099.35253360613
3100.42219647834
3101.49187136318
3102.56155827265
3103.63125721874
3104.70096821344
3105.77069126875
3106.84042639665
3107.91017360915
3108.97993291822
3110.04970433587
3111.11948787407
3112.18928354481
3113.25909136007
3114.32891133186
3115.39874347213
3116.46858779289
3117.53844430611
3118.60831302376
3119.67819395784
3120.74808712031
3121.81799252316
3122.88791017836
3123.95784009789
3125.02778229372
3126.09773677782
3127.16770356217
3128.23768265873
3129.30767407948
3130.37767783638
3131.44769394141
3132.51772240653
3133.5877632437
3134.65781646489
3135.72788208206
3136.79796010718
3137.86805055221
3138.9381534291
3140.00826874981
3141.07839652631
3142.14853677055
3143.21868949449
3144.28885471008
3145.35903242927
3146.42922266402
3147.49942542628
3148.569640728
3149.63986858113
3150.71010899762
3151.78036198941
3152.85062756845
3153.92090574669
3154.99119653607
3156.06149994853
3157.13181599601
3158.20214469046
3159.27248604382
3160.34284006801
3161.41320677499
3162.48358617669
3163.55397828503
3164.62438311197
3165.69480066942
3166.76523096932
3167.83567402361
3168.9061298442
3169.97659844304
3171.04707983204
3172.11757402314
3173.18808102825
3174.25860085931
3175.32913352824
3176.39967904695
3177.47023742737
3178.54080868142
3179.61139282102
3180.68198985808
3181.75259980452
3182.82322267226
3183.89385847321
3184.96450721928
3186.03516892238
3187.10584359443
3188.17653124734
3189.247231893
3190.31794554334
3191.38867221026
3192.45941190566
3193.53016464144
3194.60093042951
3195.67170928177
3196.74250121012
3197.81330622647
3198.88412434269
3199.95495557071
3201.02579992241
3202.09665740968
3203.16752804442
3204.23841183852
3205.30930880388
3206.38021895238
3207.45114229591
3208.52207884636
3209.59302861562
3210.66399161558
3211.73496785811
3212.8059573551
3213.87696011843
3214.94797615999
3216.01900549165
3217.0900481253
3218.1611040728
3219.23217334604
3220.30325595689
3221.37435191722
3222.44546123892
3223.51658393384
3224.58772001386
3225.65886949086
3226.73003237669
3227.80120868322
3228.87239842233
3229.94360160587
3231.01481824571
3232.08604835371
3233.15729194173
3234.22854902164
3235.29981960528
3236.37110370453
3237.44240133123
3238.51371249724
3239.58503721441
3240.6563754946
3241.72772734966
3242.79909279143
3243.87047183178
3244.94186448254
3246.01327075557
3247.0846906627
3248.15612421579
3249.22757142667
3250.2990323072
3251.3705068692
3252.44199512452
3253.513497085
3254.58501276248
3255.65654216879
3256.72808531576
3257.79964221524
3258.87121287904
3259.94279731901
3261.01439554698
3262.08600757477
3263.15763341421
3264.22927307712
3265.30092657534
3266.37259392068
3267.44427512497
3268.51597020004
3269.58767915769
3270.65940200976
3271.73113876805
3272.80288944438
3273.87465405058
3274.94643259845
3276.01822509981
3277.09003156647
3278.16185201024
3279.23368644293
3280.30553487634
3281.37739732229
3282.44927379258
3283.52116429901
3284.59306885339
3285.66498746752
3286.7369201532
3287.80886692223
3288.88082778641
3289.95280275753
3291.02479184739
3292.09679506779
3293.16881243052
3294.24084394736
3295.31288963012
3296.38494949058
3297.45702354052
3298.52911179175
3299.60121425603
3300.67333094516
3301.74546187092
3302.81760704509
3303.88976647945
3304.96194018578
3306.03412817587
3307.10633046147
3308.17854705439
3309.25077796637
3310.32302320921
3311.39528279467
3312.46755673453
3313.53984504054
3314.61214772448
3315.68446479812
3316.75679627323
3317.82914216155
3318.90150247487
3319.97387722494
3321.04626642352
3322.11867008238
3323.19108821326
3324.26352082792
3325.33596793813
3326.40842955563
3327.48090569218
3328.55339635952
3329.62590156942
3330.69842133361
3331.77095566385
3332.84350457188
3333.91606806945
3334.9886461683
3336.06123888017
3337.1338462168
3338.20646818994
3339.27910481132
3340.35175609268
3341.42442204576
3342.49710268229
3343.569798014
3344.64250805262
3345.7152328099
3346.78797229754
3347.86072652729
3348.93349551088
3350.00627926001
3351.07907778643
3352.15189110185
3353.224719218
3354.29756214659
3355.37041989935
3356.44329248798
3357.51617992422
3358.58908221977
3359.66199938634
3360.73493143565
3361.80787837941
3362.88084022933
3363.95381699712
3365.02680869448
3366.09981533313
3367.17283692476
3368.24587348107
3369.31892501378
3370.39199153457
3371.46507305515
3372.53816958722
3373.61128114248
3374.68440773261
3375.75754936931
3376.83070606427
3377.90387782919
3378.97706467576
3380.05026661565
3381.12348366057
3382.19671582219
3383.2699631122
3384.34322554228
3385.41650312412
3386.48979586939
3387.56310378977
3388.63642689695
3389.70976520259
3390.78311871837
3391.85648745596
3392.92987142704
3394.00327064328
3395.07668511635
3396.15011485791
3397.22355987963
3398.29702019318
3399.37049581022
3400.44398674241
3401.51749300141
3402.59101459889
3403.6645515465
3404.7381038559
3405.81167153874
3406.88525460668
3407.95885307137
3409.03246694447
3410.10609623762
3411.17974096247
3412.25340113067
3413.32707675387
3414.4007678437
3415.47447441182
3416.54819646986
3417.62193402947
3418.69568710228
3419.76945569993
3420.84323983407
3421.91703951631
3422.9908547583
3424.06468557167
3425.13853196805
3426.21239395906
3427.28627155634
3428.36016477151
3429.43407361621
3430.50799810204
3431.58193824063
3432.65589404361
3433.72986552259
3434.8038526892
3435.87785555504
3436.95187413173
3438.02590843089
3439.09995846414
3440.17402424307
3441.2481057793
3442.32220308444
3443.39631617009
3444.47044504786
3445.54458972936
3446.61875022618
3447.69292654993
3448.7671187122
3449.8413267246
3450.91555059872
3451.98979034616
3453.0640459785
3454.13831750735
3455.2126049443
3456.28690830092
3457.36122758882
3458.43556281957
3459.50991400477
3460.584281156
3461.65866428483
3462.73306340286
3463.80747852165
3464.88190965279
3465.95635680786
3467.03081999842
3468.10529923606
3469.17979453234
3470.25430589884
3471.32883334712
3472.40337688875
3473.47793653531
3474.55251229834
3475.62710418943
3476.70171222013
3477.77633640199
3478.85097674658
3479.92563326547
3481.00030597019
3482.07499487231
3483.14969998338
3484.22442131496
3485.29915887859
3486.37391268581
3487.44868274819
3488.52346907726
3489.59827168458
3490.67309058167
3491.74792578009
3492.82277729137
3493.89764512705
3494.97252929867
3496.04742981777
3497.12234669587
3498.19727994452
3499.27222957523
3500.34719559955
3501.422178029
3502.4971768751
3503.57219214939
3504.64722386338
3505.72227202859
3506.79733665656
3507.87241775879
3508.9475153468
3510.02262943212
3511.09776002624
3512.1729071407
3513.248070787
3514.32325097664
3515.39844772115
3516.47366103201
3517.54889092075
3518.62413739887
3519.69940047786
3520.77468016923
3521.84997648448
3522.9252894351
3524.00061903259
3525.07596528846
3526.15132821418
3527.22670782125
3528.30210412117
3529.37751712542
3530.45294684549
3531.52839329286
3532.60385647902
3533.67933641546
3534.75483311365
3535.83034658507
3536.9058768412
3537.98142389351
3539.05698775349
3540.13256843261
3541.20816594234
3542.28378029414
3543.35941149949
3544.43505956985
3545.5107245167
3546.58640635149
3547.66210508569
3548.73782073076
3549.81355329815
3550.88930279934
3551.96506924576
3553.04085264889
3554.11665302016
3555.19247037104
3556.26830471297
3557.34415605741
3558.42002441579
3559.49590979957
3560.57181222019
3561.6477316891
3562.72366821772
3563.79962181751
3564.87559249989
3565.95158027632
3567.02758515821
3568.10360715701
3569.17964628414
3570.25570255104
3571.33177596913
3572.40786654985
3573.48397430461
3574.56009924484
3575.63624138196
3576.71240072739
3577.78857729255
3578.86477108887
3579.94098212774
3581.0172104206
3582.09345597884
3583.16971881389
3584.24599893715
3585.32229636002
3586.39861109392
3587.47494315025
3588.55129254042
3589.62765927581
3590.70404336784
3591.78044482791
3592.8568636674
3593.93329989771
3595.00975353024
3596.08622457638
3597.16271304751
3598.23921895504
3599.31574231034
3600.39228312479
3601.46884140979
3602.54541717672
3603.62201043695
3604.69862120187
3605.77524948284
3606.85189529126
3607.92855863848
3609.00523953589
3610.08193799485
3611.15865402674
3612.23538764291
3613.31213885475
3614.3889076736
3615.46569411084
3616.54249817782
3617.61931988591
3618.69615924645
3619.77301627082
3620.84989097035
3621.92678335641
3623.00369344035
3624.08062123351
3625.15756674725
3626.2345299929
3627.31151098182
3628.38850972535
3629.46552623482
3630.54256052158
3631.61961259696
3632.69668247231
3633.77377015896
3634.85087566823
3635.92799901146
3637.00514019999
3638.08229924513
3639.15947615822
3640.23667095057
3641.31388363352
3642.39111421839
3643.46836271648
3644.54562913913
3645.62291349765
3646.70021580335
3647.77753606754
3648.85487430154
3649.93223051666
3651.0096047242
3652.08699693547
3653.16440716178
3654.24183541442
3655.31928170471
3656.39674604393
3657.47422844339
3658.55172891438
3659.62924746821
3660.70678411615
3661.7843388695
3662.86191173955
3663.9395027376
3665.01711187491
3666.09473916279
3667.17238461251
3668.25004823535
3669.32773004259
3670.40543004551
3671.48314825539
3672.5608846835
3673.6386393411
3674.71641223948
3675.79420338991
3676.87201280364
3677.94984049194
3679.02768646609
3680.10555073733
3681.18343331693
3682.26133421616
3683.33925344626
3684.41719101849
3685.49514694411
3686.57312123436
3687.65111390051
3688.72912495378
3689.80715440544
3690.88520226673
3691.96326854889
3693.04135326316
3694.11945642078
3695.19757803299
3696.27571811103
3697.35387666613
3698.43205370952
3699.51024925243
3700.5884633061
3701.66669588175
3702.74494699061
3703.8232166439
3704.90150485284
3705.97981162865
3707.05813698256
3708.13648092578
3709.21484346952
3710.293224625
3711.37162440343
3712.45004281602
3713.52847987398
3714.60693558852
3715.68540997084
3716.76390303214
3717.84241478362
3718.92094523649
3719.99949440193
3721.07806229116
3722.15664891536
3723.23525428572
3724.31387841344
3725.3925213097
3726.47118298569
3727.54986345259
3728.6285627216
3729.70728080388
3730.78601771063
3731.86477345302
3732.94354804222
3734.02234148941
3735.10115380576
3736.17998500245
3737.25883509064
3738.33770408151
3739.41659198621
3740.4954988159
3741.57442458177
3742.65336929495
3743.73233296661
3744.81131560791
3745.89031723001
3746.96933784405
3748.04837746118
3749.12743609256
3750.20651374934
3751.28561044266
3752.36472618365
3753.44386098348
3754.52301485327
3755.60218780416
3756.6813798473
3757.76059099381
3758.83982125483
3759.9190706415
3760.99833916493
3762.07762683626
3763.15693366661
3764.23625966712
3765.31560484889
3766.39496922305
3767.47435280072
3768.55375559302
3769.63317761105
3770.71261886594
3771.79207936879
3772.87155913072
3773.95105816283
3775.03057647622
3776.11011408201
3777.18967099128
3778.26924721515
3779.34884276472
3780.42845765106
3781.50809188529
3782.5877454785
3783.66741844177
3784.74711078619
3785.82682252286
3786.90655366285
3787.98630421725
3789.06607419714
3790.14586361361
3791.22567247772
3792.30550080056
3793.3853485932
3794.46521586672
3795.54510263217
3796.62500890063
3797.70493468317
3798.78487999085
3799.86484483474
3800.94482922589
3802.02483317537
3803.10485669423
3804.18489979353
3805.26496248432
3806.34504477765
3807.42514668457
3808.50526821613
3809.58540938338
3810.66557019736
3811.74575066911
3812.82595080967
3813.90617063009
3814.98641014139
3816.06666935461
3817.14694828079
3818.22724693095
3819.30756531612
3820.38790344734
3821.46826133562
3822.54863899199
3823.62903642748
3824.70945365309
3825.78989067985
3826.87034751877
3827.95082418087
3829.03132067715
3830.11183701864
3831.19237321632
3832.27292928122
3833.35350522434
3834.43410105667
3835.51471678922
3836.59535243299
3837.67600799896
3838.75668349815
3839.83737894153
3840.9180943401
3841.99882970485
3843.07958504676
3844.16036037683
3845.24115570602
3846.32197104533
3847.40280640573
3848.4836617982
3849.56453723371
3850.64543272323
3851.72634827775
3852.80728390822
3853.88823962561
3854.9692154409
3856.05021136503
3857.13122740898
3858.2122635837
3859.29331990016
3860.37439636929
3861.45549300207
3862.53660980944
3863.61774680235
3864.69890399174
3865.78008138857
3866.86127900378
3867.94249684831
3869.02373493309
3870.10499326907
3871.18627186718
3872.26757073836
3873.34888989353
3874.43022934364
3875.51158909959
3876.59296917233
3877.67436957278
3878.75579031185
3879.83723140046
3880.91869284954
3882.00017467
3883.08167687276
3884.16319946872
3885.2447424688
3886.3263058839
3887.40788972493
3888.4894940028
3889.5711187284
3890.65276391264
3891.73442956641
3892.81611570061
3893.89782232613
3894.97954945387
3896.06129709472
3897.14306525955
3898.22485395927
3899.30666320475
3900.38849300687
3901.47034337652
3902.55221432457
3903.6341058619
3904.71601799938
3905.79795074789
3906.87990411828
3907.96187812144
3909.04387276822
3910.1258880695
3911.20792403612
3912.28998067896
3913.37205800887
3914.45415603669
3915.5362747733
3916.61841422953
3917.70057441625
3918.78275534429
3919.86495702449
3920.94717946772
3922.0294226848
3923.11168668657
3924.19397148387
3925.27627708754
3926.3586035084
3927.4409507573
3928.52331884506
3929.6057077825
3930.68811758045
3931.77054824973
3932.85299980117
3933.93547224558
3935.01796559378
3936.10047985658
3937.18301504479
3938.26557116923
3939.3481482407
3940.43074627002
3941.51336526797
3942.59600524537
3943.67866621302
3944.7613481817
3945.84405116223
3946.92677516539
3948.00952020197
3949.09228628277
3950.17507341856
3951.25788162014
3952.34071089829
3953.42356126379
3954.50643272742
3955.58932529995
3956.67223899216
3957.75517381483
3958.83812977871
3959.92110689459
3961.00410517323
3962.08712462539
3963.17016526184
3964.25322709333
3965.33631013062
3966.41941438447
3967.50253986563
3968.58568658485
3969.66885455289
3970.75204378049
3971.83525427839
3972.91848605734
3974.00173912808
3975.08501350134
3976.16830918787
3977.2516261984
3978.33496454367
3979.41832423439
3980.5017052813
3981.58510769513
3982.6685314866
3983.75197666643
3984.83544324535
3985.91893123406
3987.00244064328
3988.08597148373
3989.16952376612
3990.25309750116
3991.33669269955
3992.420309372
3993.5039475292
3994.58760718187
3995.6712883407
3996.75499101638
3997.83871521962
3998.92246096109
4000.00622825149
4001.09001710151
4002.17382752183
4003.25765952313
4004.3415131161
4005.42538831142
4006.50928511976
4007.59320355179
4008.67714361818
4009.76110532962
4010.84508869676
4011.92909373027
4013.01312044081
4014.09716883905
4015.18123893564
4016.26533074125
4017.34944426651
4018.4335795221
4019.51773651865
4020.60191526682
4021.68611577725
4022.77033806059
4023.85458212747
4024.93884798854
4026.02313565443
4027.10744513578
4028.19177644321
4029.27612958737
4030.36050457888
4031.44490142837
4032.52932014645
4033.61376074375
4034.69822323089
4035.78270761849
4036.86721391716
4037.95174213752
4039.03629229017
4040.12086438572
4041.20545843478
4042.29007444796
4043.37471243584
4044.45937240905
4045.54405437816
4046.62875835378
4047.7134843465
4048.79823236691
4049.88300242559
4050.96779453314
4052.05260870013
4053.13744493715
4054.22230325478
4055.30718366359
4056.39208617416
4057.47701079706
4058.56195754287
4059.64692642214
4060.73191744545
4061.81693062335
4062.90196596642
4063.98702348521
4065.07210319027
4066.15720509216
4067.24232920143
4068.32747552863
4069.41264408431
4070.49783487902
4071.5830479233
4072.66828322768
4073.75354080271
4074.83882065892
4075.92412280685
4077.00944725703
4078.09479401999
4079.18016310625
4080.26555452635
4081.35096829079
4082.43640441011
4083.52186289482
4084.60734375543
4085.69284700247
4086.77837264644
4087.86392069784
4088.9494911672
4090.035084065
4091.12069940176
4092.20633718797
4093.29199743413
4094.37768015073
4095.46338534827
4096.54911303724
4097.63486322812
4098.7206359314
4099.80643115757
4100.89224891711
4101.97808922049
4103.06395207819
4104.14983750069
4105.23574549845
4106.32167608195
4107.40762926166
4108.49360504804
4109.57960345154
4110.66562448264
4111.75166815179
4112.83773446945
4113.92382344606
4115.00993509208
4116.09606941796
4117.18222643415
4118.26840615108
4119.35460857921
4120.44083372896
4121.52708161078
4122.6133522351
4123.69964561235
4124.78596175297
4125.87230066737
4126.958662366
4128.04504685925
4129.13145415757
4130.21788427137
4131.30433721105
4132.39081298705
4133.47731160976
4134.56383308959
4135.65037743696
4136.73694466226
4137.8235347759
4138.91014778828
4139.99678370978
4141.08344255082
4142.17012432178
4143.25682903304
4144.343556695
4145.43030731805
4146.51708091255
4147.60387748891
4148.69069705748
4149.77753962865
4150.86440521279
4151.95129382028
4153.03820546147
4154.12514014674
4155.21209788645
4156.29907869095
4157.38608257062
4158.4731095358
4159.56015959685
4160.64723276412
4161.73432904796
4162.82144845871
4163.90859100673
4164.99575670234
4166.0829455559
4167.17015757774
4168.25739277819
4169.34465116759
4170.43193275626
4171.51923755454
4172.60656557274
4173.69391682119
4174.78129131022
4175.86868905013
4176.95611005125
4178.04355432388
4179.13102187834
4180.21851272494
4181.30602687398
4182.39356433576
4183.48112512059
4184.56870923876
4185.65631670057
4186.74394751631
4187.83160169628
4188.91927925076
4190.00698019004
4191.0947045244
4192.18245226412
4193.27022341949
4194.35801800078
4195.44583601826
4196.5336774822
4197.62154240288
4198.70943079056
4199.79734265551
4200.88527800798
4201.97323685823
4203.06121921653
4204.14922509313
4205.23725449828
4206.32530744222
4207.41338393521
4208.50148398749
4209.5896076093
4210.67775481089
4211.76592560248
4212.85411999432
4213.94233799663
4215.03057961965
4216.1188448736
4217.20713376871
4218.29544631521
4219.3837825233
4220.47214240321
4221.56052596515
4222.64893321934
4223.73736417599
4224.82581884529
4225.91429723747
4227.00279936271
4228.09132523123
4229.17987485322
4230.26844823886
4231.35704539837
4232.44566634192
4233.53431107971
4234.62297962191
4235.71167197872
4236.80038816031
4237.88912817686
4238.97789203855
4240.06667975554
4241.15549133802
4242.24432679614
4243.33318614007
4244.42206937997
4245.51097652601
4246.59990758834
4247.68886257713
4248.77784150251
4249.86684437464
4250.95587120367
4252.04492199974
4253.13399677301
4254.22309553359
4255.31221829165
4256.4013650573
4257.49053584069
4258.57973065194
4259.66894950118
4260.75819239854
4261.84745935414
4262.93675037809
4264.02606548053
4265.11540467155
4266.20476796128
4267.29415535983
4268.3835668773
4269.4730025238
4270.56246230942
4271.65194624428
4272.74145433847
4273.83098660208
4274.92054304521
4276.01012367794
4277.09972851037
4278.18935755258
4279.27901081464
4280.36868830665
4281.45839003868
4282.5481160208
4283.63786626309
4284.72764077562
4285.81743956845
4286.90726265164
4287.99711003527
4289.08698172939
4290.17687774406
4291.26679808933
4292.35674277525
4293.44671181188
4294.53670520926
4295.62672297744
4296.71676512646
4297.80683166636
4298.89692260717
4299.98703795893
4301.07717773168
4302.16734193543
4303.25753058023
4304.34774367609
4305.43798123303
4306.52824326108
4307.61852977025
4308.70884077056
4309.79917627202
4310.88953628463
4311.97992081841
4313.07032988335
4314.16076348947
4315.25122164675
4316.34170436521
4317.43221165482
4318.52274352558
4319.61329998749
4320.70388105052
4321.79448672467
4322.88511701991
4323.97577194622
4325.06645151359
4326.15715573197
4327.24788461135
4328.3386381617
4329.42941639297
4330.52021931514
4331.61104693817
4332.70189927201
4333.79277632662
4334.88367811196
4335.97460463797
4337.06555591461
4338.15653195182
4339.24753275955
4340.33855834774
4341.42960872632
4342.52068390523
4343.61178389441
4344.70290870378
4345.79405834329
4346.88523282284
4347.97643215237
4349.0676563418
4350.15890540105
4351.25017934003
4352.34147816866
4353.43280189684
4354.52415053449
4355.61552409152
4356.70692257782
4357.7983460033
4358.88979437786
4359.9812677114
4361.0727660138
4362.16428929496
4363.25583756477
4364.34741083312
4365.43900910988
4366.53063240495
4367.6222807282
4368.7139540895
4369.80565249873
4370.89737596577
4371.98912450048
4373.08089811273
4374.17269681238
4375.26452060929
4376.35636951334
4377.44824353436
4378.54014268222
4379.63206696677
4380.72401639785
4381.81599098532
4382.90799073903
4384.0000156688
4385.09206578449
4386.18414109593
4387.27624161295
4388.3683673454
4389.46051830309
4390.55269449586
4391.64489593353
4392.73712262593
4393.82937458287
4394.92165181418
4396.01395432967
4397.10628213916
4398.19863525245
4399.29101367936
4400.38341742969
4401.47584651324
4402.56830093983
4403.66078071924
4404.75328586127
4405.84581637572
4406.93837227239
4408.03095356106
4409.12356025151
4410.21619235355
4411.30884987694
4412.40153283147
4413.49424122692
4414.58697507306
4415.67973437967
4416.77251915652
4417.86532941338
4418.95816516002
4420.0510264062
4421.14391316168
4422.23682543623
4423.3297632396
4424.42272658155
4425.51571547183
4426.6087299202
4427.7017699364
4428.79483553018
4429.88792671129
4430.98104348947
4432.07418587445
4433.16735387599
4434.2605475038
4435.35376676764
4436.44701167722
4437.54028224228
4438.63357847255
4439.72690037776
4440.82024796761
4441.91362125185
4443.00702024018
4444.10044494233
4445.19389536801
4446.28737152693
4447.3808734288
4448.47440108334
4449.56795450024
4450.66153368922
4451.75513865997
4452.84876942221
4453.94242598562
4455.03610835991
4456.12981655476
4457.22355057988
4458.31731044495
4459.41109615967
4460.50490773372
4461.59874517678
4462.69260849854
4463.78649770869
4464.8804128169
4465.97435383285
4467.06832076621
4468.16231362667
4469.25633242389
4470.35037716755
4471.44444786731
4472.53854453284
4473.63266717382
4474.72681579989
4475.82099042073
4476.915191046
4478.00941768535
4479.10367034844
4480.19794904493
4481.29225378448
4482.38658457673
4483.48094143134
4484.57532435796
4485.66973336624
4486.76416846581
4487.85862966634
4488.95311697746
4490.04763040881
4491.14216997004
4492.23673567078
4493.33132752068
4494.42594552938
4495.5205897065
4496.61526006168
4497.70995660456
4498.80467934476
4499.89942829193
4500.99420345568
4502.08900484566
4503.18383247147
4504.27868634276
4505.37356646915
4506.46847286026
4507.56340552572
4508.65836447514
4509.75334971816
4510.84836126439
4511.94339912345
4513.03846330496
4514.13355381853
4515.2286706738
4516.32381388037
4517.41898344786
4518.51417938588
4519.60940170406
4520.704650412
4521.79992551933
4522.89522703564
4523.99055497057
4525.08590933371
4526.18129013468
4527.2766973831
4528.37213108858
4529.46759126072
4530.56307790915
4531.65859104346
4532.75413067328
4533.84969680821
4534.94528945787
4536.04090863186
4537.13655433981
4538.23222659131
4539.32792539599
4540.42365076345
4541.51940270332
4542.61518122519
4543.71098633869
4544.80681805344
4545.90267637904
4546.99856132511
4548.09447290127
4549.19041111713
4550.28637598232
4551.38236750645
4552.47838569915
4553.57443057003
4554.67050212872
4555.76660038484
4556.86272534802
4557.95887702788
4559.05505543405
4560.15126057617
4561.24749246385
4562.34375110675
4563.44003651449
4564.5363486967
4565.63268766304
4566.72905342313
4567.82544598663
4568.92186536317
4570.01831156241
4571.11478459401
4572.2112844676
4573.30781119285
4574.40436477942
4575.50094523697
4576.59755257517
4577.69418680368
4578.79084793218
4579.88753597034
4580.98425092784
4582.08099281437
4583.1777616396
4584.27455741325
4585.37138014499
4586.46822984453
4587.56510652157
4588.66201018582
4589.75894084699
4590.85589851481
4591.952883199
4593.04989490929
4594.1469336554
4595.24399944709
4596.34109229409
4597.43821220617
4598.53535919307
4599.63253326457
4600.72973443044
4601.82696270045
4602.92421808439
4604.02150059206
4605.11881023325
4606.21614701777
4607.31351095544
4608.41090205609
4609.50832032955
4610.60576578566
4611.70323843427
4612.80073828524
4613.89826534845
4614.99581963377
4616.0934011511
4617.19100991034
4618.28864592139
4619.38630919419
4620.48399973866
4621.58171756476
4622.67946268244
4623.77723510168
4624.87503483246
4625.97286188478
4627.07071626865
4628.1685979941
4629.26650707117
4630.36444350992
4631.46240732042
4632.56039851276
4633.65841709703
4634.75646308338
4635.85453648193
4636.95263730284
4638.05076555629
4639.14892125247
4640.2471044016
4641.34531501393
4642.44355309969
4643.54181866918
4644.6401117327
4645.73843230057
4646.83678038314
4647.93515599078
4649.03355913389
4650.1319898229
4651.23044806827
4652.32893388046
4653.42744727
4654.52598824742
4655.62455682328
4656.7231530082
4657.82177681281
4658.92042824777
4660.01910732379
4661.11781405161
4662.21654844201
4663.3153105058
4664.41410025383
4665.51291769702
4666.61176284629
4667.71063571263
4668.80953630707
4669.90846464068
4671.00742072461
4672.10640457001
4673.20541618813
4674.30445559024
4675.40352278769
4676.50261779188
4677.60174061426
4678.70089126636
4679.80006975978
4680.89927610615
4681.99851031722
4683.09777240478
4684.19706238071
4685.29638025695
4686.39572604556
4687.49509975864
4688.5945014084
4689.69393100716
4690.79338856731
4691.89287410134
4692.99238762186
4694.09192914158
4695.19149867332
4696.29109623003
4697.39072182476
4698.49037547073
4699.59005718124
4700.68976696978
4701.78950484995
4702.88927083554
4703.98906494046
4705.08888717883
4706.18873756491
4707.28861611317
4708.38852283826
4709.48845775505
4710.58842087862
4711.68841222427
4712.78843180753
4713.88847964421
4714.98855575036
4716.08866014231
4717.18879283669
4718.28895385046
4719.38914320087
4720.48936090555
4721.58960698249
4722.68988145008
4723.79018432711
4724.89051563284
4725.99087538697
4727.09126360974
4728.19168032189
4729.29212554476
4730.39259930031
4731.49310161113
4732.59363250056
4733.69419199266
4734.79478011233
4735.89539688537
4736.99604233851
4738.09671649954
4739.19741939735
4740.29815106209
4741.39891152521
4742.49970081965
4743.60051897993
4744.70136604235
4745.80224204513
4746.90314702865
4748.00408103567
4749.1050441116
4750.2060363048
4751.307057667
4752.40810825364
4753.50918812446
4754.61029734402
4755.71143598247
4756.81260411636
4757.9138018297
4759.01502921526
4760.1162863761
4761.21757342759
4762.31889049993
4763.42023774145
4764.52161532288
4765.62302344319
4766.72446233748
4767.82593228832
4768.92743364216
4770.02896683434
4771.13053242903
4772.23213118713
4773.3337641913
4774.43543310383
4775.53714079083
4776.63889327746
4777.74070965461
4778.84281301306
