5819.34439822695
5819.68885942187
5820.03338357021
5820.37797063925
5820.72262059626
5821.06733340855
5821.41210904338
5821.75694746805
5822.10184864984
5822.44681255604
5822.79183915392
5823.13692841079
5823.48208029391
5823.82729477058
5824.17257180809
5824.51791137371
5824.86331343473
5825.20877795845
5825.55430491213
5825.89989426308
5826.24554597857
5826.59126002589
5826.93703637233
5827.28287498517
5827.62877583169
5827.97473887919
5828.32076409495
5828.66685144626
5829.01300090039
5829.35921242464
5829.7054859863
5830.05182155265
5830.39821909097
5830.74467856855
5831.09119995268
5831.43778321064
5831.78442830973
5832.13113521722
5832.47790390041
5832.82473432657
5833.171626463
5833.51858027699
5833.86559573581
5834.21267280676
5834.55981145712
5834.90701165418
5835.25427336523
5835.60159655755
5835.94898119843
5836.29642725515
5836.64393469501
5836.99150348529
5837.33913359327
5837.68682498625
5838.03457763151
5838.38239149634
5838.73026654803
5839.07820275386
5839.42620008111
5839.77425849709
5840.12237796907
5840.47055846434
5840.81879995019
5841.1671023939
5841.51546576277
5841.86389002408
5842.21237514513
5842.56092109318
5842.90952783554
5843.2581953395
5843.60692357233
5843.95571250133
5844.30456209378
5844.65347231698
5845.0024431382
5845.35147452475
5845.7005664439
5846.04971886295
5846.39893174917
5846.74820506987
5847.09753879232
5847.44693288382
5847.79638731166
5848.14590204312
5848.49547704548
5848.84511228605
5849.1948077321
5849.54456335093
5849.89437910982
5850.24425497606
5850.59419091694
5850.94418689975
5851.29424289178
5851.64435886031
5851.99453477264
5852.34477059605
5852.69506629782
5853.04542184526
5853.39583720565
5853.74631234627
5854.09684723441
5854.44744183737
5854.79809612244
5855.14881005689
5855.49958360802
5855.85041674313
5856.20130942949
5856.55226163439
5856.90327332513
5857.254344469
5857.60547503328
5857.95666498525
5858.30791429223
5858.65922292148
5859.0105908403
5859.36201801598
5859.7135044158
5860.06505000707
5860.41665475705
5860.76831863306
5861.12004160236
5861.47182363226
5861.82366469004
5862.175564743
5862.52752375841
5862.87954170358
5863.23161854578
5863.58375425232
5863.93594879047
5864.28820212753
5864.64051423079
5864.99288506753
5865.34531460505
5865.69780281064
5866.05034965158
5866.40295509517
5866.75561910869
5867.10834165943
5867.46112271469
5867.81396224176
5868.16686020791
5868.51981658045
5868.87283132666
5869.22590441384
5869.57903580926
5869.93222548023
5870.28547339403
5870.63877951795
5870.99214381928
5871.34556626531
5871.69904682334
5872.05258546064
5872.40618214452
5872.75983684226
5873.11354952114
5873.46732014847
5873.82114869153
5874.17503511761
5874.528979394
5874.88298148799
5875.23704136688
5875.59115899794
5875.94533434847
5876.29956738577
5876.65385807712
5877.00820638981
5877.36261229113
5877.71707574837
5878.07159672883
5878.42617519978
5878.78081112853
5879.13550448237
5879.49025522857
5879.84506333444
5880.19992876727
5880.55485149433
5880.90983148293
5881.26486870036
5881.6199631139
5881.97511469085
5882.33032339849
5882.68558920412
5883.04091207502
5883.3962919785
5883.75172888183
5884.10722275231
5884.46277355722
5884.81838126387
5885.17404583953
5885.52976725151
5885.88554546708
5886.24138045355
5886.5972721782
5886.95322060832
5887.3092257112
5887.66528745414
5888.02140580442
5888.37758072933
5888.73381219617
5889.09010017223
5889.44644462479
5889.80284552115
5890.15930282859
5890.51581651442
5890.87238654591
5891.22901289036
5891.58569551507
5891.94243438731
5892.29922947439
5892.65608074358
5893.01298816219
5893.36995169751
5893.72697131682
5894.08404698741
5894.44117867658
5894.79836635162
5895.15560997981
5895.51290952846
5895.87026496484
5896.22767625625
5896.58514336998
5896.94266627333
5897.30024493357
5897.65787931801
5898.01556939394
5898.37331512864
5898.7311164894
5899.08897344352
5899.44688595829
5899.80485400099
5900.16287753893
5900.52095653938
5900.87909096965
5901.23728079702
5901.59552598877
5901.95382651222
5902.31218233463
5902.67059342331
5903.02905974555
5903.38758126864
5903.74615795986
5904.10478978651
5904.46347671588
5904.82221871526
5905.18101575194
5905.53986779321
5905.89877480637
5906.2577367587
5906.61675361749
5906.97582535004
5907.33495192364
5907.69413330557
5908.05336946314
5908.41266036362
5908.77200597431
5909.13140626251
5909.49086119549
5909.85037074056
5910.209934865
5910.56955353611
5910.92922672117
5911.28895438748
5911.64873650233
5912.008573033
5912.3684639468
5912.728409211
5913.08840879291
5913.4484626598
5913.80857077898
5914.16873311774
5914.52894964336
5914.88922032313
5915.24954512435
5915.60992401431
5915.97035696029
5916.3308439296
5916.69138488951
5917.05197980733
5917.41262865033
5917.77333138582
5918.13408798109
5918.49489840341
5918.85576262009
5919.21668059842
5919.57765230568
5919.93867770917
5920.29975677618
5920.660889474
5921.02207576992
5921.38331563123
5921.74460902522
5922.10595591918
5922.46735628041
5922.82881007619
5923.19031727381
5923.55187784057
5923.91349174376
5924.27515895066
5924.63687942857
5924.99865314478
5925.36048006658
5925.72236016126
5926.0842933961
5926.44627973841
5926.80831915548
5927.17041161458
5927.53255708302
5927.89475552808
5928.25700691706
5928.61931121724
5928.98166839592
5929.34407842038
5929.70654125792
5930.06905687583
5930.4316252414
5930.79424632192
5931.15692008467
5931.51964649696
5931.88242552607
5932.24525713929
5932.60814130391
5932.97107798722
5933.33406715652
5933.69710877909
5934.06020282222
5934.42334925321
5934.78654803934
5935.14979914791
5935.5131025462
5935.87645820151
5936.23986608113
5936.60332615234
5936.96683838244
5937.33040273872
5937.69401918847
5938.05768769898
5938.42140823753
5938.78518077143
5939.14900526795
5939.51288169439
5939.87681001805
5940.2407902062
5940.60482222614
5940.96890604517
5941.33304163057
5941.69722894962
5942.06146796963
5942.42575865789
5942.79010098167
5943.15449490827
5943.51894040499
5943.88343743911
5944.24798597792
5944.61258598872
5944.97723743878
5945.34194029542
5945.7066945259
5946.07150009752
5946.43635697758
5946.80126513336
5947.16622453215
5947.53123514125
5947.89629692794
5948.26140985951
5948.62657390325
5948.99178902646
5949.35705519641
5949.72237238041
5950.08774054574
5950.4531596597
5950.81862968956
5951.18415060263
5951.54972236618
5951.91534494752
5952.28101831393
5952.64674243269
5953.01251727111
5953.37834279646
5953.74421897605
5954.11014577715
5954.47612316706
5954.84215111307
5955.20822958247
5955.57435854254
5955.94053796058
5956.30676780387
5956.67304803971
5957.03937863539
5957.40575955819
5957.7721907754
5958.13867225431
5958.50520396222
5958.87178586641
5959.23841793417
5959.60510013279
5959.97183242956
5960.33861479176
5960.7054471867
5961.07232958165
5961.43926194391
5961.80624424076
5962.1732764395
5962.54035850741
5962.90749041178
5963.27467211991
5963.64190359907
5964.00918481657
5964.37651573968
5964.7438963357
5965.11132657192
5965.47880641562
5965.8463358341
5966.21391479464
5966.58154326453
5966.94922121107
5967.31694860153
5967.68472540321
5968.0525515834
5968.42042710938
5968.78835194845
5969.15632606789
5969.52434943499
5969.89242201704
5970.26054378134
5970.62871469515
5970.99693472579
5971.36520384053
5971.73352200666
5972.10188919147
5972.47030536225
5972.83877048629
5973.20728453087
5973.57584746329
5973.94445925083
5974.31311986079
5974.68182926044
5975.05058741708
5975.41939429799
5975.78824987047
5976.1571541018
5976.52610695927
5976.89510841017
5977.26415842179
5977.63325696141
5978.00240399632
5978.37159949381
5978.74084342116
5979.11013574568
5979.47947643463
5979.84886545532
5980.21830277503
5980.58778836104
5980.95732218065
5981.32690420114
5981.6965343898
5982.06621271392
5982.43593914078
5982.80571363768
5983.17553617189
5983.54540671071
5983.91532522143
5984.28529167133
5984.6553060277
5985.02536825783
5985.395478329
5985.7656362085
5986.13584186362
5986.50609526165
5986.87639636987
5987.24674515557
5987.61714158604
5987.98758562857
5988.35807725043
5988.72861641893
5989.09920310134
5989.46983726495
5989.84051887706
5990.21124790494
5990.58202431588
5990.95284807718
5991.32371915611
5991.69463751996
5992.06560313603
5992.43661597159
5992.80767599394
5993.17878317036
5993.54993746813
5993.92113885455
5994.2923872969
5994.66368276246
5995.03502521853
5995.40641463238
5995.77785097132
5996.14933420261
5996.52086429355
5996.89244121143
5997.26406492353
5997.63573539713
5998.00745259953
5998.37921649801
5998.75102705985
5999.12288425235
5999.49478804278
5999.86673839843
6000.23873528659
6000.61077867455
6000.98286852959
6001.35500481899
6001.72718751005
6002.09941657004
6002.47169196626
6002.84401366599
6003.21638163651
6003.58879584511
6003.96125625908
6004.3337628457
6004.70631557225
6005.07891440603
6005.45155931432
6005.8242502644
6006.19698722355
6006.56977015907
6006.94259903824
6007.31547382834
6007.68839449667
6008.06136101049
6008.4343733371
6008.80743144379
6009.18053529784
6009.55368486653
6009.92688011714
6010.30012101698
6010.67340753331
6011.04673963342
6011.4201172846
6011.79354045413
6012.1670091093
6012.54052321739
6012.91408274569
6013.28768766147
6013.66133793203
6014.03503352465
6014.40877440662
6014.78256054521
6015.15639190771
6015.53026846141
6015.90419017359
6016.27815701154
6016.65216894253
6017.02622593386
6017.40032795281
6017.77447496665
6018.14866694268
6018.52290384818
6018.89718565043
6019.27151231671
6019.64588381432
6020.02030011053
6020.39476117263
6020.76926696789
6021.14381746361
6021.51841262707
6021.89305242556
6022.26773682634
6022.64246579672
6023.01723930396
6023.39205731536
6023.7669197982
6024.14182671976
6024.51677804732
6024.89177374817
6025.26681378959
6025.64189813887
6026.01702676328
6026.39219963011
6026.76741670664
6027.14267796016
6027.51798335794
6027.89333286728
6028.26872645545
6028.64416408973
6029.01964573742
6029.39517136578
6029.77074094211
6030.14635443368
6030.52201180778
6030.89771303169
6031.2734580727
6031.64924689808
6032.02507947511
6032.40095577109
6032.77687575329
6033.15283938899
6033.52884664547
6033.90489749003
6034.28099188993
6034.65712981246
6035.03331122491
6035.40953609455
6035.78580438867
6036.16211607455
6036.53847111946
6036.9148694907
6037.29131115554
6037.66779608126
6038.04432423515
6038.42089558449
6038.79751009656
6039.17416773863
6039.55086847799
6039.92761228193
6040.30439911772
6040.68122895264
6041.05810175398
6041.43501748901
6041.81197612502
6042.18897762929
6042.5660219691
6042.94310911172
6043.32023902445
6043.69741167455
6044.07462702932
6044.45188505603
6044.82918572196
6045.20652899439
6045.5839148406
6045.96134322788
6046.3388141235
6046.71632749475
6047.09388330889
6047.47148153323
6047.84912213502
6048.22680508156
6048.60453034012
6048.98229787799
6049.36010766244
6049.73795966075
6050.11585384021
6050.49379016808
6050.87176861166
6051.24978913823
6051.62785171505
6052.00595630941
6052.3841028886
6052.76229141988
6053.14052187054
6053.51879420786
6053.89710839912
6054.2754644116
6054.65386221256
6055.03230176931
6055.4107830491
6055.78930601923
6056.16787064697
6056.5464768996
6056.9251247444
6057.30381414865
6057.68254507962
6058.06131750459
6058.44013139085
6058.81898670567
6059.19788341633
6059.57682149011
6059.95580089428
6060.33482159613
6060.71388356293
6061.09298676197
6061.47213116051
6061.85131672584
6062.23054342523
6062.60981122597
6062.98912009532
6063.36847000058
6063.74786090901
6064.1272927879
6064.50676560451
6064.88627932614
6065.26583392005
6065.64542935353
6066.02506559384
6066.40474260828
6066.78446036411
6067.16421882861
6067.54401796907
6067.92385775275
6068.30373814693
6068.6836591189
6069.06362063592
6069.44362266528
6069.82366517425
6070.20374813011
6070.58387150013
6070.9640352516
6071.34423935178
6071.72448376796
6072.1047684674
6072.4850934174
6072.86545858522
6073.24586393814
6073.62630944343
6074.00679506838
6074.38732078026
6074.76788654634
6075.1484923339
6075.52913811021
6075.90982384256
6076.29054949822
6076.67131504445
6077.05212044855
6077.43296567778
6077.81385069943
6078.19477548075
6078.57573998904
6078.95674419157
6079.3377880556
6079.71887154842
6080.09999463731
6080.48115728953
6080.86235947236
6081.24360115308
6081.62488229896
6082.00620287728
6082.38756285531
6082.76896220033
6083.1504008796
6083.53187886042
6083.91339611004
6084.29495259574
6084.67654828481
6085.05818314451
6085.43985714211
6085.8215702449
6086.20332242014
6086.58511363511
6086.96694385708
6087.34881305334
6087.73072119114
6088.11266823777
6088.4946541605
6088.8766789266
6089.25874250335
6089.64084485802
6090.02298595788
6090.40516577021
6090.78738426228
6091.16964140136
6091.55193715473
6091.93427148966
6092.31664437342
6092.69905577329
6093.08150565654
6093.46399399044
6093.84652074226
6094.22908587929
6094.61168936878
6094.99433117802
6095.37701127427
6095.75972962481
6096.14248619692
6096.52528095785
6096.90811387489
6097.29098491531
6097.67389404638
6098.05684123538
6098.43982644956
6098.82284965621
6099.2059108226
6099.58900991601
6099.97214690369
6100.35532175293
6100.73853443099
6101.12178490515
6101.50507314268
6101.88839911084
6102.27176277692
6102.65516410819
6103.0386030719
6103.42207963534
6103.80559376578
6104.18914543049
6104.57273459673
6104.95636123178
6105.34002530292
6105.7237267774
6106.10746562251
6106.49124180551
6106.87505529368
6107.25890605427
6107.64279405457
6108.02671926185
6108.41068164337
6108.79468116641
6109.17871779823
6109.56279150611
6109.94690225731
6110.33105001911
6110.71523475877
6111.09945644357
6111.48371504078
6111.86801051766
6112.25234284148
6112.63671197952
6113.02111789905
6113.40556056732
6113.79003995162
6114.17455601921
6114.55910873736
6114.94369807335
6115.32832399443
6115.71298646788
6116.09768546097
6116.48242094096
6116.86719287513
6117.25200123074
6117.63684597507
6118.02172707538
6118.40664449893
6118.79159821301
6119.17658818487
6119.56161438179
6119.94667677103
6120.33177531986
6120.71690999555
6121.10208076537
6121.48728759658
6121.87253045646
6122.25780931227
6122.64312413128
6123.02847488076
6123.41386152797
6123.79928404018
6124.18474238466
6124.57023652868
6124.95576643951
6125.3413320844
6125.72693343064
6126.11257044548
6126.49824309619
6126.88395135004
6127.2696951743
6127.65547453624
6128.04128940311
6128.4271397422
6128.81302552075
6129.19894670605
6129.58490326535
6129.97089516593
6130.35692237505
6130.74298485997
6131.12908258797
6131.5152155263
6131.90138364224
6132.28758690305
6132.673825276
6133.06009872835
6133.44640722736
6133.83275074031
6134.21912923446
6134.60554267708
6134.99199103542
6135.37847427677
6135.76499236837
6136.1515452775
6136.53813297142
6136.9247554174
6137.31141258269
6137.69810443458
6138.08483094032
6138.47159206717
6138.85838778241
6139.24521805329
6139.63208284708
6140.01898213105
6140.40591587246
6140.79288403857
6141.17988659665
6141.56692351396
6141.95399475777
6142.34110029534
6142.72824009393
6143.11541412081
6143.50262234325
6143.8898647285
6144.27714124384
6144.66445185651
6145.0517965338
6145.43917524295
6145.82658795124
6146.21403462593
6146.60151523427
6146.98902974354
6147.376578121
6147.76416033391
6148.15177634954
6148.53942613513
6148.92710965797
6149.31482688531
6149.70257778442
6150.09036232255
6150.47818046697
6150.86603218494
6151.25391744373
6151.6418362106
6152.0297884528
6152.41777413761
6152.80579323227
6153.19384570407
6153.58193152025
6153.97005064808
6154.35820305482
6154.74638870773
6155.13460757408
6155.52285962112
6155.91114481612
6156.29946312634
6156.68781451904
6157.07619896148
6157.46461642092
6157.85306686463
6158.24155025986
6158.63006657387
6159.01861577394
6159.40719782731
6159.79581270124
6160.18446036301
6160.57314077986
6160.96185391907
6161.35059974788
6161.73937823356
6162.12818934338
6162.51703304458
6162.90590930444
6163.29481809021
6163.68375936915
6164.07273310851
6164.46173927557
6164.85077783758
6165.2398487618
6165.62895201549
6166.01808756591
6166.40725538031
6166.79645542596
6167.18568767012
6167.57495208005
6167.964248623
6168.35357726624
6168.74293797702
6169.1323307226
6169.52175547024
6169.9112121872
6170.30070084074
6170.69022139811
6171.07977382658
6171.46935809341
6171.85897416585
6172.24862201115
6172.63830159659
6173.02801288941
6173.41775585688
6173.80753046625
6174.19733668477
6174.58717447972
6174.97704381835
6175.3669446679
6175.75687699565
6176.14684076885
6176.53683595475
6176.92686252061
6177.3169204337
6177.70700966126
6178.09713017056
6178.48728192885
6178.87746490339
6179.26767906143
6179.65792437024
6180.04820079706
6180.43850830916
6180.8288468738
6181.21921645822
6181.60961702968
6182.00004855545
6182.39051100277
6182.78100433891
6183.17152853112
6183.56208354665
6183.95266935277
6184.34328591672
6184.73393320576
6185.12461118716
6185.51531982816
6185.90605909602
6186.29682895799
6186.68762938133
6187.0784603333
6187.46932178115
6187.86021369214
6188.25113603352
6188.64208877255
6189.03307187647
6189.42408531255
6189.81512904804
6190.2062030502
6190.59730728628
6190.98844172353
6191.37960632921
6191.77080107057
6192.16202591487
6192.55328082936
6192.9445657813
6193.33588073794
6193.72722566653
6194.11860053432
6194.51000530858
6194.90143995655
6195.2929044455
6195.68439874266
6196.0759228153
6196.46747663066
6196.85906015601
6197.25067335859
6197.64231620566
6198.03398866448
6198.42569070228
6198.81742228634
6199.20918338389
6199.6009739622
6199.99279398851
6200.38464343008
6200.77652225415
6201.168430428
6201.56036791885
6201.95233469398
6202.34433072062
6202.73635596603
6203.12841039747
6203.52049398218
6203.91260668743
6204.30474848044
6204.69691932849
6205.08911919883
6205.48134805869
6205.87360587534
6206.26589261603
6206.65820824801
6207.05055273852
6207.44292605482
6207.83532816417
6208.22775903381
6208.62021863099
6209.01270692296
6209.40522387698
6209.79776946029
6210.19034364015
6210.5829463838
6210.97557765851
6211.3682374315
6211.76092567005
6212.15364234139
6212.54638741278
6212.93916085147
6213.3319626247
6213.72479269973
6214.1176510438
6214.51053762418
6214.9034524081
6215.29639536281
6215.68936645557
6216.08236565362
6216.47539292421
6216.8684482346
6217.26153155203
6217.65464284375
6218.04778207701
6218.44094921905
6218.83414423714
6219.22736709851
6219.62061777041
6220.0138962201
6220.40720241482
6220.80053632181
6221.19389790834
6221.58728714164
6221.98070398896
6222.37414841756
6222.76762039468
6223.16111988756
6223.55464686346
6223.94820128963
6224.3417831333
6224.73539236174
6225.12902894218
6225.52269284187
6225.91638402806
6226.31010246801
6226.70384812894
6227.09762097812
6227.49142098279
6227.88524811019
6228.27910232758
6228.6729836022
6229.06689190129
6229.4608271921
6229.85478944189
6230.24877861788
6230.64279468734
6231.03683761751
6231.43090737564
6231.82500392896
6232.21912724473
6232.61327729019
6233.00745403259
6233.40165743917
6233.79588747718
6234.19014411387
6234.58442731647
6234.97873705225
6235.37307328843
6235.76743599227
6236.16182513101
6236.5562406719
6236.95068258218
6237.34515082909
6237.73964537989
6238.13416620181
6238.52871326211
6238.92328652802
6239.31788596679
6239.71251154566
6240.10716323188
6240.50184099269
6240.89654479534
6241.29127460708
6241.68603039513
6242.08081212676
6242.4756197692
6242.87045328969
6243.26531265549
6243.66019783383
6244.05510879196
6244.45004549711
6244.84500791655
6245.2399960175
6245.63500976721
6246.03004913292
6246.42511408188
6246.82020458133
6247.21532059852
6247.61046210067
6248.00562905505
6248.40082142889
6248.79603918943
6249.19128230391
6249.58655073959
6249.98184446369
6250.37716344347
6250.77250764616
6251.16787703901
6251.56327158925
6251.95869126414
6252.35413603091
6252.7496058568
6253.14510070906
6253.54062055493
6253.93616536164
6254.33173509645
6254.72732972658
6255.12294921929
6255.51859354181
6255.91426266139
6256.30995654526
6256.70567516067
6257.10141847486
6257.49718645506
6257.89297906853
6258.28879628249
6258.68463806419
6259.08050438087
6259.47639519977
6259.87231048814
6260.2682502132
6260.66421434221
6261.06020284239
6261.456215681
6261.85225282527
6262.24831424243
6262.64439989974
6263.04050976443
6263.43664380374
6263.8328019849
6264.22898427516
6264.62519064176
6265.02142105194
6265.41767547293
6265.81395387197
6266.21025621631
6266.60658247318
6267.00293260982
6267.39930659347
6267.79570439137
6268.19212597075
6268.58857129886
6268.98504034293
6269.38153307021
6269.77804944792
6270.17458944331
6270.57115302362
6270.96774015608
6271.36435080793
6271.76098494641
6272.15764253876
6272.55432355222
6272.95102795401
6273.34775571139
6273.74450679158
6274.14128116182
6274.53807878936
6274.93489964143
6275.33174368526
6275.72861088809
6276.12550121716
6276.52241463971
6276.91935112297
6277.31631063419
6277.71329314058
6278.1102986094
6278.50732700788
6278.90437830325
6279.30145246276
6279.69854945363
6280.0956692431
6280.49281179842
6280.88997708681
6281.28716507551
6281.68437573176
6282.08160902279
6282.47886491583
6282.87614337814
6283.27344437693
6283.67076787944
6284.06811385291
6284.46548226458
6284.86287308168
6285.26028627144
6285.6577218011
6286.0551796379
6286.45265974906
6286.85016210183
6287.24768666344
6287.64523340112
6288.0428022821
6288.44039327363
6288.83800634293
6289.23564145725
6289.63329858381
6290.03097768984
6290.42867874259
6290.82640170928
6291.22414655715
6291.62191325344
6292.01970176537
6292.41751206018
6292.81534410511
6293.21319786738
6293.61107331424
6294.0089704129
6294.40688913062
6294.80482943461
6295.20279129212
6295.60077467037
6295.9987795366
6296.39680585804
6296.79485360192
6297.19292273548
6297.59101322595
6297.98912504056
6298.38725814654
6298.78541251113
6299.18358810156
6299.58178488506
6299.98000282885
6300.37824190018
6300.77650206628
6301.17478329437
6301.5730855517
6301.97140880548
6302.36975302295
6302.76811817135
6303.1665042179
6303.56491112984
6303.9633388744
6304.3617874188
6304.76025673028
6305.15874677608
6305.55725752341
6305.95578893951
6306.35434099162
6306.75291364696
6307.15150687277
6307.55012063626
6307.94875490469
6308.34740964526
6308.74608482522
6309.1447804118
6309.54349637222
6309.94223267372
6310.34098928352
6310.73976616885
6311.13856329695
6311.53738063504
6311.93621815036
6312.33507581013
6312.73395358158
6313.13285143195
6313.53176932845
6313.93070723833
6314.3296651288
6314.7286429671
6315.12764072046
6315.52665835611
6315.92569584127
6316.32475314317
6316.72383022905
6317.12292706612
6317.52204362163
6317.92117986279
6318.32033575684
6318.719511271
6319.1187063725
6319.51792102858
6319.91715520645
6320.31640887335
6320.7156819965
6321.11497454314
6321.51428648048
6321.91361777576
6322.3129683962
6322.71233830904
6323.11172748149
6323.5111358808
6323.91056347417
6324.31001022884
6324.70947611205
6325.108961091
6325.50846513294
6325.90798820509
6326.30753027467
6326.70709130891
6327.10667127504
6327.50627014029
6327.90588787188
6328.30552443703
6328.70517980298
6329.10485393694
6329.50454680616
6329.90425837784
6330.30398861922
6330.70373749753
6331.10350497998
6331.50329103381
6331.90309562624
6332.3029187245
6332.7027602958
6333.10262030739
6333.50249872648
6333.90239552029
6334.30231065606
6334.702244101
6335.10219582235
6335.50216578732
6335.90215396315
6336.30216031705
6336.70218481626
6337.10222742799
6337.50228811948
6337.90236685793
6338.30246361059
6338.70257834468
6339.10271102741
6339.50286162601
6339.90303010771
6340.30321643973
6340.70342058929
6341.10364252363
6341.50388220995
6341.90413961549
6342.30441470747
6342.70470745311
6343.10501781964
6343.50534577428
6343.90569128425
6344.30605431678
6344.70643483908
6345.10683281839
6345.50724822193
6345.90768101691
6346.30813117056
6346.70859865011
6347.10908342277
6347.50958545577
6347.91010471634
6348.31064117169
6348.71119478904
6349.11176553562
6349.51235337865
6349.91295828536
6350.31358022296
6350.71421915868
6351.11487505974
6351.51554789336
6351.91623762676
6352.31694422716
6352.71766766179
6353.11840789787
6353.51916490262
6353.91993864326
6354.32072908701
6354.72153620109
6355.12235995273
6355.52320030914
6355.92405723755
6356.32493070517
6356.72582067923
6357.12672712696
6357.52765001556
6357.92858931226
6358.32954498428
6358.73051699884
6359.13150532317
6359.53250992447
6359.93353076998
6360.33456782692
6360.73562106249
6361.13669044393
6361.53777593844
6361.93887751327
6362.33999513561
6362.74112877269
6363.14227839174
6363.54344395997
6363.9446254446
6364.34582281285
6364.74703603194
6365.14826506908
6365.54950989151
6365.95077046643
6366.35204676107
6366.75333874265
6367.15464637838
6367.55596963548
6367.95730848117
6368.35866288268
6368.76003280721
6369.16141822199
6369.56281909424
6369.96423539118
6370.36566708001
6370.76711412797
6371.16857650227
6371.57005417013
6371.97154709876
6372.37305525538
6372.77457860722
6373.17611712149
6373.5776707654
6373.97923950618
6374.38082331104
6374.7824221472
6375.18403598188
6375.5856647823
6375.98730851567
6376.3889671492
6376.79064065013
6377.19232898565
6377.594032123
6377.99575002939
6378.39748267204
6378.79923001815
6379.20099203495
6379.60276868966
6380.00455994949
6380.40636578166
6380.80818615338
6381.21002103188
6381.61187038436
6382.01373417805
6382.41561238015
6382.8175049579
6383.21941187849
6383.62133310916
6384.02326861711
6384.42521836955
6384.82718233372
6385.22916047681
6385.63115276606
6386.03315916866
6386.43517965185
6386.83721418282
6387.23926272881
6387.64132525702
6388.04340173467
6388.44549212898
6388.84759640715
6389.24971453641
6389.65184648397
6390.05399221705
6390.45615170285
6390.8583249086
6391.2605118015
6391.66271234878
6392.06492651765
6392.46715427532
6392.86939558901
6393.27165042593
6393.67391875329
6394.07620053831
6394.47849574821
6394.88080435019
6395.28312631148
6395.68546159928
6396.08781018081
6396.49017202328
6396.89254709391
6397.29493535991
6397.69733678849
6398.09975134687
6398.50217900227
6398.90461972188
6399.30707347294
6399.70954022264
6400.11201993821
6400.51451258686
6400.91701813579
6401.31953655223
6401.72206780339
6402.12461185647
6402.5271686787
6402.92973823728
6403.33232049942
6403.73491543235
6404.13752300327
6404.54014317939
6404.94277592793
6405.34542121609
6405.7480790111
6406.15074928016
6406.55343199049
6406.95612710929
6407.35883460379
6407.76155444118
6408.16428658869
6408.56703101352
6408.96978768289
6409.37255656401
6409.77533762409
6410.17813083034
6410.58093614997
6410.98375355019
6411.38658299822
6411.78942446127
6412.19227790655
6412.59514330126
6412.99802061262
6413.40090980785
6413.80381085415
6414.20672371873
6414.6096483688
6415.01258477158
6415.41553289427
6415.81849270409
6416.22146416824
6416.62444725394
6417.0274419284
6417.43044815882
6417.83346591242
6418.23649515641
6418.639535858
6419.0425879844
6419.44565150281
6419.84872638045
6420.25181258453
6420.65491008226
6421.05801884084
6421.46113882749
6421.86427000942
6422.26741235384
6422.67056582795
6423.07373039897
6423.4769060341
6423.88009270056
6424.28329036555
6424.68649899628
6425.08971855996
6425.49294902381
6425.89619035502
6426.29944252082
6426.7027054884
6427.10597922498
6427.50926369776
6427.91255887396
6428.31586472079
6428.71918120544
6429.12250829513
6429.52584595707
6429.92919415847
6430.33255286654
6430.73592204848
6431.1393016715
6431.54269170281
6431.94609210962
6432.34950285913
6432.75292391856
6433.15635525511
6433.55979683599
6433.96324862841
6434.36671059958
6434.77018271669
6435.17366494697
6435.57715725762
6435.98065961585
6436.38417198886
6436.78769434385
6437.19122664805
6437.59476886866
6437.99832097287
6438.40188292791
6438.80545470097
6439.20903625927
6439.61262757001
6440.0162286004
6440.41983931764
6440.82345968895
6441.22708968152
6441.63072926257
6442.0343783993
6442.43803705892
6442.84170520864
6443.24538281566
6443.64906984718
6444.05276627042
6444.45647205258
6444.86018716087
6445.26391156249
6445.66764522466
6446.07138811456
6446.47514019942
6446.87890144644
6447.28267182282
6447.68645129577
6448.09023983249
6448.4940374002
6448.89784396609
6449.30165949738
6449.70548396126
6450.10931732495
6450.51315955564
6450.91701062056
6451.32087048689
6451.72473912184
6452.12861649263
6452.53250256645
6452.93639731051
6453.34030069202
6453.74421267818
6454.14813323619
6454.55206233327
6454.95599993661
6455.35994601342
6455.76390053091
6456.16786345627
6456.57183475673
6456.97581439947
6457.3798023517
6457.78379858064
6458.18780305348
6458.59181573742
6458.99583659968
6459.39986560745
6459.80390272794
6460.20794792836
6460.61200117591
6461.01606243778
6461.4201316812
6461.82420887336
6462.22829398146
6462.63238697271
6463.03648781431
6463.44059647347
6463.84471291738
6464.24883711327
6464.65296902832
6465.05710862974
6465.46125588473
6465.8654107605
6466.26957322426
6466.6737432432
6467.07792078452
6467.48210581544
6467.88629830315
6468.29049821486
6468.69470551778
6469.09892017909
6469.50314216601
6469.90737144575
6470.31160798549
6470.71585175245
6471.12010271384
6471.52436083684
6471.92862608866
6472.33289843652
6472.7371778476
6473.14146428912
6473.54575772827
6473.95005813225
6474.35436546828
6474.75867970355
6475.16300080526
6475.56732874063
6475.97166347684
6476.3760049811
6476.78035322061
6477.18470816258
6477.58906977421
6477.9934380227
6478.39781287525
6478.80219429906
6479.20658226134
6479.61097672929
6480.01537767011
6480.41978505099
6480.82419883915
6481.22861900179
6481.6330455061
6482.03747831929
6482.44191740856
6482.84636274111
6483.25081428414
6483.65527200485
6484.05973587045
6484.46420584814
6484.86868190511
6485.27316400857
6485.67765212573
6486.08214622377
6486.4866462699
6486.89115223133
6487.29566407526
6487.70018176887
6488.10470527939
6488.509234574
6488.91376961991
6489.31831038432
6489.72285683442
6490.12740893743
6490.53196666054
6490.93652997095
6491.34109883586
6491.74567322248
6492.15025309799
6492.55483842961
6492.95942918454
6493.36402532997
6493.7686268331
6494.17323366114
6494.57784578129
6494.98246316074
6495.38708576669
6495.79171356635
6496.19634652692
6496.60098461559
6497.00562779957
6497.41027604606
6497.81492932225
6498.21958759534
6498.62425083254
6499.02891900105
6499.43359206806
6499.83827000078
6500.2429527664
6500.64764033213
6501.05233266516
6501.45702973269
6501.86173150193
6502.26643794007
6502.67114901431
6503.07586469186
6503.4805849399
6503.88530972565
6504.29003901629
6504.69477277903
6505.09951098107
6505.50425358961
6505.90900057185
6506.31375189498
6506.71850752621
6507.12326743273
6507.52803158174
6507.93279994044
6508.33757247604
6508.74234915572
6509.1471299467
6509.55191481616
6509.95670373131
6510.36149665934
6510.76629356746
6511.17109442286
6511.57589919274
6511.9807078443
6512.38552034474
6512.79033666126
6513.19515676105
6513.59998061132
6514.00480817926
6514.40963943207
6514.81447433695
6515.2193128611
6515.62415497172
6516.029000636
6516.43384982114
6516.83870249435
6517.24355862281
6517.64841817373
6518.05328111431
6518.45814741174
6518.86301703323
6519.26788994596
6519.67276611714
6520.07764551397
6520.48252810365
6520.88741385336
6521.29230273031
6521.69719470171
6522.10208973474
6522.5069877966
6522.91188885449
6523.31679287562
6523.72169982717
6524.12660967634
6524.53152239034
6524.93643793636
6525.34135628159
6525.74627739324
6526.1512012385
6526.55612778457
6526.96105699866
6527.36598884794
6527.77092329963
6528.17586032092
6528.580799879
6528.98574194109
6529.39068647436
6529.79563344602
6530.20058282327
6530.60553457331
6531.01048866332
6531.41544506051
6531.82040373208
6532.22536464523
6532.63032776714
6533.03529306502
6533.44026050606
6533.84523005747
6534.25020168643
6534.65517536015
6535.06015104582
6535.46512871064
6535.87010832181
6536.27508984652
6536.68007325197
6537.08505850536
6537.49004557388
6537.89503442473
6538.30002502511
6538.70501734221
6539.11001134324
6539.51500699538
6539.92000426583
6540.3250031218
6540.73000353047
6541.13500545905
6541.54000887473
6541.94501374471
6542.35002003618
6542.75502771634
6543.16003675239
6543.56504711153
6543.97005876094
6544.37507166783
6544.78008579939
6545.18510112282
6545.59011760532
6545.99513521408
6546.4001539163
6546.80517367917
6547.2101944699
6547.61521625567
6548.02023900369
6548.42526268115
6548.83028725524
6549.23531269317
6549.64033896213
6550.04536602931
6550.45039386191
6550.85542242713
6551.26045169216
6551.66548162421
6552.07051219046
6552.47554335811
6552.88057509436
6553.2856073664
6553.69064014144
6554.09567338666
6554.50070706926
6554.90574115644
6555.31077561539
6555.71581041332
6556.12084551741
6556.52588089487
6556.93091651288
6557.33595233865
6557.74098833936
6558.14602448222
6558.55106073443
6558.95609706317
6559.36113343564
6559.76616981905
6560.17120618058
6560.57624248743
6560.98127870679
6561.38631480587
6561.79135075186
6562.19638651195
6562.60142205334
6563.00645734323
6563.41149234881
6563.81652703727
6564.22156137582
6564.62659533164
6565.03162887194
6565.43666196391
6565.84169457475
6566.24672667164
6566.65175822179
6567.0567891924
6567.46181955065
6567.86684926375
6568.27187829888
6568.67690662325
6569.08193420405
6569.48696100848
6569.89198700372
6570.29701215699
6570.70203643546
6571.10705980635
6571.51208223683
6571.91710369412
6572.3221241454
6572.72714355787
6573.13216189873
6573.53717913517
6573.94219523439
6574.34721016357
6574.75222388993
6575.15723638065
6575.56224760292
6575.96725752395
6576.37226611093
6576.77727333106
6577.18227915152
6577.58728353953
6577.99228646226
6578.39728788692
6578.8022877807
6579.2072861108
6579.61228284441
6580.01727794873
6580.42227139096
6580.82726313828
6581.2322531579
6581.63724141701
6582.0422278828
6582.44721252248
6582.85219530323
6583.25717619225
6583.66215515675
6584.0671321639
6584.47210718091
6584.87708017498
6585.28205111329
6585.68701996305
6586.09198669145
6586.49695126568
6586.90191365295
6587.30687382044
6587.71183173535
6588.11678736488
6588.52174067622
6588.92669163657
6589.33164021312
6589.73658637307
6590.14153008361
6590.54647131194
6590.95141002526
6591.35634619076
6591.76127977563
6592.16621074708
6592.57113907229
6592.97606471846
6593.38098765279
6593.78590784247
6594.19082525471
6594.59573985668
6595.00065161559
6595.40556049864
6595.81046647302
6596.21536950593
6596.62026956455
6597.02516661609
6597.43006062775
6597.83495156671
6598.23983940018
6598.64472409534
6599.0496056194
6599.45448393955
6599.85935902298
6600.26423083689
6600.66909934848
6601.07396452495
6601.47882633347
6601.88368474127
6602.28853971552
6602.69339122343
6603.09823923218
6603.50308370898
6603.90792462102
6604.3127619355
6604.71759561962
6605.12242564056
6605.52725196552
6605.93207456171
6606.3368933963
6606.74170843651
6607.14651964953
6607.55132700255
6607.95613046277
6608.36092999738
6608.76572557358
6609.17051715856
6609.57530471953
6609.98008822368
6610.38486763819
6610.78964293028
6611.19441406713
6611.59918101594
6612.00394374391
6612.40870221823
6612.8134564061
6613.21820627471
6613.62295179126
6614.02769292295
6614.43242963697
6614.83716190052
6615.2418896808
6615.64661294499
6616.0513316603
6616.45604579392
6616.86075531305
6617.26546018488
6617.67016037662
6618.07485585545
6618.47954658857
6618.88423254318
6619.28891368648
6619.69358998566
6620.09826140791
6620.50292792044
6620.90758949044
6621.31224608511
6621.71689767164
6622.12154421723
6622.52618568907
6622.93082205437
6623.33545328031
6623.7400793341
6624.14470018293
6624.54931579399
6624.95392613449
6625.35853117162
6625.76313087258
6626.16772520456
6626.57231413476
6626.97689763038
6627.38147565861
6627.78604818665
6628.1906151817
6628.59517661095
6628.9997324416
6629.40428264085
6629.80882717589
6630.21336601392
6630.61789912214
6631.02242646775
6631.42694801793
6631.83146373989
6632.23597360083
6632.64047756794
6633.04497560842
6633.44946768946
6633.85395377826
6634.25843384203
6634.66290784795
6635.06737576323
6635.47183755506
6635.87629319063
6636.28074263716
6636.68518586182
6637.08962283183
6637.49405351437
6637.89847787665
6638.30289588586
6638.7073075092
6639.11171271386
6639.51611146705
6639.92050373597
6640.3248894878
6640.72926868975
6641.13364130902
6641.53800731279
6641.94236666828
6642.34671934267
6642.75106530317
6643.15540451698
6643.55973695128
6643.96406257329
6644.36838135019
6644.77269324918
6645.17699823747
6645.58129628224
6645.98558735071
6646.38987141006
6646.7941484275
6647.19841837022
6647.60268120542
6648.0069369003
6648.41118542206
6648.81542673789
6649.219660815
6649.62388762058
6650.02810712183
6650.43231928595
6650.83652408013
6651.24072147159
6651.64491142751
6652.04909391509
6652.45326890153
6652.85743635403
6653.26159623979
6653.66574852602
6654.06989317989
6654.47403016863
6654.87815945941
6655.28228101945
6655.68639481595
6656.09050081609
6656.49459898709
6656.89868929613
6657.30277171042
6657.70684619716
6658.11091272355
6658.51497125679
6658.91902176407
6659.32306421259
6659.72709856956
6660.13112480217
6660.53514287763
6660.93915276313
6661.34315442587
6661.74714783305
6662.15113295188
6662.55510974954
6662.95907819325
6663.3630382502
6663.76698988759
6664.17093307262
6664.57486777249
6664.9787939544
6665.38271158556
6665.78662063315
6666.19052106439
6666.59441284646
6666.99829594658
6667.40217033194
6667.80603596975
6668.20989282719
6668.61374087148
6669.01758006981
6669.42141038939
6669.82523179741
6670.22904426108
6670.6328477476
6671.03664222416
6671.44042765797
6671.84420401623
6672.24797126614
6672.6517293749
6673.05547830971
6673.45921803777
6673.86294852629
6674.26666974247
6674.6703816535
6675.07408422659
6675.47777742894
6675.88146122775
6676.28513559023
6676.68880048356
6677.09245587497
6677.49610173164
6677.89973802078
6678.30336470959
6678.70698176527
6679.11058915503
6679.51418684607
6679.91777480558
6680.32135300078
6680.72492139886
6681.12847996702
6681.53202867247
6681.93556748241
6682.33909636405
6682.74261528458
6683.1461242112
6683.54962311113
6683.95311195156
6684.35659069969
6684.76005932274
6685.16351778789
6685.56696606236
6685.97040411334
6686.37383190805
6686.77724941368
6687.18065659743
6687.58405342652
6687.98743986814
6688.39081588949
6688.79418145778
6689.19753654022
6689.600881104
6690.00421511634
6690.40753854443
6690.81085135547
6691.21415351668
6691.61744499526
6692.0207257584
6692.42399577332
6692.82725500722
6693.23050342729
6693.63374100076
6694.03696769482
6694.44018347667
6694.84338831352
6695.24658217257
6695.64976502104
6696.05293682612
6696.45609755501
6696.85924717493
6697.26238565308
6697.66551295666
6698.06862905288
6698.47173390894
6698.87482749205
6699.27790976942
6699.68098070825
6700.08404027574
6700.4870884391
6700.89012516553
6701.29315042225
6701.69616417646
6702.09916639536
6702.50215704615
6702.90513609606
6703.30810351227
6703.71105926201
6704.11400331246
6704.51693563085
6704.91985618437
6705.32276494023
6705.72566186565
6706.12854692782
6706.53142009395
6706.93428133125
6707.33713060693
6707.73996788819
6708.14279314225
6708.5456063363
6708.94840743755
6709.35119641322
6709.75397323051
6710.15673785662
6710.55949025877
6710.96223040416
6711.36495826
6711.76767379349
6712.17037697186
6712.57306776229
6712.97574613201
6713.37841204822
6713.78106547812
6714.18370638893
6714.58633474786
6714.98895052211
6715.39155367889
6715.79414418541
6716.19672200888
6716.59928711651
6717.0018394755
6717.40437905307
6717.80690581643
6718.20941973278
6718.61192076933
6719.0144088933
6719.41688407189
6719.81934627231
6720.22179546177
6720.62423160749
6721.02665467667
6721.42906463651
6721.83146145424
6722.23384509706
6722.63621553218
6723.03857272682
6723.44091664818
6723.84324726346
6724.2455645399
6724.64786844469
6725.05015894504
6725.45243600817
6725.85469960128
6726.2569496916
6726.65918624632
6727.06140923267
6727.46361861785
6727.86581436907
6728.26799645354
6728.67016483849
6729.07231949111
6729.47446037862
6729.87658746824
6730.27870072717
6730.68080012262
6731.08288562182
6731.48495719197
6731.88701480028
6732.28905841397
6732.69108800025
6733.09310352633
6733.49510495943
6733.89709226675
6734.29906541552
6734.70102437294
6735.10296910623
6735.50489958261
6735.90681576927
6736.30871763345
6736.71060514235
6737.11247826318
6737.51433696317
6737.91618120952
6738.31801096945
6738.71982621017
6739.12162689891
6739.52341300286
6739.92518448925
6740.32694132529
6740.7286834782
6741.13041091519
6741.53212360348
6741.93382151027
6742.3355046028
6742.73717284827
6743.1388262139
6743.5404646669
6743.94208817449
6744.34369670388
6744.7452902223
6745.14686869696
6745.54843209506
6745.94998038384
6746.35151353051
6746.75303150228
6747.15453426637
6747.55602179
6747.95749404038
6748.35895098473
6748.76039259027
6749.16181882421
6749.56322965378
6749.96462504619
6750.36600496866
6750.7673693884
6751.16871827264
6751.57005158859
6751.97136930346
6752.37267138449
6752.77395779888
6753.17522851386
6753.57648349664
6753.97772271445
6754.37894613449
6754.780153724
6755.18134545019
6755.58252128027
6755.98368118147
6756.38482512101
6756.78595306611
6757.18706498399
6757.58816084186
6757.98924060695
6758.39030424647
6758.79135172766
6759.19238301772
6759.59339808388
6759.99439689336
6760.39537941338
6760.79634561116
6761.19729545392
6761.59822890888
6761.99914594327
6762.40004652431
6762.80093061921
6763.2017981952
6763.6026492195
6764.00348365934
6764.40430148193
6764.8051026545
6765.20588714426
6765.60665491845
6766.00740594429
6766.40814018899
6766.80885761978
6767.20955820389
6767.61024190853
6768.01090870093
6768.41155854832
6768.81219141792
6769.21280727694
6769.61340609262
6770.01398783218
6770.41455246284
6770.81509995183
6771.21563026638
6771.6161433737
6772.01663924102
6772.41711783556
6772.81757912456
6773.21802307523
6773.61844965481
6774.01885883051
6774.41925056957
6774.8196248392
6775.21998160664
6775.62032083911
6776.02064250384
6776.42094656805
6776.82123299897
6777.22150176382
6777.62175282984
6778.02198616424
6778.42220173427
6778.82239950714
6779.22257945008
6779.62274153032
6780.02288571508
6780.4230119716
6780.8231202671
6781.22321056881
6781.62328284397
6782.02333705978
6782.4233731835
6782.82339118234
6783.22339102353
6783.6233726743
6784.02333610189
6784.42328127352
6784.82320815642
6785.22311671781
6785.62300692494
6786.02287874503
6786.42273214531
6786.82256709301
6787.22238355536
6787.62218149959
6788.02196089293
6788.42172170261
6788.82146389587
6789.22118743994
6789.62089230204
6790.02057844941
6790.42024584928
6790.81989446889
6791.21952427545
6791.61913523622
6792.01872731841
6792.41830048926
6792.81785471601
6793.21738996588
6793.61690620611
6794.01640340394
6794.41588152659
6794.8153405413
6795.21478041531
6795.61420111584
6796.01360261013
6796.41298486542
6796.81234784894
6797.21169152793
6797.61101586961
6798.01032084123
6798.40960641001
6798.8088725432
6799.20811920803
6799.60734637174
6800.00655400156
6800.40574206472
6800.80491052847
6801.20405936003
6801.60318852665
6802.00229799557
6802.40138773401
6802.80045770922
6803.19950788843
6803.59853823888
6803.99754872781
6804.39653932246
6804.79550999006
6805.19446069785
6805.59339141307
6805.99230210296
6806.39119273475
6806.79006327569
6807.18891369301
6807.58774395396
6807.98655402577
6808.38534387568
6808.78411347093
6809.18286277876
6809.58159176642
6809.98030040113
6810.37898865015
6810.77765648071
6811.17630386006
6811.57493075543
6811.97353713406
6812.3721229632
6812.77068821009
6813.16923284196
6813.56775682607
6813.96626012965
6814.36474271995
6814.76320456421
6815.16164562967
6815.56006588357
6815.95846529315
6816.35684382567
6816.75520144836
6817.15353812847
6817.55185383323
6817.9501485299
6818.34842218572
6818.74667476794
6819.14490624379
6819.54311658052
6819.94130574538
6820.33947370561
6820.73762042846
6821.13574588117
6821.53385003099
6821.93193284517
6822.32999429095
6822.72803433557
6823.12605294629
6823.52405009034
6823.92202573499
6824.31997984747
6824.71791239503
6825.11582334492
6825.51371266438
6825.91158032068
6826.30942628104
6826.70725051272
6827.10505298298
6827.50283365905
6827.90059250819
6828.29832949765
6828.69604459467
6829.09373776651
6829.49140898042
6829.88905820363
6830.28668540342
6830.68429054702
6831.08187360169
6831.47943453467
6831.87697331322
6832.27448990459
6832.67198427603
6833.0694563948
6833.46690622814
6833.8643337433
6834.26173890754
6834.65912168812
6835.05648205228
6835.45381996727
6835.85113540036
6836.24842831879
6836.64569868982
6837.04294648069
6837.44017165867
6837.83737419102
6838.23455404497
6838.63171118779
6839.02884558674
6839.42595720906
6839.82304602202
6840.22011199286
6840.61715508885
6841.01417527725
6841.4111725253
6841.80814680026
6842.20509806939
6842.60202629995
6842.99893145919
6843.39581351438
6843.79267243276
6844.1895081816
6844.58632072815
6844.98311003968
6845.37987608344
6845.77661882669
6846.17333823669
6846.5700342807
6846.96670692598
6847.36335613978
6847.75998188937
6848.156584142
6848.55316286495
6848.94971802546
6849.3462495908
6849.74275752823
6850.13924180502
6850.53570238841
6850.93213924568
6851.32855234409
6851.72494165089
6852.12130713336
6852.51764875874
6852.91396649432
6853.31026030734
6853.70653016508
6854.1027760348
6854.49899788375
6854.89519567921
6855.29136938844
6855.6875189787
6856.08364441726
6856.47974567138
6856.87582270833
6857.27187549538
6857.66790399978
6858.06390818881
6858.45988802974
6858.85584348982
6859.25177453633
6859.64768113653
6860.04356325769
6860.43942086708
6860.83525393197
6861.23106241961
6861.62684629729
6862.02260553227
6862.41834009182
6862.8140499432
6863.20973505369
6863.60539539056
6864.00103092108
6864.39664161251
6864.79222743213
6865.1877883472
6865.58332432501
6865.97883533281
6866.37432133788
6866.7697823075
6867.16521820893
6867.56062900944
6867.95601467632
6868.35137517682
6868.74671047823
6869.14202054781
6869.53730535285
6869.93256486061
6870.32779903836
6870.72300785339
6871.11819127297
6871.51334926436
6871.90848179485
6872.30358883172
6872.69867034223
6873.09372629366
6873.48875665329
6873.88376138839
6874.27874046625
6874.67369385414
6875.06862151933
6875.4635234291
6875.85839955073
6876.25324985151
6876.6480742987
6877.04287285958
6877.43764550143
6877.83239219154
6878.22711289719
6878.62180758564
6879.01647622418
6879.4111187801
6879.80573522066
6880.20032551316
6880.59488962488
6880.98942752308
6881.38393917507
6881.77842454811
6882.17288360949
6882.56731632649
6882.9617226664
6883.35610259649
6883.75045608406
6884.14478309638
6884.53908360074
6884.93335756442
6885.32760495471
6885.72182573888
6886.11601988424
6886.51018735805
6886.90432812761
6887.2984421602
6887.69252942311
6888.08658988363
6888.48062350904
6888.87463026662
6889.26861012367
6889.66256304747
6890.05648900531
6890.45038796448
6890.84425989227
6891.23810475596
6891.63192252285
6892.02571316022
6892.41947663536
6892.81321291557
6893.20692196813
6893.60060376033
6893.99425825947
6894.38788543283
6894.78148524771
6895.17505767139
6895.56860267118
6895.96212021436
6896.35561026822
6896.74907280006
6897.14250777717
6897.53591516685
6897.92929493638
6898.32264705306
6898.7159714842
6899.10926819707
6899.50253715898
6899.89577833721
6900.28899169908
6900.68217721187
6901.07533484287
6901.46846455939
6901.86156632873
6902.25464011817
6902.64768589502
6903.04070362657
6903.43369328012
6903.82665482298
6904.21958822243
6904.61249344578
6905.00537046034
6905.39821923338
6905.79103973223
6906.18383192417
6906.57659577651
6906.96933125655
6907.36203833159
6907.75471696893
6908.14736713587
6908.53998879972
6908.93258192778
6909.32514648735
6909.71768244573
6910.11018977023
6910.50266842815
6910.89511838679
6911.28753961347
6911.67993207548
6912.07229574013
6912.46463057473
6912.85693654657
6913.24921362298
6913.64146177124
6914.03368095868
6914.42587115259
6914.81803232029
6915.21016442908
6915.60226744627
6915.99434133917
6916.38638607509
6916.77840162134
6917.17038794522
6917.56234501404
6917.95427279512
6918.34617125577
6918.7380403633
6919.12988008501
6919.52169038822
6919.91347124025
6920.30522260839
6920.69694445998
6921.08863676231
6921.4802994827
6921.87193258847
6922.26353604692
6922.65510982539
6923.04665389116
6923.43816821158
6923.82965275393
6924.22110748556
6924.61253237376
6925.00392738586
6925.39529248916
6925.786627651
6926.17793283869
6926.56920801954
6926.96045316087
6927.35166823
6927.74285319425
6928.13400802094
6928.52513267739
6928.91622713091
6929.30729134884
6929.69832529848
6930.08932894716
6930.4803022622
6930.87124521092
6931.26215776064
6931.6530398787
6932.0438915324
6932.43471268907
6932.82550331603
6933.21626338062
6933.60699285015
6933.99769169195
6934.38835987334
6934.77899736164
6935.16960412419
6935.56018012831
6935.95072534132
6936.34123973056
6936.73172326335
6937.12217590701
6937.51259762888
6937.90298839627
6938.29334817653
6938.68367693698
6939.07397464495
6939.46424126777
6939.85447677277
6940.24468112728
6940.63485429863
6941.02499625414
6941.41510696117
6941.80518638702
6942.19523449905
6942.58525126457
6942.97523665093
6943.36519062545
6943.75511315547
6944.14500420833
6944.53486375136
6944.92469175189
6945.31448817726
6945.70425299481
6946.09398617187
6946.48368767577
6946.87335747386
6947.26299553347
6947.65260182195
6948.04217630662
6948.43171895482
6948.82122973391
6949.21070861121
6949.60015555406
6949.9895705298
6950.37895350578
6950.76830444934
6951.15762332782
6951.54691010855
6951.93616475888
6952.32538724616
6952.71457753772
6953.10373560091
6953.49286140308
6953.88195491156
6954.27101609371
6954.66004491686
6955.04904134836
6955.43800535556
6955.8269369058
6956.21583596644
6956.60470250481
6956.99353648826
6957.38233788415
6957.77110665981
6958.15984278261
6958.54854621988
6958.93721693898
6959.32585490725
6959.71446009205
6960.10303246073
6960.49157198064
6960.88007861913
6961.26855234355
6961.65699312125
6962.04540091959
6962.43377570592
6962.8221174476
6963.21042611197
6963.59870166639
6963.98694407822
6964.37515331481
6964.76332934352
6965.1514721317
6965.53958164671
6965.92765785591
6966.31570072665
6966.70371022629
6967.0916863222
6967.47962898172
6967.86753817222
6968.25541386106
6968.6432560156
6969.03106460319
6969.4188395912
6969.80658094699
6970.19428863792
6970.58196263136
6970.96960289466
6971.35720939519
6971.74478210031
6972.13232097739
6972.51982599379
6972.90729711687
6973.294734314
6973.68213755256
6974.06950679989
6974.45684202337
6974.84414319036
6975.23141026824
6975.61864322437
6976.00584202612
6976.39300664085
6976.78013703595
6977.16723317877
6977.55429503668
6977.94132257706
6978.32831576728
6978.71527457472
6979.10219896673
6979.48908891069
6979.87594437398
6980.26276532398
6980.64955172804
6981.03630355355
6981.42302076789
6981.80970333842
6982.19635123253
6982.58296441758
6982.96954286096
6983.35608653004
6983.74259539221
6984.12906941483
6984.51550856528
6984.90191281095
6985.28828211922
6985.67461645746
6986.06091579305
6986.44718009338
6986.83340932582
6987.21960345776
6987.60576245658
6987.99188628966
6988.37797492439
6988.76402832814
6989.15004646831
6989.53602931227
6989.92197682742
6990.30788898113
6990.6937657408
6991.07960707381
6991.46541294754
6991.85118332939
6992.23691818674
6992.62261748698
6993.0082811975
6993.39390928568
6993.77950171892
6994.16505846462
6994.55057949015
6994.93606476291
6995.32151425029
6995.70692791968
6996.09230573849
6996.47764767409
6996.86295369388
6997.24822376527
6997.63345785563
6998.01865593238
6998.40381796289
6998.78894391458
6999.17403375483
6999.55908745104
6999.94410497062
7000.32908628095
7000.71403134944
7001.09894014349
7001.4838126305
7001.86864877786
7002.25344855297
7002.63821192325
7003.02293885609
7003.40762931889
7003.79228327905
7004.17690070398
7004.56148156109
7004.94602581777
7005.33053344143
7005.71500439948
7006.09943865931
7006.48383618835
7006.86819695399
7007.25252092365
7007.63680806473
7008.02105834463
7008.40527173077
7008.78944819056
7009.1735876914
7009.55769020072
7009.94175568591
7010.32578411438
7010.70977545357
7011.09372967086
7011.47764673369
7011.86152660945
7012.24536926557
7012.62917466946
7013.01294278853
7013.39667359021
7013.7803670419
7014.16402311103
7014.54764176501
7014.93122297125
7015.31476669718
7015.69827291022
7016.08174157779
7016.4651726673
7016.84856614618
7017.23192198184
7017.61524014172
7017.99852059322
7018.38176330378
7018.76496824082
7019.14813537175
7019.53126466402
7019.91435608503
7020.29740960222
7020.68042518301
7021.06340279483
7021.44634240511
7021.82924398127
7022.21210749074
7022.59493290095
7022.97772017932
7023.3604692933
7023.74318021031
7024.12585289778
7024.50848732315
7024.89108345383
7025.27364125728
7025.65616070091
7026.03864175217
7026.42108437849
7026.8034885473
7027.18585422605
7027.56818138215
7027.95046998306
7028.33271999621
7028.71493138903
7029.09710412897
7029.47923818347
7029.86133351996
7030.24339010588
7030.62540790868
7031.00738689579
7031.38932703466
7031.77122829273
7032.15309063744
7032.53491403624
7032.91669845657
7033.29844386588
7033.6801502316
7034.0618175212
7034.4434457021
7034.82503474177
7035.20658460764
7035.58809526717
7035.96956668781
7036.35099883699
7036.73239168219
7037.11374519083
7037.49505933039
7037.8763340683
7038.25756937202
7038.638765209
7039.0199215467
7039.40103835258
7039.78211559407
7040.16315323865
7040.54415125377
7040.92510960688
7041.30602826544
7041.6869071969
7042.06774636874
7042.4485457484
7042.82930530334
7043.21002500104
7043.59070480893
7043.9713446945
7044.3519446252
7044.73250456849
7045.11302449183
7045.49350436269
7045.87394414854
7046.25434381684
7046.63470333506
7047.01502267065
7047.3953017911
7047.77554066386
7048.1557392564
7048.5358975362
7048.91601547072
7049.29609302743
7049.67613017381
7050.05612687732
7050.43608310544
7050.81599882564
7051.19587400539
7051.57570861217
7051.95550261345
7052.3352559767
7052.71496866941
7053.09464065905
7053.47427191309
7053.85386239901
7054.2334120843
7054.61292093643
7054.99238892287
7055.37181601112
7055.75120216865
7056.13054736295
7056.50985156148
7056.88911473175
7057.26833684123
7057.6475178574
7058.02665774776
7058.40575647977
7058.78481402095
7059.16383033876
7059.5428054007
7059.92173917425
7060.3006316269
7060.67948272615
7061.05829243948
7061.43706073438
7061.81578757835
7062.19447293887
7062.57311678344
7062.95171907956
7063.33027979471
7063.7087988964
7064.08727635211
7064.46571212934
7064.8441061956
7065.22245851837
7065.60076906515
7065.97903780345
7066.35726470076
7066.73544972459
7067.11359284243
7067.49169402178
7067.86975323015
7068.24777043504
7068.62574560396
7069.00367870441
7069.38156970388
7069.7594185699
7070.13722526996
7070.51498977157
7070.89271204224
7071.27039204948
7071.64802976079
7072.02562514369
7072.40317816569
7072.78068879429
7073.15815699702
7073.53558274137
7073.91296599487
7074.29030672503
7074.66760489936
7075.04486048538
7075.42207345061
7075.79924376255
7076.17637138874
7076.55345629668
7076.9304984539
7077.30749782791
7077.68445438624
7078.0613680964
7078.43823892592
7078.81506684232
7079.19185181313
7079.56859380586
7079.94529278804
7080.3219487272
7080.69856159087
7081.07513134656
7081.45165796181
7081.82814140414
7082.20458164109
7082.58097864018
7082.95733236894
7083.33364279491
7083.70990988562
7084.08613360859
7084.46231393136
7084.83845082147
7085.21454424646
7085.59059417384
7085.96660057117
7086.34256340598
7086.71848264581
7087.09435825819
7087.47019021066
7087.84597847077
7088.22172300606
7088.59742378405
7088.97308077231
7089.34869393837
7089.72426324977
7090.09978867406
7090.47527017879
7090.8507077315
7091.22610129973
7091.60145085103
7091.97675635296
7092.35201777306
7092.72723507888
7093.10240823797
7093.47753721788
7093.85262198617
7094.22766251038
7094.60265875807
7094.9776106968
7095.35251829411
7095.72738151757
7096.10220033474
7096.47697471316
7096.8517046204
7097.22639002401
7097.60103089156
7097.9756271906
7098.35017888871
7098.72468595343
7099.09914835233
7099.47356605298
7099.84793902294
7100.22226722977
7100.59655064104
7100.97078922432
7101.34498294718
7101.71913177718
7102.09323568189
7102.46729462888
7102.84130858572
7103.21527751999
7103.58920139925
7103.96308019109
7104.33691386306
7104.71070238276
7105.08444571775
7105.4581438356
7105.8317967039
7106.20540429023
7106.57896656216
7106.95248348727
7107.32595503315
7107.69938116737
7108.07276185751
7108.44609707116
7108.81938677591
7109.19263093933
7109.56582952901
7109.93898251254
7110.3120898575
7110.68515153149
7111.05816750208
7111.43113773688
7111.80406220346
7112.17694086942
7112.54977370236
7112.92256066986
7113.29530173952
7113.66799687894
7114.0406460557
7114.4132492374
7114.78580639165
7115.15831748603
7115.53078248815
7115.9032013656
7116.27557408599
7116.64790061692
7117.02018092598
7117.39241498079
7117.76460274894
7118.13674419804
7118.5088392957
7118.88088800952
7119.2528903071
7119.62484615606
7119.996755524
7120.36861837854
7120.74043468728
7121.11220441783
7121.48392753781
7121.85560401483
7122.22723381651
7122.59881691045
7122.97035326428
7123.34184284561
7123.71328562205
7124.08468156124
7124.45603063077
7124.82733279829
7125.19858803139
7125.56979629772
7125.94095756488
7126.31207180051
7126.68313897223
7127.05415904765
7127.42513199442
7127.79605778016
7128.16693637248
7128.53776773903
7128.90855184743
7129.27928866532
7129.64997816032
7130.02062030006
7130.39121505219
7130.76176238433
7131.13226226412
7131.50271465919
7131.87311953718
7132.24347686574
7132.61378661249
7132.98404874508
7133.35426323114
7133.72443003833
7134.09454913428
7134.46462048663
7134.83464406304
7135.20461983113
7135.57454775857
7135.94442781299
7136.31425996205
7136.68404417339
7137.05378041467
7137.42346865352
7137.79310885762
7138.1627009946
7138.53224503212
7138.90174093783
7139.2711886794
7139.64058822447
7140.00993954071
7140.37924259577
7140.74849735731
7141.11770379299
7141.48686187047
7141.85597155741
7142.22503282148
7142.59404563034
7142.96300995166
7143.33192575309
7143.70079300231
7144.06961166698
7144.43838171478
7144.80710311337
7145.17577583042
7145.5443998336
7145.91297509059
7146.28150156905
7146.64997923667
7147.01840806112
7147.38678801008
7147.75511905121
7148.1234011522
7148.49163428074
7148.85981840449
7149.22795349114
7149.59603950837
7149.96407642387
7150.33206420532
7150.7000028204
7151.0678922368
7151.4357324222
7151.80352334431
7152.17126497079
7152.53895726934
7152.90660020767
7153.27419375344
7153.64173787437
7154.00923253813
7154.37667771244
7154.74407336497
7155.11141946344
7155.47871597553
7155.84596286895
7156.2131601114
7156.58030767058
7156.94740551418
7157.31445360992
7157.68145192549
7158.0484004286
7158.41529908696
7158.78214786827
7159.14894674025
7159.51569567059
7159.88239462702
7160.24904357723
7160.61564248895
7160.98219132989
7161.34869006776
7161.71513867028
7162.08153710515
7162.44788534011
7162.81418334286
7163.18043108113
7163.54662852264
7163.91277563511
7164.27887238626
7164.64491874381
7165.01091467549
7165.37686014903
7165.74275513214
7166.10859959257
7166.47439349803
7166.84013681626
7167.20582951499
7167.57147156195
7167.93706292487
7168.30260357149
7168.66809346954
7169.03353258676
7169.39892089088
7169.76425834965
7170.12954493079
7170.49478060207
7170.8599653312
7171.22509908595
7171.59018183404
7171.95521354323
7172.32019418127
7172.68512371589
7173.05000211484
7173.41482934588
7173.77960537676
7174.14433017522
7174.50900370902
7174.87362594592
7175.23819685366
7175.6027164
7175.96718455271
7176.33160127952
7176.69596654822
7177.06028032655
7177.42454258227
7177.78875328316
7178.15291239697
7178.51701989146
7178.88107573441
7179.24507989357
7179.60903233673
7179.97293303163
7180.33678194607
7180.7005790478
7181.06432430459
7181.42801768423
7181.79165915449
7182.15524868314
7182.51878623796
7182.88227178673
7183.24570529722
7183.60908673722
7183.9724160745
7184.33569327686
7184.69891831207
7185.06209114792
7185.42521175219
7185.78828009267
7186.15129613715
7186.51425985343
7186.87717120928
7187.2400301725
7187.60283671088
7187.96559079222
7188.32829238432
7188.69094145496
7189.05353797195
7189.41608190309
7189.77857321617
7190.14101187899
7190.50339785937
7190.86573112509
7191.22801164397
7191.59023938381
7191.95241431242
7192.3145363976
7192.67660560717
7193.03862190894
7193.40058527071
7193.7624956603
7194.12435304553
7194.4861573942
7194.84790867414
7195.20960685316
7195.57125189908
7195.93284377973
7196.29438246292
7196.65586791647
7197.01730010821
7197.37867900596
7197.74000457755
7198.10127679081
7198.46249561356
7198.82366101363
7199.18477295886
7199.54583141707
7199.90683635611
7200.2677877438
7200.62868554798
7200.98952973649
7201.35032027716
7201.71105713784
7202.07174028636
7202.43236969057
7202.7929453183
7203.15346713742
7203.51393511575
7203.87434922115
7204.23470942146
7204.59501568454
7204.95526797823
7205.31546627039
7205.67561052887
7206.03570072152
7206.3957368162
7206.75571878077
7207.11564658308
7207.47552019099
7207.83533957237
7208.19510469508
7208.55481552697
7208.91447203592
7209.27407418978
7209.63362195643
7209.99311530374
7210.35255419957
7210.71193861179
7211.07126850829
7211.43054385692
7211.78976462556
7212.1489307821
7212.5080422944
7212.86709913036
7213.22610125783
7213.58504864472
7213.94394125889
7214.30277906824
7214.66156204065
7215.020290144
7215.37896334618
7215.73758161509
7216.09614491861
7216.45465322463
7216.81310650105
7217.17150471575
7217.52984783665
7217.88813583162
7218.24636866858
7218.60454631542
7218.96266874004
7219.32073591034
7219.67874779423
7220.03670435961
7220.39460557439
7220.75245140648
7221.11024182378
7221.46797679421
7221.82565628567
7222.18328026608
7222.54084870335
7222.89836156541
7223.25581882015
7223.61322043552
7223.97056637941
7224.32785661977
7224.68509112449
7225.04226986152
7225.39939279878
7225.75645990419
7226.11347114568
7226.47042649118
7226.82732590862
7227.18416936593
7227.54095683105
7227.89768827191
7228.25436365644
7228.61098295259
7228.9675461283
7229.32405315149
7229.68050399012
7230.03689861213
7230.39323698547
7230.74951907807
7231.10574485788
7231.46191429287
7231.81802735096
7232.17408400012
7232.53008420831
7232.88602794346
7233.24191517355
7233.59774586652
7233.95351999033
7234.30923751296
7234.66489840234
7235.02050262646
7235.37605015327
7235.73154095074
7236.08697498684
7236.44235222953
7236.79767264679
7237.15293620659
7237.50814287689
7237.86329262568
7238.21838542093
7238.57342123061
7238.92840002271
7239.28332176521
7239.63818642609
7239.99299397332
7240.3477443749
7240.70243759881
7241.05707361305
7241.41165238558
7241.76617388442
7242.12063807755
7242.47504493296
7242.82939441864
7243.18368650261
7243.53792115284
7243.89209833735
7244.24621802412
7244.60028018118
7244.95428477651
7245.30823177812
7245.66212115403
7246.01595287223
7246.36972690074
7246.72344320757
7247.07710176073
7247.43070252824
7247.78424547811
7248.13773057836
7248.49115779701
7248.84452710207
7249.19783846158
7249.55109184355
7249.90428721601
7250.25742454698
7250.6105038045
7250.96352495658
7251.31648797127
7251.6693928166
7252.02223946059
7252.37502787129
7252.72775801673
7253.08042986495
7253.43304338399
7253.7855985419
7254.13809530671
7254.49053364647
7254.84291352923
7255.19523492304
7255.54749779593
7255.89970211598
7256.25184785122
7256.60393496972
7256.95596343952
7257.30793322869
7257.65984430528
7258.01169663736
7258.36349019299
7258.71522494023
7259.06690084714
7259.4185178818
7259.77007601226
7260.12157520661
7260.47301543291
7260.82439665924
7261.17571885367
7261.52698198428
7261.87818601914
7262.22933092634
7262.58041667395
7262.93144323007
7263.28241056276
7263.63331864013
7263.98416743025
7264.33495690122
7264.68568702113
7265.03635775806
7265.38696908013
7265.73752095541
7266.08801335201
7266.43844623802
7266.78881958156
7267.13913335071
7267.48938751358
7267.83958203829
7268.18971689293
7268.53979204562
7268.88980746446
7269.23976311757
7269.58965897306
7269.93949499906
7270.28927116366
7270.638987435
7270.98864378119
7271.33824017036
7271.68777657063
7272.03725295013
7272.38666927698
7272.73602551931
7273.08532164525
7273.43455762294
7273.78373342051
7274.13284900609
7274.48190434782
7274.83089941385
7275.1798341723
7275.52870859133
7275.87752263908
7276.22627628369
7276.57496949331
7276.9236022361
7277.27217448019
7277.62068619375
7277.96913734493
7278.31752790188
7278.66585783276
7279.01412710574
7279.36233568897
7279.71048355061
7280.05857065884
7280.40659698181
7280.7545624877
7281.10246714467
7281.45031092091
7281.79809378457
7282.14581570384
7282.49347664689
7282.8410765819
7283.18861547705
7283.53609330052
7283.88351002051
7284.23086560518
7284.57816002274
7284.92539324136
7285.27256522925
7285.61967595459
7285.96672538558
7286.31371349041
7286.66064023729
7287.0075055944
7287.35430952996
7287.70105201217
7288.04773300923
7288.39435248934
7288.74091042073
7289.08740677159
7289.43384151014
7289.7802146046
7290.12652602318
7290.4727757341
7290.81896370557
7291.16508990582
7291.51115430308
7291.85715686556
7292.2030975615
7292.54897635912
7292.89479322665
7293.24054813233
7293.58624104438
7293.93187193105
7294.27744076058
7294.6229475012
7294.96839212115
7295.31377458867
7295.65909487202
7296.00435293944
7296.34954875917
7296.69468229948
7297.0397535286
7297.3847624148
7297.72970892633
7298.07459303145
7298.41941469841
7298.76417389549
7299.10887059094
7299.45350475303
7299.79807635003
7300.1425853502
7300.48703172182
7300.83141543316
7301.17573645249
7301.5199947481
7301.86419028825
7302.20832304124
7302.55239297533
7302.89640005882
7303.24034426
7303.58422554715
7303.92804388855
7304.27179925251
7304.61549160732
7304.95912092126
7305.30268716265
7305.64619029977
7305.98963030093
7306.33300713444
7306.67632076859
7307.0195711717
7307.36275831207
7307.70588215801
7308.04894267784
7308.39193983988
7308.73487361243
7309.07774396382
7309.42055086237
7309.76329427639
7310.10597417423
7310.44859052419
7310.79114329461
7311.13363245382
7311.47605797015
7311.81841981193
7312.16071794751
7312.50295234521
7312.84512297339
7313.18722980037
7313.52927279451
7313.87125192415
7314.21316715763
7314.55501846331
7314.89680580955
7315.23852916468
7315.58018849707
7315.92178377508
7316.26331496707
7316.60478204139
7316.94618496641
7317.28752371049
7317.62879824201
7317.97000852933
7318.31115454083
7318.65223624487
7318.99325360983
7319.3342066041
7319.67509519604
7320.01591935404
7320.35667904648
7320.69737424176
7321.03800490825
7321.37857101434
7321.71907252844
7322.05950941892
7322.39988165418
7322.74018920263
7323.08043203266
7323.42061011268
7323.76072341108
7324.10077189627
7324.44075553666
7324.78067430066
7325.12052815668
7325.46031707313
7325.80004101843
7326.139699961
7326.47929386925
7326.81882271161
7327.1582864565
7327.49768507234
7327.83701852757
7328.17628679061
7328.5154898299
7328.85462761386
7329.19370011094
7329.53270728957
7329.87164911819
7330.21052556525
7330.54933659918
7330.88808218844
7331.22676230146
7331.56537690671
7331.90392597263
7332.24240946768
7332.58082736031
7332.91917961899
7333.25746621216
7333.5956871083
7333.93384227587
7334.27193168333
7334.60995529916
7334.94791309182
7335.28580502978
7335.62363108153
7335.96139121553
7336.29908540027
7336.63671360423
7336.97427579588
7337.31177194372
7337.64920201624
7337.98656598191
7338.32386380923
7338.6610954667
7338.99826092281
7339.33536014606
7339.67239310494
7340.00935976796
7340.34626010363
7340.68309408044
7341.0198616669
7341.35656283153
7341.69319754284
7342.02976576933
7342.36626747953
7342.70270264196
7343.03907122512
7343.37537319756
7343.71160852778
7344.04777718432
7344.38387913571
7344.71991435046
7345.05588279713
7345.39178444424
7345.72761926033
7346.06338721393
7346.39908827359
7346.73472240785
7347.07028958526
7347.40578977436
7347.7412229437
7348.07658906183
7348.41188809731
7348.74712001868
7349.08228479452
7349.41738239337
7349.7524127838
7350.08737593437
7350.42227181365
7350.75710039021
7351.0918616326
7351.42655550942
7351.76118198922
7352.09574104059
7352.4302326321
7352.76465673234
7353.09901330988
7353.43330233331
7353.76752377121
7354.10167759218
7354.4357637648
7354.76978225767
7355.10373303938
7355.43761607852
7355.77143134369
7356.10517880351
7356.43885842655
7356.77247018144
7357.10601403678
7357.43948996117
7357.77289792324
7358.10623789157
7358.43950983481
7358.77271372155
7359.10584952043
7359.43891720005
7359.77191672904
7360.10484807603
7360.43771120965
7360.77050609851
7361.10323271126
7361.43589101653
7361.76848098294
7362.10100257914
7362.43345577377
7362.76584053546
7363.09815683286
7363.43040463461
7363.76258390936
7364.09469462576
7364.42673675246
7364.7587102581
7365.09061511135
7365.42245128087
7365.7542187353
7366.08591744331
7366.41754737356
7366.74910849472
7367.08060077546
7367.41202418443
7367.74337869031
7368.07466426177
7368.40588086748
7368.73702847613
7369.06810705638
7369.39911657692
7369.73005700643
7370.06092831359
7370.39173046709
7370.72246343561
7371.05312718784
7371.38372169248
7371.71424691821
7372.04470283372
7372.37508940773
7372.70540660891
7373.03565440598
7373.36583276763
7373.69594166257
7374.02598105951
7374.35595092714
7374.68585123418
7375.01568194934
7375.34544304133
7375.67513447886
7376.00475623066
7376.33430826543
7376.6637905519
7376.99320305878
7377.32254575481
7377.65181860871
7377.98102158919
7378.31015466499
7378.63921780484
7378.96821097747
7379.29713415161
7379.62598729599
7379.95477037936
7380.28348337044
7380.61212623798
7380.94069895073
7381.26920147741
7381.59763378677
7381.92599584757
7382.25428762854
7382.58250909844
7382.91066022602
7383.23874098002
7383.5667513292
7383.89469124232
7384.22256068812
7384.55035963537
7384.87808805283
7385.20574590925
7385.53333317341
7385.86084981405
7386.18829579995
7386.51567109987
7386.84297568257
7387.17020951683
7387.49737257142
7387.8244648151
7388.15148621666
7388.47843674485
7388.80531636846
7389.13212505626
7389.45886277704
7389.78552949956
7390.1121251926
7390.43864982496
7390.7651033654
7391.09148578272
7391.41779704569
7391.7440371231
7392.07020598373
7392.39630359638
7392.72232992983
7393.04828495287
7393.37416863429
7393.69998094288
7394.02572184743
7394.35139131673
7394.67698931958
7395.00251582478
7395.3279708011
7395.65335421736
7395.97866604234
7396.30390624485
7396.62907479368
7396.95417165763
7397.2791968055
7397.60415020609
7397.9290318282
7398.25384164062
7398.57857961217
7398.90324571163
7399.22783990783
7399.55236216954
7399.87681246559
7400.20119076476
7400.52549703587
7400.84973124772
7401.17389336911
7401.49798336884
7401.82200121573
7402.14594687857
7402.46982032617
7402.79362152733
7403.11735045085
7403.44100706555
7403.76459134022
7404.08810324367
7404.4115427447
7404.73490981212
7405.05820441473
7405.38142652133
7405.70457610073
7406.02765312172
7406.35065755311
7406.6735893637
7406.99644852229
7407.31923499768
7407.64194875867
7407.96458977406
7408.28715801264
7408.60965344322
7408.93207603458
7409.25442575553
7409.57670257486
7409.89890646135
7410.22103738382
7410.54309531103
7410.86508021179
7411.18699205488
7411.50883080909
7411.8305964432
7412.152288926
7412.47390822627
7412.79545431279
7413.11692715434
7413.43832671969
7413.75965297763
7414.08090589692
7414.40208544634
7414.72319159465
7415.04422431063
7415.36518356304
7415.68606932063
7416.00688155217
7416.32762022642
7416.64828531213
7416.96887677806
7417.28939459295
7417.60983872555
7417.9302091446
7418.25050581885
7418.57072871702
7418.89087780786
7419.2109530601
7419.53095444246
7419.85088192366
7420.17073547243
7420.49051505749
7420.81022064754
7421.12985221128
7421.44940971744
7421.7688931347
7422.08830243176
7422.40763757731
7422.72689854004
7423.04608528863
7423.36519779175
7423.68423601808
7424.00319993628
7424.32208951502
7424.64090472294
7424.9596455287
7425.27831190095
7425.59690380831
7425.91542121942
7426.23386410292
7426.5522324274
7426.8705261615
7427.18874527381
7427.50688973294
7427.82495950747
7428.14295456599
7428.46087487708
7428.77872040931
7429.09649113123
7429.41418701141
7429.73180801838
7430.04935412069
7430.36682528685
7430.68422148541
7431.00154268485
7431.31878885368
7431.6359599604
7431.95305597348
7432.2700768614
7432.58702259261
7432.90389313558
7433.22068845873
7433.5374085305
7433.8540533193
7434.17062279355
7434.48711692162
7434.80353567192
7435.1198790128
7435.43614691262
7435.75233933972
7436.06845626244
7436.3844976491
7436.70046346798
7437.01635368739
7437.3321682756
7437.64790720085
7437.96357043141
7438.27915793548
7438.59466968129
7438.91010563703
7439.22546577088
7439.54075005098
7439.8559584455
7440.17109092254
7440.48614745022
7440.80112799662
7441.11603252981
7441.43086101783
7441.74561342871
7442.06028973045
7442.37488989104
7442.68941387843
7443.00386166057
7443.31823320537
7443.63252848072
7443.94674745449
7444.26089009451
7444.57495636861
7444.88894624458
7445.20285969018
7445.51669667313
7445.83045716117
7446.14414112195
7446.45774852312
7446.77127933232
7447.08473351712
7447.39811104508
7447.71141188373
7448.02463600055
7448.33778336299
7448.65085393848
7448.9638476944
7449.27676459809
7449.58960461687
7449.902367718
7450.21505386872
7450.5276630362
7450.8401951876
7451.15265029002
7451.46502831051
7451.77732921609
7452.08955297372
7452.40169955033
7452.71376891277
7453.02576102788
7453.3376758624
7453.64951338306
7453.96127355651
7454.27295634935
7454.58456172813
7454.89608965932
7455.20754010935
7455.51891304458
7455.83020843131
7456.14142623575
7456.45256642407
7456.76362896236
7457.07461381664
7457.38552095283
7457.69635033683
7458.00710193439
7458.31777571124
7458.628371633
7458.93888966519
7459.24932977327
7459.55969192259
7459.86997607841
7460.18018220589
7460.4903102701
7460.800360236
7461.11033206845
7461.42022573219
7461.73004119184
7462.03977841193
7462.34943735685
7462.65901799086
7462.96852027812
7463.27794418262
7463.58728966824
7463.89655669871
7464.20574523762
7464.51485524838
7464.82388669428
7465.13283953844
7465.44171374378
7465.7505092731
7466.05922608897
7466.36786415381
7466.67642342983
7466.98490387903
7467.29330546322
7467.601628144
7467.90987188273
7468.21803664054
7468.52612237832
7468.83412905673
7469.14205663615
7469.44990507669
7469.75767433818
7470.06536438016
7470.37297516188
7470.68050664225
7470.98795877986
7471.29533153296
7471.60262485943
7471.9098387168
7472.21697306217
7472.52402785226
7472.83100304337
7473.13789859132
7473.44471445149
7473.75145057877
7474.05810692753
7474.3646834516
7474.67118010425
7474.97759683816
7475.28393360539
7475.59019035735
7475.89636704475
7476.20246361758
7476.50848002508
7476.81441621567
7477.12027213693
7477.42604773554
7477.73174295724
7478.03735774674
7478.34289204772
7478.6483458027
7478.95371895302
7479.25901143874
7479.56422319857
7479.86935416976
7480.17440428802
7480.47937348743
7480.78426170028
7481.08906885697
7481.3937948859
7481.69843971325
7482.00300326287
7482.30748545607
7482.61188621142
7482.91620544452
7483.22044306774
7483.52459898995
7483.82867311621
7484.13266534739
7484.43657557978
7484.74040370465
7485.04414960771
7485.34781316854
7485.65139425993
7485.95489274708
7486.25830848672
7486.56164132607
7486.86489110163
7487.16805763773
7487.47114074486
7487.77414021762
7488.07705583229
7488.37988734388
7488.68263448246
7488.98529694871
7489.28787440816
7489.59036648407
7489.89277274803
7490.1950927077
7490.49732579033
7490.79947132001
7491.10152848562
7491.40349629395
7491.70537349839
7492.00715848519
7492.30884908005
7492.61044219165
7492.91193307722
7493.21331356392
7493.51456647829
7493.8156374192
7494.11589056099
