6384.10220782844
6382.6681128061
6381.23401423303
6379.7999121097
6378.36580643655
6376.93169721403
6375.4975844426
6374.0634681227
6372.62934825481
6371.19522483936
6369.76109787683
6368.32696736767
6366.89283331235
6365.45869571133
6364.02455456509
6362.59040987408
6361.15626163879
6359.72210985968
6358.28795453722
6356.8537956719
6355.41963326419
6353.98546731457
6352.55129782352
6351.11712479152
6349.68294821907
6348.24876810664
6346.81458445473
6345.38039726382
6343.94620653441
6342.51201226699
6341.07781446206
6339.64361312011
6338.20940824165
6336.77519982717
6335.34098787718
6333.90677239218
6332.47255337268
6331.03833081918
6329.6041047322
6328.16987511225
6326.73564195984
6325.30140527548
6323.8671650597
6322.43292131301
6320.99867403594
6319.56442322899
6318.13016889271
6316.69591102761
6315.26164963423
6313.82738471308
6312.39311626471
6310.95884428965
6309.52456878843
6308.09028976158
6306.65600720965
6305.22172113317
6303.78743153269
6302.35313840875
6300.9188417619
6299.48454159268
6298.05023790164
6296.61593068934
6295.18161995632
6293.74730570314
6292.31298793035
6290.87866663852
6289.44434182819
6288.01001349994
6286.57568165433
6285.14134629192
6283.70700741328
6282.27266501897
6280.83831910956
6279.40396968564
6277.96961674776
6276.53526029651
6275.10090033247
6273.6665368562
6272.2321698683
6270.79779936934
6269.36342535991
6267.9290478406
6266.49466681199
6265.06028227467
6263.62589422923
6262.19150267627
6260.75710761638
6259.32270905015
6257.88830697819
6256.45390140109
6255.01949231946
6253.5850797339
6252.15066364501
6250.7162440534
6249.28182095968
6247.84739436446
6246.41296426836
6244.97853067197
6243.54409357593
6242.10965298085
6240.67520888735
6239.24076129604
6237.80631020756
6236.37185562252
6234.93739754155
6233.50293596528
6232.06847089434
6230.63400232936
6229.19953027098
6227.76505471982
6226.33057567652
6224.89609314173
6223.46160711607
6222.02711760021
6220.59262459476
6219.1581281004
6217.72362811775
6216.28912464747
6214.8546176902
6213.42010724661
6211.98559331734
6210.55107590305
6209.1165550044
6207.68203062205
6206.24750275665
6204.81297140887
6203.37843657938
6201.94389826883
6200.5093564779
6199.07481120726
6197.64026245758
6196.20571022952
6194.77115452378
6193.33659534101
6191.90203268191
6190.46746654714
6189.03289693739
6187.59832385335
6186.1637472957
6184.72916726513
6183.29458376232
6181.85999678796
6180.42540634275
6178.99081242738
6177.55621504255
6176.12161418894
6174.68700986727
6173.25240207823
6171.81779082253
6170.38317610086
6168.94855791394
6167.51393626246
6166.07931114715
6164.64468256871
6163.21005052785
6161.77541502528
6160.34077606173
6158.90613363791
6157.47148775454
6156.03683841234
6154.60218561204
6153.16752935435
6151.73286964001
6150.29820646975
6148.86353984428
6147.42886976435
6145.99419623068
6144.55951924402
6143.12483880509
6141.69015491464
6140.25546757341
6138.82077678213
6137.38608254155
6135.95138485242
6134.51668371548
6133.08197913149
6131.64727110118
6130.21255962532
6128.77784470465
6127.34312633994
6125.90840453194
6124.4736792814
6123.03895058909
6121.60421845576
6120.1694828822
6118.73474386915
6117.30000141739
6115.86525552768
6114.4305062008
6112.99575343751
6111.5609972386
6110.12623760483
6108.69147453699
6107.25670803586
6105.8219381022
6104.38716473682
6102.95238794048
6101.51760771398
6100.08282405811
6098.64803697365
6097.21324646139
6095.77845252213
6094.34365515666
6092.90885436578
6091.47405015028
6090.03924251097
6088.60443144864
6087.1696169641
6085.73479905815
6084.29997773161
6082.86515298526
6081.43032481994
6079.99549323643
6078.56065823557
6077.12581981817
6075.69097798503
6074.25613273698
6072.82128407484
6071.38643199943
6069.95157651157
6068.51671761208
6067.0818553018
6065.64698958155
6064.21212045216
6062.77724791447
6061.34237196929
6059.90749261748
6058.47260985986
6057.03772369728
6055.60283413057
6054.16794116058
6052.73304478814
6051.29814501411
6049.86324183932
6048.42833526464
6046.9934252909
6045.55851191896
6044.12359514967
6042.68867498389
6041.25375142247
6039.81882446627
6038.38389411616
6036.94896037298
6035.51402323761
6034.07908271092
6032.64413879376
6031.209191487
6029.77424079152
6028.33928670819
6026.90432923787
6025.46936838145
6024.0344041398
6022.5994365138
6021.16446550433
6019.72949111227
6018.29451333851
6016.85953218392
6015.4245476494
6013.98955973582
6012.5545684441
6011.1195737751
6009.68457572974
6008.24957430889
6006.81456951347
6005.37956134436
6003.94454980247
6002.50953488869
6001.07451660394
5999.63949494911
5998.20446992511
5996.76944153285
5995.33440977325
5993.8993746472
5992.46433615563
5991.02929429944
5989.59424907957
5988.15920049691
5986.72414855239
5985.28909324695
5983.85403458148
5982.41897255693
5980.98390717421
5979.54883843426
5978.11376633801
5976.67869088638
5975.2436120803
5973.80852992073
5972.37344440858
5970.9383555448
5969.50326333032
5968.06816776609
5966.63306885305
5965.19796659215
5963.76286098432
5962.32775203052
5960.8926397317
5959.45752408881
5958.0224051028
5956.58728277462
5955.15215710523
5953.71702809559
5952.28189574666
5950.84676005939
5949.41162103475
5947.97647867371
5946.54133297723
5945.10618394627
5943.67103158181
5942.23587588481
5940.80071685626
5939.36555449711
5937.93038880836
5936.49521979096
5935.06004744591
5933.62487177419
5932.18969277676
5930.75451045463
5929.31932480877
5927.88413584018
5926.44894354983
5925.01374793872
5923.57854900785
5922.14334675819
5920.70814119076
5919.27293230655
5917.83772010655
5916.40250459176
5914.96728576319
5913.53206362184
5912.09683816871
5910.66160940481
5909.22637733115
5907.79114194874
5906.35590325859
5904.92066126171
5903.48541595911
5902.05016735182
5900.61491544085
5899.17966022721
5897.74440171194
5896.30913989605
5894.87387478057
5893.43860636652
5892.00333465492
5890.56805964682
5889.13278134324
5887.69749974521
5886.26221485377
5884.82692666995
5883.39163519478
5881.95634042932
5880.52104237459
5879.08574103164
5877.65043640152
5876.21512848526
5874.77981728391
5873.34450279854
5871.90918503017
5870.47386397987
5869.03853964869
5867.60321203768
5866.1678811479
5864.7325469804
5863.29720953625
5861.86186881652
5860.42652482225
5858.99117755452
5857.55582701439
5856.12047320293
5854.6851161212
5853.24975577029
5851.81439215126
5850.37902526518
5848.94365511314
5847.5082816962
5846.07290501545
5844.63752507197
5843.20214186683
5841.76675540114
5840.33136567596
5838.89597269238
5837.4605764515
5836.02517695441
5834.58977420219
5833.15436819594
5831.71895893675
5830.28354642572
5828.84813066395
5827.41271165254
5825.97728939259
5824.54186388519
5823.10643513147
5821.67100313251
5820.23556788944
5818.80012940335
5817.36468767537
5815.92924270659
5814.49379449814
5813.05834305113
5811.62288836668
5810.18743044591
5808.75196928993
5807.31650489987
5805.88103727685
5804.445566422
5803.01009233644
5801.57461502131
5800.13913447772
5798.70365070682
5797.26816370974
5795.8326734876
5794.39718004155
5792.96168337273
5791.52618348227
5790.09068037131
5788.655174041
5787.21966449247
5785.78415172689
5784.34863574538
5782.91311654911
5781.47759413922
5780.04206851686
5778.60653968319
5777.17100763936
5775.73547238653
5774.29993392586
5772.8643922585
5771.42884738562
5769.99329930838
5768.55774802794
5767.12219354548
5765.68663586215
5764.25107497913
5762.81551089759
5761.3799436187
5759.94437314363
5758.50879947356
5757.07322260966
5755.63764255313
5754.20205930512
5752.76647286683
5751.33088323945
5749.89529042414
5748.45969442211
5747.02409523454
5745.58849286261
5744.15288730752
5742.71727857047
5741.28166665264
5739.84605155523
5738.41043327944
5736.97481182647
5735.53918719751
5734.10355939377
5732.66792841646
5731.23229426678
5729.79665694593
5728.36101645512
5726.92537279557
5725.48972596848
5724.05407597506
5722.61842281654
5721.18276649412
5719.74710700903
5718.31144436248
5716.8757785557
5715.4401095899
5714.00443746631
5712.56876218615
5711.13308375066
5709.69740216106
5708.26171741858
5706.82602952444
5705.3903384799
5703.95464428616
5702.51894694449
5701.08324645611
5699.64754282225
5698.21183604417
5696.77612612311
5695.3404130603
5693.904696857
5692.46897751444
5691.03325503389
5689.59752941658
5688.16180066377
5686.72606877671
5685.29033375667
5683.85459560488
5682.41885432262
5680.98310991113
5679.54736237169
5678.11161170555
5676.67585791398
5675.24010099824
5673.80434095959
5672.36857779932
5670.93281151868
5669.49704211895
5668.0612696014
5666.62549396731
5665.18971521795
5663.7539333546
5662.31814837854
5660.88236029104
5659.4465690934
5658.0107747869
5656.57497737281
5655.13917685243
5653.70337322705
5652.26756649795
5650.83175666643
5649.39594373377
5647.96012770128
5646.52430857025
5645.08848634198
5643.65266101776
5642.2168325989
5640.78100108669
5639.34516648245
5637.90932878747
5636.47348800307
5635.03764413055
5633.60179717122
5632.16594712639
5630.73009399737
5629.29423778549
5627.85837849204
5626.42251611836
5624.98665066576
5623.55078213556
5622.11491052908
5620.67903584765
5619.24315809258
5617.80727726521
5616.37139336687
5614.93550639888
5613.49961636257
5612.06372325928
5610.62782709034
5609.19192785708
5607.75602556085
5606.32012020298
5604.8842117848
5603.44830030767
5602.01238577292
5600.57646818191
5599.14054753596
5597.70462383644
5596.26869708469
5594.83276728206
5593.3968344299
5591.96089852957
5590.52495958243
5589.08901758981
5587.6530725531
5586.21712447364
5584.7811733528
5583.34521919193
5581.90926199241
5580.47330175559
5579.03733848285
5577.60137217556
5576.16540283507
5574.72943046277
5573.29345506003
5571.85747662822
5570.42149516872
5568.9855106829
5567.54952317214
5566.11353263783
5564.67753908135
5563.24154250407
5561.80554290739
5560.36954029269
5558.93353466136
5557.49752601478
5556.06151435436
5554.62549968147
5553.18948199752
5551.7534613039
5550.317437602
5548.88141089323
5547.44538117899
5546.00934846067
5544.57331273967
5543.13727401741
5541.70123229529
5540.26518757472
5538.8291398571
5537.39308914384
5535.95703543636
5534.52097873606
5533.08491904437
5531.6488563627
5530.21279069247
5528.77672203509
5527.34065039199
5525.90457576459
5524.46849815431
5523.03241756258
5521.59633399082
5520.16024744046
5518.72415791293
5517.28806540966
5515.85196993209
5514.41587148164
5512.97977005975
5511.54366566787
5510.10755830742
5508.67144797985
5507.2353346866
5505.79921842911
5504.36309920882
5502.92697702719
5501.49085188565
5500.05472378566
5498.61859272866
5497.18245871611
5495.74632174946
5494.31018183017
5492.87403895968
5491.43789313947
5490.00174437098
5488.56559265567
5487.12943799502
5485.69328039048
5484.25711984351
5482.82095635558
5481.38478992817
5479.94862056273
5478.51244826075
5477.07627302368
5475.64009485301
5474.20391375021
5472.76772971675
5471.33154275412
5469.89535286378
5468.45916004723
5467.02296430595
5465.58676564142
5464.15056405512
5462.71435954854
5461.27815212317
5459.84194178049
5458.40572852201
5456.9695123492
5455.53329326357
5454.09707126661
5452.66084635981
5451.22461854468
5449.78838782272
5448.35215419542
5446.91591766428
5445.47967823082
5444.04343589653
5442.60719066293
5441.17094253152
5439.73469150381
5438.29843758131
5436.86218076554
5435.42592105801
5433.98965846023
5432.55339297372
5431.11712460001
5429.6808533406
5428.24457919702
5426.8083021708
5425.37202226345
5423.93573947651
5422.49945381149
5421.06316526994
5419.62687385337
5418.19057956332
5416.75428240133
5415.31798236892
5413.88167946763
5412.44537369901
5411.00906506458
5409.57275356588
5408.13643920447
5406.70012198188
5405.26380189965
5403.82747895934
5402.39115316248
5400.95482451063
5399.51849300534
5398.08215864816
5396.64582144063
5395.20948138433
5393.77313848079
5392.33679273158
5390.90044413826
5389.46409270238
5388.02773842552
5386.59138130922
5385.15502135506
5383.71865856459
5382.2822929394
5380.84592448104
5379.40955319109
5377.97317907112
5376.53680212269
5375.10042234739
5373.66403974679
5372.22765432247
5370.791266076
5369.35487500896
5367.91848112294
5366.48208441953
5365.04568490029
5363.60928256682
5362.17287742071
5360.73646946354
5359.30005869691
5357.8636451224
5356.42722874161
5354.99080955612
5353.55438756755
5352.11796277748
5350.68153518751
5349.24510479924
5347.80867161428
5346.37223563422
5344.93579686067
5343.49935529523
5342.06291093951
5340.62646379513
5339.19001386368
5337.75356114678
5336.31710564604
5334.88064736308
5333.44418629951
5332.00772245695
5330.57125583701
5329.13478644131
5327.69831427149
5326.26183932914
5324.82536161591
5323.38888113342
5321.95239788328
5320.51591186714
5319.07942308662
5317.64293154334
5316.20643723895
5314.76994017507
5313.33344035335
5311.8969377754
5310.46043244289
5309.02392435743
5307.58741352068
5306.15089993427
5304.71438359985
5303.27786451906
5301.84134269355
5300.40481812496
5298.96829081495
5297.53176076516
5296.09522797725
5294.65869245286
5293.22215419366
5291.7856132013
5290.34906947743
5288.91252302372
5287.47597384182
5286.03942193339
5284.60286730011
5283.16630994362
5281.7297498656
5280.29318706771
5278.85662155163
5277.42005331901
5275.98348237154
5274.54690871088
5273.11033233871
5271.6737532567
5270.23717146654
5268.80058696988
5267.36399976843
5265.92740986385
5264.49081725783
5263.05422195205
5261.6176239482
5260.18102324796
5258.74441985303
5257.30781376508
5255.87120498581
5254.43459351691
5252.99797936008
5251.561362517
5250.12474298938
5248.68812077891
5247.25149588728
5245.81486831621
5244.37823806739
5242.94160514252
5241.5049695433
5240.06833127145
5238.63169032867
5237.19504671666
5235.75840043714
5234.32175149182
5232.8850998824
5231.44844561061
5230.01178867816
5228.57512908675
5227.13846683812
5225.70180193398
5224.26513437605
5222.82846416605
5221.39179130571
5219.95511579675
5218.51843764089
5217.08175683986
5215.6450733954
5214.20838730922
5212.77169858307
5211.33500721867
5209.89831321776
5208.46161658207
5207.02491731335
5205.58821541332
5204.15151088372
5202.71480372631
5201.27809394282
5199.84138153499
5198.40466650457
5196.9679488533
5195.53122858294
5194.09450569523
5192.65778019191
5191.22105207475
5189.7843213455
5188.3475880059
5186.91085205772
5185.47411350271
5184.03737234263
5182.60062857924
5181.16388221431
5179.72713324958
5178.29038168683
5176.85362752783
5175.41687077433
5173.9801114281
5172.54334949092
5171.10658496456
5169.66981785078
5168.23304815137
5166.79627586808
5165.35950100271
5163.92272355702
5162.4859435328
5161.04916093183
5159.61237575588
5158.17558800673
5156.73879768618
5155.30200479601
5153.865209338
5152.42841131394
5150.99161072563
5149.55480757484
5148.11800186338
5146.68119359303
5145.2443827656
5143.80756938287
5142.37075344664
5140.93393495871
5139.49711392089
5138.06029033497
5136.62346420275
5135.18663552604
5133.74980430665
5132.31297054637
5130.87613424703
5129.43929541042
5128.00245403835
5126.56561013265
5125.12876369512
5123.69191472757
5122.25506323183
5120.8182092097
5119.38135266302
5117.94449359359
5116.50763200323
5115.07076789378
5113.63390126705
5112.19703212487
5110.76016046907
5109.32328630146
5107.88640962389
5106.44953043818
5105.01264874616
5103.57576454967
5102.13887785054
5100.70198865061
5099.2650969517
5097.82820275567
5096.39130606435
5094.95440687957
5093.51750520319
5092.08060103705
5090.64369438299
5089.20678524285
5087.76987361849
5086.33295951175
5084.89604292448
5083.45912385853
5082.02220231576
5080.58527829802
5079.14835180717
5077.71142284505
5076.27449141354
5074.83755751448
5073.40062114974
5071.96368232119
5070.52674103067
5069.08979728006
5067.65285107123
5066.21590240603
5064.77895128635
5063.34199771404
5061.90504169098
5060.46808321903
5059.03112230009
5057.59415893601
5056.15719312867
5054.72022487996
5053.28325419174
5051.84628106591
5050.40930550434
5048.97232750891
5047.53534708151
5046.09836422401
5044.66137893832
5043.22439122632
5041.78740108989
5040.35040853092
5038.91341355131
5037.47641615295
5036.03941633774
5034.60241410756
5033.16540946432
5031.72840240992
5030.29139294624
5028.8543810752
5027.4173667987
5025.98035011863
5024.5433310369
5023.10630955543
5021.66928567611
5020.23225940085
5018.79523073156
5017.35819967016
5015.92116621856
5014.48413037866
5013.04709215239
5011.61005154166
5010.17300854838
5008.73596317448
5007.29891542187
5005.86186529249
5004.42481278823
5002.98775791105
5001.55070066285
5000.11364104556
4998.67657906111
4997.23951471143
4995.80244799845
4994.36537892411
4992.92830749032
4991.49123369903
4990.05415755218
4988.61707905169
4987.17999819951
4985.74291499757
4984.30582944782
4982.86874155219
4981.43165131263
4979.99455873109
4978.5574638095
4977.12036654982
4975.683266954
4974.24616502397
4972.80906076169
4971.37195416912
4969.9348452482
4968.4977340009
4967.06062042916
4965.62350453494
4964.1863863202
4962.7492657869
4961.31214293701
4959.87501777247
4958.43789029525
4957.00076050733
4955.56362841066
4954.12649400721
4952.68935729894
4951.25221828784
4949.81507697586
4948.37793336498
4946.94078745718
4945.50363925442
4944.06648875869
4942.62933597195
4941.19218089619
4939.75502353339
4938.31786388552
4936.88070195458
4935.44353774253
4934.00637125137
4932.56920248309
4931.13203143966
4929.69485812307
4928.25768253533
4926.82050467841
4925.3833245543
4923.94614216501
4922.50895751252
4921.07177059883
4919.63458142594
4918.19738999584
4916.76019631054
4915.32300037204
4913.88580218233
4912.44860174341
4911.01139905731
4909.57419412601
4908.13698695152
4906.69977753586
4905.26256588104
4903.82535198905
4902.38813586193
4900.95091750166
4899.51369691028
4898.0764740898
4896.63924904223
4895.20202176959
4893.7647922739
4892.32756055719
4890.89032662146
4889.45309046875
4888.01585210108
4886.57861152047
4885.14136872895
4883.70412372855
4882.2668765213
4880.82962710923
4879.39237549436
4877.95512167873
4876.51786566438
4875.08060745334
4873.64334704765
4872.20608444933
4870.76881966044
4869.33155268302
4867.89428351909
4866.45701217072
4865.01973863993
4863.58246292877
4862.1451850393
4860.70790497355
4859.27062273358
4857.83333832144
4856.39605173917
4854.95876298883
4853.52147207247
4852.08417899215
4850.64688374992
4849.20958634785
4847.77228678798
4846.33498507237
4844.8976812031
4843.46037518222
4842.02306701178
4840.58575669387
4839.14844423054
4837.71112962386
4836.27381287589
4834.83649398871
4833.39917296439
4831.961849805
4830.52452451261
4829.0871970893
4827.64986753713
4826.2125358582
4824.77520205456
4823.33786612832
4821.90052808153
4820.46318791629
4819.02584563468
4817.58850123878
4816.15115473067
4814.71380611245
4813.27645538619
4811.839102554
4810.40174761795
4808.96439058014
4807.52703144266
4806.0896702076
4804.65230687706
4803.21494145313
4801.77757393792
4800.34020433352
4798.90283264202
4797.46545886553
4796.02808300615
4794.59070506598
4793.15332504713
4791.71594295171
4790.27855878181
4788.84117253955
4787.40378422703
4785.96639384637
4784.52900139968
4783.09160688906
4781.65421031664
4780.21681168453
4778.77941099483
4777.34200824968
4775.90460345119
4774.46719660147
4773.02978770266
4771.59237675686
4770.15496376621
4768.71754873283
4767.28013165884
4765.84271254637
4764.40529139755
4762.96786821451
4761.53044299938
4760.09301575428
4758.65558648136
4757.21815518274
4755.78072186056
4754.34328651696
4752.90584915407
4751.46840977403
4750.03096837898
4748.59352497107
4747.15607955243
4745.71863212521
4744.28118269155
4742.8437312536
4741.40627781351
4739.96882237341
4738.53136493547
4737.09390550183
4735.65644407464
4734.21898065605
4732.78151524823
4731.34404785332
4729.90657847348
4728.46910711086
4727.03163376764
4725.59415844595
4724.15668114798
4722.71920187587
4721.28172063179
4719.84423741791
4718.40675223639
4716.9692650894
4715.5317759791
4714.09428490767
4712.65679187727
4711.21929689008
4709.78179994826
4708.34430105399
4706.90680020945
4705.46929741682
4704.03179267826
4702.59428599596
4701.1567773721
4699.71926680885
4698.2817543084
4696.84423987294
4695.40672350464
4693.96920520569
4692.53168497827
4691.09416282458
4689.65663874681
4688.21911274714
4686.78158482776
4685.34405499087
4683.90652323865
4682.46898957331
4681.03145399704
4679.59391651204
4678.1563771205
4676.71883582462
4675.2812926266
4673.84374752865
4672.40620053296
4670.96865164175
4669.53110085721
4668.09354818155
4666.65599361697
4665.2184371657
4663.78087882992
4662.34331861187
4660.90575651374
4659.46819253775
4658.03062668611
4656.59305896104
4655.15548936476
4653.71791789947
4652.28034456741
4650.84276937079
4649.40519231183
4647.96761339275
4646.53003261578
4645.09244998314
4643.65486549705
4642.21727915974
4640.77969097344
4639.34210094038
4637.90450906279
4636.46691534289
4635.02931978293
4633.59172238513
4632.15412315172
4630.71652208495
4629.27891918705
4627.84131446026
4626.40370790681
4624.96609952895
4623.52848932892
4622.09087730895
4620.6532634713
4619.21564781821
4617.77803035191
4616.34041107467
4614.90278998873
4613.46516709633
4612.02754239973
4610.58991590118
4609.15228760293
4607.71465750723
4606.27702561633
4604.83939193251
4603.401756458
4601.96411919507
4600.52648014598
4599.08883931299
4597.65119669836
4596.21355230435
4594.77590613322
4593.33825818725
4591.90060846869
4590.46295697981
4589.02530372288
4587.58764870017
4586.14999191395
4584.7123333665
4583.27467306007
4581.83701099696
4580.39934717942
4578.96168160975
4577.52401429021
4576.08634522308
4574.64867441064
4573.21100185517
4571.77332755896
4570.33565152428
4568.89797375342
4567.46029424867
4566.0226130123
4564.58493004661
4563.14724535389
4561.70955893642
4560.27187079649
4558.8341809364
4557.39648935843
4555.95879606489
4554.52110105806
4553.08340434024
4551.64570591372
4550.20800578082
4548.77030394382
4547.33260040502
4545.89489516673
4544.45718823124
4543.01947960087
4541.58176927791
4540.14405726468
4538.70634356347
4537.2686281766
4535.83091110637
4534.39319235509
4532.95547192509
4531.51774981865
4530.08002603811
4528.64230058578
4527.20457346396
4525.76684467498
4524.32911422116
4522.89138210481
4521.45364832825
4520.0159128938
4518.57817580379
4517.14043706054
4515.70269666637
4514.26495462361
4512.82721093458
4511.38946560162
4509.95171862704
4508.51397001318
4507.07621976237
4505.63846787694
4504.20071435923
4502.76295921156
4501.32520243628
4499.88744403571
4498.4496840122
4497.01192236809
4495.5741591057
4494.13639422739
4492.6986277355
4491.26085963236
4489.82308992032
4488.38531860173
4486.94754567892
4485.50977115426
4484.07199503008
4482.63421730873
4481.19643799257
4479.75865708394
4478.3208745852
4476.8830904987
4475.44530482679
4474.00751757184
4472.56972873619
4471.1319383222
4469.69414633223
4468.25635276865
4466.81855763381
4465.38076093007
4463.9429626598
4462.50516282536
4461.06736142911
4459.62955847342
4458.19175396067
4456.75394789321
4455.31614027341
4453.87833110365
4452.4405203863
4451.00270812372
4449.5648943183
4448.1270789724
4446.68926208841
4445.2514436687
4443.81362371564
4442.37580223161
4440.93797921901
4439.50015468019
4438.06232861756
4436.62450103348
4435.18667193035
4433.74884131054
4432.31100917646
4430.87317553047
4429.43534037497
4427.99750371236
4426.55966554501
4425.12182587532
4423.68398470569
4422.2461420385
4420.80829787616
4419.37045222105
4417.93260507557
4416.49475644212
4415.05690632311
4413.61905472092
4412.18120163796
4410.74334707663
4409.30549103933
4407.86763352847
4406.42977454646
4404.99191409569
4403.55405217858
4402.11618879753
4400.67832395495
4399.24045765326
4397.80258989486
4396.36472068216
4394.92685001759
4393.48897790354
4392.05110434245
4390.61322933671
4389.17535288876
4387.73747500101
4386.29959567588
4384.86171491579
4383.42383272316
4381.98594910041
4380.54806404997
4379.11017757426
4377.67228967571
4376.23440035674
4374.79650961979
4373.35861746727
4371.92072390162
4370.48282892528
4369.04493254066
4367.60703475021
4366.16913555636
4364.73123496154
4363.29333296819
4361.85542957875
4360.41752479565
4358.97961862133
4357.54171105824
4356.10380210881
4354.66589177548
4353.2279800607
4351.79006696692
4350.35215249657
4348.91423665211
4347.47631943598
4346.03840085062
4344.6004808985
4343.16255958205
4341.72463690373
4340.28671286599
4338.84878747128
4337.41086072206
4335.97293262079
4334.53500316992
4333.0970723719
4331.6591402292
4330.22120674427
4328.78327191957
4327.34533575758
4325.90739826074
4324.46945943152
4323.03151927238
4321.5935777858
4320.15563497423
4318.71769084015
4317.27974538602
4315.84179861431
4314.4038505275
4312.96590112804
4311.52795041843
4310.08999840112
4308.65204507859
4307.21409045333
4305.7761345278
4304.33817730448
4302.90021878585
4301.46225897439
4300.02429787258
4298.5863354829
4297.14837180783
4295.71040684987
4294.27244061148
4292.83447309516
4291.39650430339
4289.95853423866
4288.52056290346
4287.08259030028
4285.64461643161
4284.20664129993
4282.76866490775
4281.33068725755
4279.89270835183
4278.45472819308
4277.0167467838
4275.57876412649
4274.14078022365
4272.70279507777
4271.26480869135
4269.8268210669
4268.38883220692
4266.95084211391
4265.51285079037
4264.07485823882
4262.63686446175
4261.19886946167
4259.7608732411
4258.32287580253
4256.88487714849
4255.44687728148
4254.00887620401
4252.57087391859
4251.13287042775
4249.69486573399
4248.25685983984
4246.8188527478
4245.38084446039
4243.94283498014
4242.50482430957
4241.06681245118
4239.62879940752
4238.19078518109
4236.75276977443
4235.31475319005
4233.87673543049
4232.43871649827
4231.00069639591
4229.56267512595
4228.12465269092
4226.68662909334
4225.24860433574
4223.81057842067
4222.37255135065
4220.93452312822
4219.4964937559
4218.05846323625
4216.62043157179
4215.18239876507
4213.74436481862
4212.30632973498
4210.8682935167
4209.43025616631
4207.99221768636
4206.5541780794
4205.11613734796
4203.6780954946
4202.24005252186
4200.80200843229
4199.36396322843
4197.92591691285
4196.48786948807
4195.04982095667
4193.61177132119
4192.17372058419
4190.73566874822
4189.29761581583
4187.85956178958
4186.42150667203
4184.98345046574
4183.54539317327
4182.10733479717
4180.66927534001
4179.23121480436
4177.79315319276
4176.35509050779
4174.91702675202
4173.478961928
4172.0408960383
4170.6028290855
4169.16476107216
4167.72669200085
4166.28862187415
4164.85055069461
4163.41247846482
4161.97440518735
4160.53633086478
4159.09825549967
4157.66017909461
4156.22210165217
4154.78402317493
4153.34594366547
4151.90786312637
4150.46978156021
4149.03169896957
4147.59361535704
4146.15553072519
4144.71744507663
4143.27935841391
4141.84127073965
4140.40318205642
4138.96509236681
4137.52700167341
4136.08890997882
4134.65081728561
4133.21272359639
4131.77462891375
4130.33653324029
4128.89843657858
4127.46033893125
4126.02224030087
4124.58414069005
4123.14604010138
4121.70793853747
4120.26983600092
4118.83173249433
4117.39362802029
4115.95552258142
4114.51741618032
4113.07930881959
4111.64120050183
4110.20309122967
4108.7649810057
4107.32686983253
4105.88875771277
4104.45064464903
4103.01253064393
4101.57441570008
4100.13629982009
4098.69818300657
4097.26006526215
4095.82194658943
4094.38382699103
4092.94570646957
4091.50758502768
4090.06946266796
4088.63133939305
4087.19321520556
4085.75509010811
4084.31696410333
4082.87883719384
4081.44070938228
4080.00258067126
4078.56445106341
4077.12632056135
4075.68818916773
4074.25005688517
4072.81192371629
4071.37378966374
4069.93565473014
4068.49751891812
4067.05938223033
4065.62124466939
4064.18310623795
4062.74496693863
4061.30682677408
4059.86868574694
4058.43054385985
4056.99240111544
4055.55425751636
4054.11611306525
4052.67796776476
4051.23982161752
4049.80167462619
4048.36352679341
4046.92537812182
4045.48722861408
4044.04907827284
4042.61092710073
4041.17277510042
4039.73462227456
4038.29646862579
4036.85831415677
4035.42015887016
4033.98200276861
4032.54384585477
4031.1056881313
4029.66752960086
4028.22937026612
4026.79121012972
4025.35304919433
4023.9148874626
4022.47672493721
4021.03856162082
4019.60039751608
4018.16223262566
4016.72406695224
4015.28590049847
4013.84773326702
4012.40956526056
4010.97139648176
4009.5332269333
4008.09505661783
4006.65688553804
4005.21871369659
4003.78054109616
4002.34236773942
4000.90419362906
3999.46601876774
3998.02784315814
3996.58966680294
3995.15148970481
3993.71331186645
3992.27513329053
3990.83695397973
3989.39877393673
3987.96059316421
3986.52241166487
3985.08422944138
3983.64604649643
3982.20786283271
3980.7696784529
3979.3314933597
3977.89330755579
3976.45512104386
3975.0169338266
3973.57874590671
3972.14055728688
3970.7023679698
3969.26417795817
3967.82598725468
3966.38779586202
3964.9496037829
3963.51141102002
3962.07321757606
3960.63502345374
3959.19682865575
3957.75863318479
3956.32043704356
3954.88224023478
3953.44404276113
3952.00584462534
3950.56764583009
3949.12944637811
3947.69124627209
3946.25304551474
3944.81484410878
3943.37664205691
3941.93843936185
3940.5002360263
3939.06203205298
3937.6238274446
3936.18562220388
3934.74741633353
3933.30920983626
3931.8710027148
3930.43279497186
3928.99458661016
3927.55637763242
3926.11816804135
3924.67995783969
3923.24174703014
3921.80353561544
3920.36532359831
3918.92711098147
3917.48889776765
3916.05068395957
3914.61246955996
3913.17425457154
3911.73603899706
3910.29782283922
3908.85960610078
3907.42138878445
3905.98317089297
3904.54495242907
3903.10673339548
3901.66851379495
3900.2302936302
3898.79207290397
3897.35385161899
3895.91562977802
3894.47740738377
3893.039184439
3891.60096094644
3890.16273690884
3888.72451232893
3887.28628720946
3885.84806155318
3884.40983536282
3882.97160864113
3881.53338139086
3880.09515361476
3878.65692531557
3877.21869649604
3875.78046715892
3874.34223730696
3872.90400694292
3871.46577606953
3870.02754468957
3868.58931280577
3867.1510804209
3865.7128475377
3864.27461415894
3862.83638028738
3861.39814592576
3859.95991107685
3858.52167574341
3857.08343992819
3855.64520363396
3854.20696686348
3852.76872961951
3851.33049190482
3849.89225372217
3848.45401507432
3847.01577596405
3845.5775363941
3844.13929636727
3842.7010558863
3841.26281495398
3839.82457357306
3838.38633174633
3836.94808947655
3835.5098467665
3834.07160361894
3832.63336003666
3831.19511602242
3829.756871579
3828.31862670919
3826.88038141574
3825.44213570146
3824.0038895691
3822.56564302145
3821.1273960613
3819.68914869142
3818.25090091459
3816.8126527336
3815.37440415124
3813.93615517027
3812.4979057935
3811.0596560237
3809.62140586367
3808.18315531618
3806.74490438404
3805.30665307002
3803.86840137692
3802.43014930753
3800.99189686463
3799.55364405103
3798.11539086952
3796.67713732288
3795.23888341392
3793.80062914542
3792.36237452019
3790.92411954102
3789.48586421071
3788.04760853206
3786.60935250787
3785.17109614093
3783.73283943406
3782.29458239004
3780.85632501169
3779.41806730181
3777.97980926319
3776.54155089865
3775.10329221099
3773.66503320302
3772.22677387755
3770.78851423737
3769.35025428531
3767.91199402417
3766.47373345676
3765.03547258589
3763.59721141438
3762.15894994504
3760.72068818067
3759.2824261241
3757.84416377814
3756.40590114561
3754.96763822932
3753.52937503209
3752.09111155673
3750.65284780608
3749.21458378294
3747.77631949013
3746.33805493049
3744.89979010682
3743.46152502196
3742.02325967873
3740.58499407994
3739.14672822843
3737.70846212702
3736.27019577854
3734.83192918582
3733.39366235168
3731.95539527895
3730.51712797047
3729.07886042906
3727.64059265755
3726.20232465878
3724.76405643557
3723.32578799077
3721.88751932721
3720.44925044771
3719.01098135513
3717.57271205228
3716.13444254202
3714.69617282718
3713.2579029106
3711.81963279511
3710.38136248356
3708.94309197879
3707.50482128364
3706.06655040096
3704.62827933358
3703.19000808435
3701.75173665612
3700.31346505173
3698.87519327403
3697.43692132586
3695.99864921007
3694.56037692952
3693.12210448705
3691.68383188551
3690.24555912775
3688.80728621662
3687.36901315498
3685.93073994568
3684.49246659157
3683.05419309551
3681.61591946035
3680.17764568895
3678.73937178416
3677.30109774885
3675.86282358587
3674.42454929808
3672.98627488834
3671.54800035951
3670.10972571446
3668.67145095603
3667.23317608711
3665.79490111055
3664.35662602921
3662.91835084596
3661.48007556367
3660.0418001852
3658.60352471341
3657.16524915119
3655.72697350139
3654.28869776689
3652.85042195055
3651.41214605525
3649.97387008385
3648.53559403924
3647.09731792428
3645.65904174185
3644.22076549481
3642.78248918606
3641.34421281846
3639.90593639489
3638.46765991822
3637.02938339134
3635.59110681712
3634.15283019845
3632.7145535382
3631.27627683926
3629.8380001045
3628.39972333681
3626.96144653908
3625.52316971418
3624.08489286501
3622.64661599444
3621.20833910536
3619.77006220066
3618.33178528323
3616.89350835596
3615.45523142173
3614.01695448343
3612.57867754396
3611.1404006062
3609.70212367305
3608.26384674741
3606.82556983215
3605.38729293018
3603.9490160444
3602.51073917769
3601.07246233296
3599.6341855131
3598.195908721
3596.75763195958
3595.31935523171
3593.88107854032
3592.44280188829
3591.00452527852
3589.56624871392
3588.1279721974
3586.68969573185
3585.25141932018
3583.81314296529
3582.37486667008
3580.93659043748
3579.49831427037
3578.06003817167
3576.62176214429
3575.18348619114
3573.74521031512
3572.30693451914
3570.86865880612
3569.43038317897
3567.9921076406
3566.55383219392
3565.11555684185
3563.6772815873
3562.23900643319
3560.80073138243
3559.36245643794
3557.92418160263
3556.48590687943
3555.04763227125
3553.60935778102
3552.17108341164
3550.73280916605
3549.29453504717
3547.85626105791
3546.41798720119
3544.97971347995
3543.54143989711
3542.10316645559
3540.66489315832
3539.22662000821
3537.78834700821
3536.35007416124
3534.91180147022
3533.47352893809
3532.03525656777
3530.59698436219
3529.15871232429
3527.720440457
3526.28216876325
3524.84389724597
3523.40562590809
3521.96735475256
3520.5290837823
3519.09081300025
3517.65254240935
3516.21427201254
3514.77600181275
3513.33773181292
3511.89946201599
3510.4611924249
3509.02292304259
3507.584653872
3506.14638491608
3504.70811617776
3503.26984765999
3501.83157936572
3500.39331129788
3498.95504345942
3497.51677585329
3496.07850848244
3494.64024134981
3493.20197445835
3491.763707811
3490.32544141073
3488.88717526047
3487.44890936318
3486.01064372181
3484.57237833931
3483.13411321863
3481.69584836273
3480.25758377456
3478.81931945707
3477.38105541323
3475.94279164598
3474.50452815828
3473.06626495309
3471.62800203337
3470.18973940207
3468.75147706216
3467.31321501659
3465.87495326833
3464.43669182033
3462.99843067556
3461.56016983698
3460.12190930755
3458.68364909024
3457.24538918801
3455.80712960383
3454.36887034065
3452.93061140145
3451.4923527892
3450.05409450686
3448.6158365574
3447.17757894379
3445.739321669
3444.301064736
3442.86280814775
3441.42455190724
3439.98629601743
3438.54804048129
3437.10978530181
3435.67153048194
3434.23327602468
3432.79502193299
3431.35676820985
3429.91851485823
3428.48026188112
3427.04200928148
3425.60375706231
3424.16550522657
3422.72725377725
3421.28900271734
3419.8507520498
3418.41250177762
3416.97425190378
3415.53600243127
3414.09775336308
3412.65950470217
3411.22125645155
3409.78300861419
3408.34476119308
3406.90651419121
3405.46826761156
3404.03002145713
3402.5917757309
3401.15353043586
3399.715285575
3398.27704115131
3396.83879716778
3395.40055362741
3393.96231053318
3392.5240678881
3391.08582569515
3389.64758395732
3388.20934267762
3386.77110185903
3385.33286150456
3383.8946216172
3382.45638219995
3381.0181432558
3379.57990478776
3378.14166679883
3376.703429292
3375.26519227027
3373.82695573664
3372.38871969413
3370.95048414572
3369.51224909443
3368.07401454325
3366.6357804952
3365.19754695326
3363.75931392046
3362.3210813998
3360.88284939427
3359.4446179069
3358.00638694069
3356.56815649864
3355.12992658377
3353.69169719908
3352.25346834759
3350.81524003231
3349.37701225624
3347.9387850224
3346.50055833381
3345.06233219347
3343.6241066044
3342.18588156962
3340.74765709213
3339.30943317496
3337.87120982113
3336.43298703364
3334.99476481551
3333.55654316977
3332.11832209944
3330.68010160752
3329.24188169705
3327.80366237104
3326.36544363252
3324.9272254845
3323.48900793001
3322.05079097206
3320.6125746137
3319.17435885793
3317.73614370778
3316.29792916628
3314.85971523646
3313.42150192133
3311.98328922394
3310.5450771473
3309.10686569444
3307.66865486839
3306.23044467219
3304.79223510886
3303.35402618143
3301.91581789293
3300.4776102464
3299.03940324486
3297.60119689136
3296.16299118892
3294.72478614058
3293.28658174937
3291.84837801833
3290.41017495049
3288.97197254889
3287.53377081658
3286.09556975657
3284.65736937192
3283.21916966566
3281.78097064083
3280.34277230047
3278.90457464762
3277.46637768533
3276.02818141663
3274.58998584457
3273.15179097218
3271.71359680252
3270.27540333862
3268.83721058354
3267.39901854031
3265.96082721198
3264.5226366016
3263.08444671221
3261.64625754687
3260.20806910862
3258.7698814005
3257.33169442557
3255.89350818688
3254.45532268748
3253.01713793041
3251.57895391874
3250.1407706555
3248.70258814376
3247.26440638657
3245.82622538697
3244.38804514803
3242.9498656728
3241.51168696433
3240.07350902568
3238.63533185991
3237.19715547008
3235.75897985923
3234.32080503043
3232.88263098674
3231.44445773122
3230.00628526693
3228.56811359692
3227.12994272426
3225.69177265201
3224.25360338323
3222.81543492098
3221.37726726833
3219.93910042834
3218.50093440407
3217.0627691986
3215.62460481497
3214.18644125627
3212.74827852556
3211.31011662589
3209.87195556035
3208.433795332
3206.99563594391
3205.55747739914
3204.11931970077
3202.68116285187
3201.2430068555
3199.80485171474
3198.36669743266
3196.92854401233
3195.49039145684
3194.05223976923
3192.61408895261
3191.17593901003
3189.73778994457
3188.29964175931
3186.86149445732
3185.42334804169
3183.98520251548
3182.54705788178
3181.10891414367
3179.67077130422
3178.23262936651
3176.79448833362
3175.35634820864
3173.91820899464
3172.4800706947
3171.04193331192
3169.60379684936
3168.16566131011
3166.72752669727
3165.2893930139
3163.8512602631
3162.41312844795
3160.97499757153
3159.53686763694
3158.09873864726
3156.66061060557
3155.22248351497
3153.78435737854
3152.34623219938
3150.90810798056
3149.46998472519
3148.03186243634
3146.59374111712
3145.15562077062
3143.71750139992
3142.27938300812
3140.84126559831
3139.40314917359
3137.96503373704
3136.52691929177
3135.08880584087
3133.65069338743
3132.21258193455
3130.77447148533
3129.33636204287
3127.89825361026
3126.4601461906
3125.02203978699
3123.58393440252
3122.14583004031
3120.70772670344
3119.26962439502
3117.83152311816
3116.39342287594
3114.95532367148
3113.51722550788
3112.07912838824
3110.64103231566
3109.20293729325
3107.76484332411
3106.32675041136
3104.88865855809
3103.45056776741
3102.01247804242
3100.57438938624
3099.13630180198
3097.69821529274
3096.26012986162
3094.82204551175
3093.38396224623
3091.94588006816
3090.50779898067
3089.06971898686
3087.63164008984
3086.19356229273
3084.75548559863
3083.31741001067
3081.87933553195
3080.4412621656
3079.00318991472
3077.56511878243
3076.12704877184
3074.68897988608
3073.25091212826
3071.81284550149
3070.3747800089
3068.93671565359
3067.4986524387
3066.06059036734
3064.62252944263
3063.18446966769
3061.74641104564
3060.3083535796
3058.8702972727
3057.43224212805
3055.99418814878
3054.55613533801
3053.11808369886
3051.68003323446
3050.24198394793
3048.80393584241
3047.365888921
3045.92784318685
3044.48979864307
3043.0517552928
3041.61371313915
3040.17567218526
3038.73763243426
3037.29959388928
3035.86155655343
3034.42352042987
3032.9854855217
3031.54745183208
3030.10941936411
3028.67138812095
3027.23335810572
3025.79532932154
3024.35730177157
3022.91927545892
3021.48125038674
3020.04322655815
3018.6052039763
3017.16718264431
3015.72916256533
3014.29114374249
3012.85312617892
3011.41510987777
3009.97709484217
3008.53908107526
3007.10106858018
3005.66305736007
3004.22504741806
3002.7870387573
3001.34903138093
2999.91102529209
2998.47302049392
2997.03501698956
2995.59701478215
2994.15901387484
2992.72101427077
2991.28301597309
2989.84501898493
2988.40702330945
2986.96902894978
2985.53103590908
2984.09304419048
2982.65505379714
2981.21706473221
2979.77907699882
2978.34109060013
2976.90310553928
2975.46512181943
2974.02713944372
2972.58915841531
2971.15117873734
2969.71320041296
2968.27522344533
2966.83724783759
2965.3992735929
2963.9613007144
2962.52332920526
2961.08535906863
2959.64739030765
2958.20942292549
2956.77145692529
2955.33349231022
2953.89552908342
2952.45756724805
2951.01960680728
2949.58164776425
2948.14369012212
2946.70573388405
2945.26777905321
2943.82982563274
2942.3918736258
2940.95392303556
2939.51597386517
2938.0780261178
2936.6400797966
2935.20213490474
2933.76419144537
2932.32624942167
2930.88830883678
2929.45036969388
2928.01243199613
2926.57449574669
2925.13656094872
2923.69862760539
2922.26069571986
2920.82276529531
2919.38483633489
2917.94690884177
2916.50898281911
2915.07105827009
2913.63313519788
2912.19521360563
2910.75729349652
2909.31937487371
2907.88145774039
2906.4435420997
2905.00562795483
2903.56771530895
2902.12980416522
2900.69189452681
2899.25398639691
2897.81607977868
2896.37817467529
2894.94027108991
2893.50236902572
2892.0644684859
2890.62656947361
2889.18867199203
2887.75077604434
2886.31288163371
2884.87498876331
2883.43709743633
2881.99920765594
2880.56131942531
2879.12343274762
2877.68554762606
2876.2476640638
2874.80978206401
2873.37190162988
2871.93402276459
2870.49614547131
2869.05826975323
2867.62039561352
2866.18252305537
2864.74465208196
2863.30678269648
2861.86891490209
2860.43104870199
2858.99318409935
2857.55532109737
2856.11745969922
2854.67959990809
2853.24174172717
2851.80388515964
2850.36603020867
2848.92817687747
2847.49032516922
2846.05247508709
2844.61462663429
2843.17677981399
2841.73893462939
2840.30109108367
2838.86324918002
2837.42540892163
2835.98757031169
2834.54973335339
2833.11189804992
2831.67406440447
2830.23623242022
2828.79840210038
2827.36057344813
2825.92274646667
2824.48492115918
2823.04709752886
2821.6092755789
2820.17145531251
2818.73363673286
2817.29581984315
2815.85800464659
2814.42019114636
2812.98237934566
2811.54456924768
2810.10676085562
2808.66895417269
2807.23114920207
2805.79334594696
2804.35554441056
2802.91774459606
2801.47994650668
2800.0421501456
2798.60435551602
2797.16656262115
2795.72877146418
2794.29098204831
2792.85319437675
2791.4154084527
2789.97762427935
2788.53984185991
2787.10206119758
2785.66428229557
2784.22650515707
2782.78872978529
2781.35095618343
2779.9131843547
2778.4754143023
2777.03764602944
2775.59987953932
2774.16211483515
2772.72435192012
2771.28659079746
2769.84883147036
2768.41107394203
2766.97331821568
2765.53556429452
2764.09781218175
2762.66006188058
2761.22231339423
2759.7845667259
2758.34682187879
2756.90907885613
2755.47133766111
2754.03359829695
2752.59586076687
2751.15812507406
2749.72039122175
2748.28265921315
2746.84492905146
2745.4072007399
2743.96947428169
2742.53174968003
2741.09402693814
2739.65630605923
2738.21858704652
2736.78086990323
2735.34315463256
2733.90544123773
2732.46772972196
2731.03002008847
2729.59231234046
2728.15460648117
2726.71690251379
2725.27920044156
2723.84150026769
2722.4038019954
2720.9661056279
2719.52841116842
2718.09071862017
2716.65302798638
2715.21533927025
2713.77765247502
2712.33996760391
2710.90228466012
2709.4646036469
2708.02692456745
2706.58924742499
2705.15157222276
2703.71389896397
2702.27622765185
2700.83855828962
2699.40089088049
2697.96322542771
2696.52556193448
2695.08790040404
2693.65024083961
2692.21258324441
2690.77492762168
2689.33727397462
2687.89962230648
2686.46197262048
2685.02432491984
2683.5866792078
2682.14903548757
2680.71139376239
2679.27375403548
2677.83611631008
2676.39848058941
2674.9608468767
2673.52321517518
2672.08558548807
2670.64795781862
2669.21033217005
2667.77270854559
2666.33508694846
2664.89746738191
2663.45984984917
2662.02223435346
2660.58462089801
2659.14700948607
2657.70940012086
2656.27179280562
2654.83418754357
2653.39658433796
2651.95898319201
2650.52138410897
2649.08378709206
2647.64619214452
2646.20859926959
2644.7710084705
2643.33341975049
2641.89583311279
2640.45824856064
2639.02066609727
2637.58308572594
2636.14550744986
2634.70793127228
2633.27035719644
2631.83278522557
2630.39521536292
2628.95764761172
2627.52008197521
2626.08251845663
2624.64495705922
2623.20739778623
2621.76984064088
2620.33228562643
2618.89473274611
2617.45718200317
2616.01963340084
2614.58208694237
2613.144542631
2611.70700046997
2610.26946046252
2608.83192261191
2607.39438692136
2605.95685339414
2604.51932203347
2603.0817928426
2601.64426582478
2600.20674098325
2598.76921832126
2597.33169784206
2595.89417954888
2594.45666344497
2593.01914953359
2591.58163781797
2590.14412830137
2588.70662098703
2587.26911587819
2585.83161297812
2584.39411229004
2582.95661381722
2581.5191175629
2580.08162353032
2578.64413172275
2577.20664214342
2575.76915479559
2574.3316696825
2572.89418680741
2571.45670617357
2570.01922778423
2568.58175164264
2567.14427775204
2565.7068061157
2564.26933673686
2562.83186961878
2561.3944047647
2559.95694217789
2558.51948186159
2557.08202381905
2555.64456805354
2554.20711456829
2552.76966336658
2551.33221445165
2549.89476782675
2548.45732349514
2547.01988146008
2545.58244172482
2544.14500429261
2542.70756916672
2541.2701363504
2539.8327058469
2538.39527765948
2536.9578517914
2535.52042824592
2534.08300702628
2532.64558813576
2531.20817157761
2529.77075735508
2528.33334547144
2526.89593592994
2525.45852873384
2524.0211238864
2522.58372139089
2521.14632125055
2519.70892346866
2518.27152804846
2516.83413499323
2515.39674430621
2513.95935599068
2512.5219700499
2511.08458648711
2509.6472053056
2508.20982650861
2506.77245009942
2505.33507608128
2503.89770445745
2502.4603352312
2501.0229684058
2499.5856039845
2498.14824197057
2496.71088236727
2495.27352517787
2493.83617040563
2492.39881805382
2490.9614681257
2489.52412062453
2488.08677555359
2486.64943291613
2485.21209271543
2483.77475495474
2482.33741963734
2480.9000867665
2479.46275634547
2478.02542837752
2476.58810286593
2475.15077981396
2473.71345922488
2472.27614110196
2470.83882544845
2469.40151226764
2467.9642015628
2466.52689333718
2465.08958759406
2463.65228433671
2462.2149835684
2460.77768529239
2459.34038951197
2457.90309623039
2456.46580545093
2455.02851717686
2453.59123141145
2452.15394815797
2450.7166674197
2449.2793891999
2447.84211350184
2446.40484032881
2444.96756968406
2443.53030157088
2442.09303599253
2440.6557729523
2439.21851245344
2437.78125449924
2436.34399909297
2434.9067462379
2433.4694959373
2432.03224819446
2430.59500301265
2429.15776039513
2427.72052034519
2426.2832828661
2424.84604796113
2423.40881563356
2421.97158588667
2420.53435872374
2419.09713414803
2417.65991216282
2416.2226927714
2414.78547597704
2413.34826178301
2411.91105019259
2410.47384120907
2409.03663483571
2407.5994310758
2406.1622299326
2404.72503140942
2403.28783550951
2401.85064223616
2400.41345159264
2398.97626358225
2397.53907820824
2396.10189547392
2394.66471538255
2393.22753793741
2391.79036314179
2390.35319099896
2388.91602151221
2387.47885468481
2386.04169052005
2384.60452902121
2383.16737019156
2381.7302140344
2380.293060553
2378.85590975064
2377.41876163061
2375.98161619619
2374.54447345065
2373.10733339729
2371.67019603938
2370.23306138022
2368.79592942307
2367.35880017123
2365.92167362798
2364.4845497966
2363.04742868037
2361.61031028259
2360.17319460653
2358.73608165548
2357.29897143272
2355.86186394154
2354.42475918522
2352.98765716705
2351.55055789032
2350.1134613583
2348.67636757429
2347.23927654157
2345.80218826342
2344.36510274314
2342.92801998401
2341.49093998931
2340.05386276234
2338.61678830637
2337.17971662471
2335.74264772062
2334.30558159741
2332.86851825836
2331.43145770676
2329.99439994589
2328.55734497904
2327.1202928095
2325.68324344057
2324.24619687552
2322.80915311765
2321.37211217025
2319.9350740366
2318.49803872
2317.06100622373
2315.62397655109
2314.18694970536
2312.74992568984
2311.31290450781
2309.87588616256
2308.43887065739
2307.00185799559
2305.56484818044
2304.12784121524
2302.69083710327
2301.25383584784
2299.81683745223
2298.37984191973
2296.94284925364
2295.50585945724
2294.06887253384
2292.63188848671
2291.19490731916
2289.75792903447
2288.32095363594
2286.88398112687
2285.44701151053
2284.01004479024
2282.57308096928
2281.13612005094
2279.69916203852
2278.26220693531
2276.82525474461
2275.38830546971
2273.9513591139
2272.51441568048
2271.07747517275
2269.64053759399
2268.2036029475
2266.76667123658
2265.32974246453
2263.89281663463
2262.45589375019
2261.01897381449
2259.58205683084
2258.14514280253
2256.70823173285
2255.27132362511
2253.8344184826
2252.39751630861
2250.96061710644
2249.52372087939
2248.08682763075
2246.64993736383
2245.21305008192
2243.77616578831
2242.3392844863
2240.90240617919
2239.46553087029
2238.02865856288
2236.59178926026
2235.15492296573
2233.7180596826
2232.28119941415
2230.84434216369
2229.40748793451
2227.97063672992
2226.5337885532
2225.09694340768
2223.66010129663
2222.22326222336
2220.78642619116
2219.34959320335
2217.91276326322
2216.47593637406
2215.03911253917
2213.60229176187
2212.16547404544
2210.72865939319
2209.29184780842
2207.85503929442
2206.4182338545
2204.98143149196
2203.5446322101
2202.10783601222
2200.67104290162
2199.2342528816
2197.79746595546
2196.36068212651
2194.92390139805
2193.48712377337
2192.05034925578
2190.61357784858
2189.17680955508
2187.74004437857
2186.30328232235
2184.86652338974
2183.42976758403
2181.99301490852
2180.55626536651
2179.11951896131
2177.68277569623
2176.24603557456
2174.80929859961
2173.37256477467
2171.93583410306
2170.49910658808
2169.06238223303
2167.62566104121
2166.18894301592
2164.75222816048
2163.31551647818
2161.87880797233
2160.44210264624
2159.00540050319
2157.56870154651
2156.13200577949
2154.69531320545
2153.25862382767
2151.82193764947
2150.38525467416
2148.94857490503
2147.51189834539
2146.07522499855
2144.63855486782
2143.20188795649
2141.76522426787
2140.32856380527
2138.89190657199
2137.45525257134
2136.01860180662
2134.58195428114
2133.14530999821
2131.70866896113
2130.27203117321
2128.83539663774
2127.39876535805
2125.96213733743
2124.5255125792
2123.08889108665
2121.65227286309
2120.21565791184
2118.77904623619
2117.34243783945
2115.90583272494
2114.46923089595
2113.03263235579
2111.59603710778
2110.15944515521
2108.7228565014
2107.28627114965
2105.84968910327
2104.41311036557
2102.97653493985
2101.53996282943
2100.1033940376
2098.66682856768
2097.23026642297
2095.79370760678
2094.35715212243
2092.92059997321
2091.48405116244
2090.04750569342
2088.61096356947
2087.17442479388
2085.73788936997
2084.30135730105
2082.86482859043
2081.42830324141
2079.9917812573
2078.55526264141
2077.11874739705
2075.68223552753
2074.24572703615
2072.80922192623
2071.37272020108
2069.93622186399
2068.49972691829
2067.06323536729
2065.62674721428
2064.19026246258
2062.7537811155
2061.31730317635
2059.88082864844
2058.44435753507
2057.00788983956
2055.57142556521
2054.13496471534
2052.69850729326
2051.26205330227
2049.82560274569
2048.38915562681
2046.95271194897
2045.51627171545
2044.07983492958
2042.64340159467
2041.20697171402
2039.77054529094
2038.33412232874
2036.89770283074
2035.46128680024
2034.02487424056
2032.588465155
2031.15205954688
2029.7156574195
2028.27925877618
2026.84286362023
2025.40647195495
2023.97008378366
2022.53369910966
2021.09731793628
2019.66094026681
2018.22456610458
2016.78819545288
2015.35182831504
2013.91546469435
2012.47910459414
2011.04274801772
2009.60639496839
2008.17004544946
2006.73369946425
2005.29735701607
2003.86101810823
2002.42468274403
2000.9883509268
1999.55202265984
1998.11569794646
1996.67937678998
1995.2430591937
1993.80674516093
1992.370434695
1990.9341277992
1989.49782447686
1988.06152473128
1986.62522856577
1985.18893598364
1983.75264698821
1982.31636158279
1980.88007977068
1979.44380155521
1978.00752693968
1976.5712559274
1975.13498852168
1973.69872472584
1972.26246454319
1970.82620797704
1969.3899550307
1967.95370570749
1966.5174600107
1965.08121794367
1963.64497950969
1962.20874471208
1960.77251355415
1959.33628603921
1957.90006217058
1956.46384195156
1955.02762538547
1953.59141247562
1952.15520322532
1950.71899763789
1949.28279571663
1947.84659746485
1946.41040288588
1944.97421198301
1943.53802475957
1942.10184121886
1940.66566136419
1939.22948519889
1937.79331272625
1936.35714394959
1934.92097887223
1933.48481749747
1932.04865982862
1930.61250586901
1929.17635562193
1927.74020909071
1926.30406627865
1924.86792718907
1923.43179182527
1921.99566019057
1920.55953228828
1919.12340812172
1917.68728769419
1916.251171009
1914.81505806947
1913.37894887892
1911.94284344064
1910.50674175796
1909.07064383418
1907.63454967262
1906.19845927659
1904.76237264939
1903.32628979435
1901.89021071477
1900.45413541397
1899.01806389526
1897.58199616194
1896.14593221733
1894.70987206475
1893.27381570749
1891.83776314889
1890.40171439223
1888.96566944085
1887.52962829805
1886.09359096713
1884.65755745142
1883.22152775423
1881.78550187885
1880.34947982862
1878.91346160683
1877.4774472168
1876.04143666185
1874.60542994527
1873.16942707039
1871.73342804052
1870.29743285896
1868.86144152902
1867.42545405403
1865.98947043728
1864.5534906821
1863.11751479179
1861.68154276966
1860.24557461902
1858.80961034319
1857.37364994548
1855.93769342919
1854.50174079764
1853.06579205414
1851.629847202
1850.19390624453
1848.75796918504
1847.32203602685
1845.88610677325
1844.45018142757
1843.01425999311
1841.57834247319
1840.14242887111
1838.70651919019
1837.27061343374
1835.83471160506
1834.39881370747
1832.96291974427
1831.52702971878
1830.09114363432
1828.65526149417
1827.21938330167
1825.78350906012
1824.34763877282
1822.9117724431
1821.47591007425
1820.04005166959
1818.60419723243
1817.16834676608
1815.73250027384
1814.29665775904
1812.86081922497
1811.42498467495
1809.98915411228
1808.55332754029
1807.11750496226
1805.68168638153
1804.24587180139
1802.81006122515
1801.37425465612
1799.93845209762
1798.50265355295
1797.06685902542
1795.63106851835
1794.19528203503
1792.75949957877
1791.3237211529
1789.88794676071
1788.45217640551
1787.01641009062
1785.58064781934
1784.14488959498
1782.70913542084
1781.27338530025
1779.8376392365
1778.4018972329
1776.96615929277
1775.5304254194
1774.09469561611
1772.65896988621
1771.22324823301
1769.7875306598
1768.35181716991
1766.91610776663
1765.48040245328
1764.04470123317
1762.60900410959
1761.17331108586
1759.73762216528
1758.30193735117
1756.86625664683
1755.43058005557
1753.99490758069
1752.5592392255
1751.12357499331
1749.68791488742
1748.25225891115
1746.81660706779
1745.38095936066
1743.94531579306
1742.5096763683
1741.07404108969
1739.63840996052
1738.20278298412
1736.76716016377
1735.33154150279
1733.89592700449
1732.46031667217
1731.02471050914
1729.5891085187
1728.15351070416
1726.71791706882
1725.28232761599
1723.84674234898
1722.41116127108
1720.97558438561
1719.54001169587
1718.10444320517
1716.6688789168
1715.23331883408
1713.79776296031
1712.36221129879
1710.92666385283
1709.49112062574
1708.05558162081
1706.62004684135
1705.18451629067
1703.74898997207
1702.31346788886
1700.87795004433
1699.44243644179
1698.00692708454
1696.5714219759
1695.13592111916
1693.70042451762
1692.26493217459
1690.82944409337
1689.39396027727
1687.95848072958
1686.52300545362
1685.08753445268
1683.65206773006
1682.21660528907
1680.78114713302
1679.34569326519
1677.9102436889
1676.47479840745
1675.03935742414
1673.60392074227
1672.16848836514
1670.73306029606
1669.29763653832
1667.86221709523
1666.42680197009
1664.99139116619
1663.55598468685
1662.12058253536
1660.68518471503
1659.24979122914
1657.81440208101
1656.37901727394
1654.94363681122
1653.50826069615
1652.07288893204
1650.63752152218
1649.20215846988
1647.76679977844
1646.33144545115
1644.89609549131
1643.46074990223
1642.0254086872
1640.59007184952
1639.15473939249
1637.71941131941
1636.28408763358
1634.8487683383
1633.41345343686
1631.97814293257
1630.54283682871
1629.1075351286
1627.67223783553
1626.23694495279
1624.80165648369
1623.36637243152
1621.93109279958
1620.49581759116
1619.06054680957
1617.62528045809
1616.19001854004
1614.7547610587
1613.31950801737
1611.88425941935
1610.44901526793
1609.01377556641
1607.57854031809
1606.14330952626
1604.70808319422
1603.27286132526
1601.83764392268
1600.40243098978
1598.96722252984
1597.53201854617
1596.09681904206
1594.66162402081
1593.2264334857
1591.79124744004
1590.35606588712
1588.92088883023
1587.48571627266
1586.05054821772
1584.61538466869
1583.18022562887
1581.74507110156
1580.30992109003
1578.8747755976
1577.43963462754
1576.00449818316
1574.56936626775
1573.1342388846
1571.699116037
1570.26399772824
1568.82888396162
1567.39377474043
1565.95867006796
1564.5235699475
1563.08847438234
1561.65338337578
1560.2182969311
1558.7832150516
1557.34813774057
1555.9130650013
1554.47799683707
1553.04293325119
1551.60787424693
1550.17281982759
1548.73776999647
1547.30272475684
1545.867684112
1544.43264806524
1542.99761661985
1541.56258977911
1540.12756754632
1538.69254992477
1537.25753691773
1535.82252852851
1534.38752476039
1532.95252561665
1531.51753110059
1530.08254121549
1528.64755596464
1527.21257535133
1525.77759937885
1524.34262805047
1522.9076613695
1521.47269933921
1520.03774196289
1518.60278924384
1517.16784118532
1515.73289779064
1514.29795906307
1512.8630250059
1511.42809562243
1509.99317091592
1508.55825088967
1507.12333554696
1505.68842489108
1504.25351892531
1502.81861765294
1501.38372107725
1499.94882920152
1498.51394202904
1497.07905956309
1495.64418180696
1494.20930876392
1492.77444043727
1491.33957683027
1489.90471794623
1488.46986378841
1487.03501436011
1485.60016966459
1484.16532970516
1482.73049448508
1481.29566400763
1479.86083827611
1478.42601729379
1476.99120106395
1475.55638958987
1474.12158287483
1472.68678092212
1471.25198373501
1469.81719131679
1468.38240367073
1466.94762080011
1465.51284270821
1464.07806939831
1462.64330087369
1461.20853713764
1459.77377819342
1458.33902404431
1456.9042746936
1455.46953014456
1454.03479040047
1452.60005546461
1451.16532534025
1449.73060003067
1448.29587953915
1446.86116386896
1445.42645302339
1443.99174700571
1442.55704581918
1441.1223494671
1439.68765795273
1438.25297127936
1436.81828945025
1435.38361246868
1433.94894033793
1432.51427306126
1431.07961064197
1429.64495308331
1428.21030038856
1426.775652561
1425.3410096039
1423.90637152054
1422.47173831418
1421.0371099881
1419.60248654557
1418.16786798986
1416.73325432426
1415.29864555202
1413.86404167642
1412.42944270074
1410.99484862823
1409.56025946218
1408.12567520586
1406.69109586253
1405.25652143547
1403.82195192795
1402.38738734323
1400.95282768459
1399.51827295529
1398.08372315861
1396.64917829782
1395.21463837617
1393.78010339695
1392.34557336342
1390.91104827885
1389.4765281465
1388.04201296965
1386.60750275155
1385.17299749549
1383.73849720472
1382.30400188251
1380.86951153213
1379.43502615685
1378.00054575993
1376.56607034463
1375.13159991423
1373.69713447198
1372.26267402116
1370.82821856502
1369.39376810684
1367.95932264987
1366.52488219739
1365.09044675265
1363.65601631891
1362.22159089945
1360.78717049753
1359.3527551164
1357.91834475933
1356.48393942958
1355.04953913042
1353.61514386511
1352.1807536369
1350.74636844906
1349.31198830486
1347.87761320755
1346.44324316039
1345.00887816664
1343.57451822957
1342.14016335243
1340.70581353849
1339.27146879099
1337.83712911321
1336.4027945084
1334.96846497982
1333.53414053072
1332.09982116438
1330.66550688403
1329.23119769295
1327.79689359438
1326.3625945916
1324.92830068784
1323.49401188637
1322.05972819045
1320.62544960334
1319.19117612828
1317.75690776853
1316.32264452735
1314.888386408
1313.45413341372
1312.01988554778
1310.58564281342
1309.15140521391
1307.71717275249
1306.28294543242
1304.84872325695
1303.41450622933
1301.98029435282
1300.54608763067
1299.11188606614
1297.67768966246
1296.24349842291
1294.80931235071
1293.37513144914
1291.94095572143
1290.50678517085
1289.07261980063
1287.63845961403
1286.2043046143
1284.77015480469
1283.33601018844
1281.90187076881
1280.46773654905
1279.03360753239
1277.5994837221
1276.16536512142
1274.73125173359
1273.29714356187
1271.86304060949
1270.42894287971
1268.99485037578
1267.56076310093
1266.12668105842
1264.69260425149
1263.25853268338
1261.82446635735
1260.39040527663
1258.95634944447
1257.52229886411
1256.0882535388
1254.65421347178
1253.22017866629
1251.78614912558
1250.35212485289
1248.91810585146
1247.48409212453
1246.05008367535
1244.61608050716
1243.18208262319
1241.74809002669
1240.3141027209
1238.88012070906
1237.44614399441
1236.01217258019
1234.57820646964
1233.14424566599
1231.7102901725
1230.27633999238
1228.84239512889
1227.40845558526
1225.97452136473
1224.54059247054
1223.10666890591
1221.6727506741
1220.23883777833
1218.80493022185
1217.37102800788
1215.93713113966
1214.50323962044
1213.06935345343
1211.63547264189
1210.20159718903
1208.7677270981
1207.33386237233
1205.90000301496
1204.46614902921
1203.03230041832
1201.59845718552
1200.16461933404
1198.73078686712
1197.29695978798
1195.86313809986
1194.42932180599
1192.9955109096
1191.56170541392
1190.12790532217
1188.6941106376
1187.26032136342
1185.82653750286
1184.39275905917
1182.95898603556
1181.52521843525
1180.09145626149
1178.6576995175
1177.22394820649
1175.79020233171
1174.35646189638
1172.92272690372
1171.48899735695
1170.05527325931
1168.62155461402
1167.18784142431
1165.75413369339
1164.32043142449
1162.88673462084
1161.45304328566
1160.01935742218
1158.58567703361
1157.15200212317
1155.7183326941
1154.28466874961
1152.85101029292
1151.41735732726
1149.98370985584
1148.55006788189
1147.11643140862
1145.68280043926
1144.24917497703
1142.81555502514
1141.38194058682
1139.94833166528
1138.51472826374
1137.08113038541
1135.64753803352
1134.21395121129
1132.78036992192
1131.34679416864
1129.91322395466
1128.47965928321
1127.04610015748
1125.6125465807
1124.17899855609
1122.74545608685
1121.31191917621
1119.87838782737
1118.44486204355
1117.01134182796
1115.57782718382
1114.14431811433
1112.71081462272
1111.27731671218
1109.84382438594
1108.4103376472
1106.97685649917
1105.54338094507
1104.1099109881
1102.67644663147
1101.2429878784
1099.80953473209
1098.37608719575
1096.94264527258
1095.50920896581
1094.07577827862
1092.64235321424
1091.20893377587
1089.7755199667
1088.34211178996
1086.90870924885
1085.47531234656
1084.04192108631
1082.6085354713
1081.17515550474
1079.74178118982
1078.30841252975
1076.87504952774
1075.44169218699
1074.0083405107
1072.57499450207
1071.14165416431
1069.70831950061
1068.27499051418
1066.84166720821
1065.40834958591
1063.97503765048
1062.54173140511
1061.10843085302
1059.67513599738
1058.24184684141
1056.8085633883
1055.37528564125
1053.94201360345
1052.50874727811
1051.07548666842
1049.64223177757
1048.20898260876
1046.7757391652
1045.34250145006
1043.90926946655
1042.47604321786
1041.04282270718
1039.60960793772
1038.17639891265
1036.74319563518
1035.3099981085
1033.8768063358
1032.44362032026
1031.01044006509
1029.57726557347
1028.1440968486
1026.71093389365
1025.27777671184
1023.84462530633
1022.41147968032
1020.97833983701
1019.54520577957
1018.1120775112
1016.67895503509
1015.24583835441
1013.81272747236
1012.37962239213
1010.94652311689
1009.51342964984
1008.08034199416
1006.64726015304
1005.21418412965
1003.78111392719
1002.34804954884
1000.91499099778
999.481938277184
998.048891390247
996.615850340148
995.182815130067
993.749785763187
992.316762242687
990.883744571749
989.450732753552
988.017726791276
986.5847266881
985.151732447203
983.718744071763
982.28576156496
980.852784929968
979.419814169967
977.986849288133
976.553890287643
975.120937171672
973.687989943396
972.255048605991
970.822113162631
969.389183616491
967.956259970744
966.523342228563
965.090430393124
963.657524467598
962.224624455157
960.791730358974
959.358842182219
957.925959928065
956.493083599682
955.06021320024
953.627348732909
952.194490200859
950.761637607258
949.328790955275
947.895950248079
946.463115488838
945.030286680718
943.597463826888
942.164646930513
940.73183599476
939.299031022794
937.86623201778
936.433438982885
935.000651921272
933.567870836106
932.13509573055
930.702326607767
929.269563470919
927.836806323171
926.404055167684
924.971310007619
923.538570846137
922.105837686398
920.673110531565
919.240389384796
917.80767424925
916.374965128088
914.942262024467
913.509564941544
912.076873882479
910.644188850429
909.211509848551
907.77883688
906.346169947933
904.913509055507
903.480854205875
902.048205402192
900.615562647613
899.182925945292
897.750295298382
896.317670710036
894.885052183407
893.452439721646
892.019833327906
890.587233005338
889.154638757093
887.722050586322
886.289468496173
884.856892489796
883.42432257034
881.991758740955
880.559201004789
879.126649364989
877.694103824702
876.261564387076
874.829031055256
873.39650383239
871.963982721622
870.531467726097
869.098958848961
867.666456093358
866.23395946243
864.801468959322
863.368984587176
861.936506349135
860.504034248341
859.071568287936
857.63910847106
856.206654800854
854.774207280458
853.341765913012
851.909330701655
850.476901649526
849.044478759765
847.612062035507
846.179651479892
844.747247096056
843.314848887135
841.882456856266
840.450071006584
839.017691341225
837.585317863323
836.152950576012
834.720589482426
833.2882345857
831.855885888966
830.423543395355
828.991207108001
827.558877030034
826.126553164587
824.694235514789
823.261924083771
821.829618874661
820.397319890591
818.965027134688
817.53274061008
816.100460319896
814.668186267262
813.235918455306
811.803656887155
810.371401565933
808.939152494767
807.506909676782
806.074673115103
804.642442812852
803.210218773154
801.778000999132
800.34578949391
798.913584260608
797.48138530235
796.049192622256
794.617006223446
793.184826109042
791.752652282164
790.320484745929
788.888323503458
787.456168557868
786.024019912279
784.591877569806
783.159741533568
781.72761180668
780.295488392259
778.863371293422
777.431260513281
775.999156054953
774.56705792155
773.134966116188
771.702880641979
770.270801502035
768.83872869947
767.406662237393
765.974602118917
764.542548347153
763.110500925212
761.678459856202
760.246425143232
758.814396789414
757.382374797852
755.950359171658
754.518349913936
753.086347027794
751.654350516339
750.222360382677
748.790376629912
747.35839926115
745.926428279495
744.494463688051
743.062505489921
741.630553688209
740.198608286017
738.766669286447
737.3347366926
735.902810507577
734.470890734478
733.038977376405
731.607070436455
730.175169917728
728.743275823323
727.311388156337
725.879506919868
724.447632117014
723.015763750869
721.583901824531
720.152046341096
718.720197303657
717.288354715309
715.856518579148
714.424688898264
712.992865675752
711.561048914705
710.129238618214
708.69743478937
707.265637431266
705.83384654699
704.402062139633
702.970284212285
701.538512768034
700.106747809969
698.674989341177
697.243237364746
695.811491883764
694.379752901317
692.948020420489
691.516294444367
690.084574976036
688.652862018578
687.22115557508
685.789455648624
684.357762242291
682.926075359167
681.494395002331
680.062721174866
678.631053879851
677.199393120368
675.767738899494
674.336091220312
672.904450085897
671.47281549933
670.041187463686
668.609565982044
667.177951057479
665.746342693069
664.31474089189
662.883145657015
661.45155699152
660.019974898477
658.588399380961
657.156830442044
655.725268084801
654.2937123123
652.862163127616
651.430620533818
649.999084533976
648.56755513116
647.13603232844
645.704516128885
644.273006535563
642.84150355154
641.410007179885
639.978517423664
638.547034285944
637.115557769788
635.684087878264
634.252624614435
632.821167981365
631.389717982118
629.958274619756
628.526837897343
627.095407817939
625.663984384606
624.232567600406
622.801157468397
621.36975399164
619.938357173195
618.506967016119
617.075583523472
615.644206698308
614.212836543688
612.781473062667
611.3501162583
609.918766133644
608.487422691753
607.056085935681
605.624755868483
604.193432493211
602.762115812918
601.330805830656
599.899502549477
598.468205972433
597.036916102572
595.605632942947
594.174356496604
592.743086766596
591.311823755969
589.88056746777
588.449317905047
587.018075070847
585.586838968217
584.155609600202
582.724386969846
581.293171080195
579.861961934292
578.43075953518
576.999563885904
575.568374989504
574.137192849023
572.706017467501
571.27484884798
569.843686993499
568.412531907099
566.981383591819
565.550242050696
564.119107286768
562.687979303073
561.256858102648
559.825743688529
558.394636063752
556.963535231351
555.532441194362
554.101353955818
552.670273518753
551.239199886199
549.808133061189
548.377073046756
546.946019845929
545.514973461738
544.083933897216
542.652901155391
541.221875239292
539.790856151947
538.359843896385
536.928838475632
535.497839892716
534.066848150662
532.635863252498
531.204885201245
529.77391399993
528.342949651577
526.911992159208
525.481041525847
524.050097754516
522.619160848236
521.188230810028
519.757307642913
518.32639134991
516.89548193404
515.464579398321
514.033683745772
512.602794979409
511.17191310225
509.74103811731
508.310170027607
506.879308836156
505.448454545971
504.017607160067
502.586766681457
501.155933113154
499.725106458171
498.29428671952
496.863473900211
495.432668003256
494.001869031666
492.571076988448
491.140291876613
489.709513699169
488.278742459124
486.847978159486
485.41722080326
483.986470393452
482.55572693307
481.124990425117
479.694260872599
478.263538278517
476.832822645877
475.40211397768
473.971412276929
472.540717546626
471.110029789771
469.679349009365
468.248675208407
466.818008389897
465.387348556832
463.956695712211
462.526049859031
461.095411000289
459.664779138982
458.234154278106
456.803536420655
455.372925569623
453.942321728005
452.511724898794
451.081135084982
449.650552289562
448.219976515526
446.789407765864
445.358846043567
443.928291351623
442.497743693024
441.067203070757
439.63666948781
438.206142947171
436.775623451826
435.345111004763
433.914605608965
432.484107267419
431.053615983109
429.623131759018
428.19265459813
426.762184503427
425.331721477893
423.901265524507
422.470816646252
421.040374846107
419.609940127053
418.179512492068
416.749091944131
415.31867848622
413.888272121311
412.457872852382
411.027480682409
409.597095614368
408.166717651234
406.73634679598
405.30598305158
403.875626421008
402.445276907236
401.014934513236
399.584599241979
398.154271096437
396.723950079579
395.293636194375
393.863329443793
392.433029830802
391.002737358371
389.572452029466
388.142173847053
386.711902814098
385.281638933567
383.851382208426
382.421132641636
380.990890236163
379.560654994969
378.130426921016
376.700206017267
375.269992286681
373.83978573222
372.409586356844
370.979394163512
369.549209155182
368.119031334812
366.688860705361
365.258697269786
363.828541031041
362.398391992083
360.968250155868
359.538115525348
358.10798810348
356.677867893215
355.247754897506
353.817649119305
352.387550561564
350.957459227233
349.527375119262
348.097298240602
346.667228594201
345.237166183007
343.807111009968
342.377063078031
340.947022390144
339.516988949252
338.086962758299
336.656943820232
335.226932137994
333.796927714528
332.366930552777
330.936940655684
329.50695802619
328.076982667236
326.647014581764
325.217053772712
323.787100243019
322.357153995625
320.927215033467
319.497283359483
318.06735897661
316.637441887783
315.207532095938
313.777629604011
312.347734414935
310.917846531644
309.487965957072
308.058092694151
306.628226745811
305.198368114986
303.768516804605
302.338672817599
300.908836156897
299.479006825428
298.04918482612
296.619370161901
295.189562835697
293.759762850436
292.329970209042
290.900184914441
289.470406969558
288.040636377316
286.610873140639
285.181117262449
283.751368745667
282.321627593218
280.89189380802
279.462167392994
278.03244835106
276.602736685136
275.173032398141
273.743335492994
272.31364597261
270.883963839907
269.454289097801
268.024621749207
266.59496179704
265.165309244214
263.735664093642
262.306026348237
260.876396010912
259.446773084579
258.017157572148
256.587549476529
255.157948800634
253.728355547371
252.298769719648
250.869191320375
249.439620352458
248.010056818804
246.580500722319
245.150952065909
243.721410852478
242.291877084932
240.862350766174
239.432831899107
238.003320486634
236.573816531658
235.144320037079
233.714831005798
232.285349440714
230.855875344728
229.42640872074
227.996949571647
226.567497900347
225.138053709736
223.708617002712
222.279187782171
220.849766051008
219.420351812118
217.990945068395
216.561545822732
215.132154078023
213.702769837159
212.273393103033
210.844023878535
209.414662166558
207.985307969991
206.555961291722
205.126622134641
203.697290501635
202.267966395593
200.838649819402
199.409340775948
197.980039268117
196.550745298795
195.121458870866
193.692179987214
192.262908650722
190.833644864274
189.404388630753
187.975139953039
186.545898834015
185.11666527656
183.687439283556
182.258220857881
180.829010002415
179.399806720035
177.970611013621
176.541422886048
175.112242340194
173.683069378935
172.253904005147
170.824746221703
169.395596031479
167.966453437349
166.537318442185
165.10819104886
163.679071260248
162.249959079219
160.820854508645
159.391757551396
157.962668210343
156.533586488354
155.104512388299
153.675445913047
152.246387065464
150.817335848419
149.388292264778
147.959256317408
146.530228009174
145.101207342942
143.672194321576
142.24318894794
140.8141912249
139.385201155317
137.956218742054
136.527243987974
135.098276895938
133.669317468808
132.240365709445
130.811421620707
129.382485205457
127.953556466552
126.524635406853
125.095722029216
123.6668163365
122.237918331562
120.80902801726
119.38014539645
117.951270471988
116.522403246731
115.093543723532
113.664691905248
112.235847794733
110.80701139484
109.378182708424
107.949361738338
106.520548487434
105.091742958565
103.662945154584
102.234155078341
100.805372732691
99.3765981204816
97.9478312445653
96.5190721077909
95.0903207130104
93.6615770630721
92.2328411608276
90.8041130091246
89.3753926108127
87.9466799687413
86.5179750857587
85.0892779647127
83.6605886084515
82.2319070198246
80.8032332016786
79.3745671568608
77.94590888822
76.5172583986026
75.0886156908571
73.6599807678305
72.2313536323697
70.8027342873235
69.3741227355377
67.9455189798603
66.5169230231384
65.0883348682196
63.6597545179528
62.231181975185
60.8026172427646
59.3740603235403
57.9455112203607
56.5169699360754
55.0884364735341
53.6599108355867
52.2313930250841
50.8028830448771
49.3743808978179
47.9458865867601
46.5174001145564
45.0889214840628
43.6604506981348
42.2319877596289
40.803532671403
39.3750854363187
37.9466460572366
36.5182145370183
35.0897908785314
33.6613750846425
32.2329671582222
30.8045671021442
29.3761749192833
27.9477906125204
26.5194141847396
25.0910456388281
23.6626849776803
22.2343322041968
20.8059873212833
19.3776503318541
17.9493212388331
16.5210000451567
15.0926867537742
13.664381367651
12.2360838897745
10.8077943231573
9.37951267085135
7.95123893595565
6.52297312164887
5.09471523123451
3.66646526827098
2.23822323702996
0.809989146688566
0.618237036817788
