5999.7045576741
5999.40912046008
5999.11368836079
5998.81826137908
5998.52283951779
5998.22742277975
5997.93201116782
5997.63660468483
5997.34120333364
5997.04580711707
5996.75041603798
5996.4550300992
5996.15964930359
5995.86427365397
5995.5689031532
5995.27353780412
5994.97817760957
5994.68282257239
5994.38747269543
5994.09212798152
5993.79678843351
5993.50145405425
5993.20612484657
5992.91080081331
5992.61548195732
5992.32016828144
5992.02485978851
5991.72955648138
5991.43425836288
5991.13896543587
5990.84367770317
5990.54839516763
5990.25311783209
5989.9578456994
5989.66257877239
5989.36731705392
5989.07206054681
5988.77680925391
5988.48156317806
5988.18632232211
5987.89108668889
5987.59585628124
5987.30063110202
5987.00541115405
5986.71019644018
5986.41498696325
5986.1197827261
5985.82458373158
5985.52938998251
5985.23420148175
5984.93901823214
5984.64384023651
5984.34866749771
5984.05350001857
5983.75833780194
5983.46318085066
5983.16802916756
5982.8728827555
5982.5777416173
5982.28260575581
5981.98747517388
5981.69234987433
5981.39722986001
5981.10211513376
5980.80700569842
5980.51190155684
5980.21680271184
5979.92170916627
5979.62662092297
5979.33153798479
5979.03646035455
5978.7413880351
5978.44632102928
5978.15125933992
5977.85620296988
5977.56115192198
5977.26610619907
5976.97106580399
5976.67603073957
5976.38100100866
5976.08597661409
5975.79095755871
5975.49594384535
5975.20093547685
5974.90593245605
5974.61093478579
5974.31594246891
5974.02095550824
5973.72597390663
5973.43099766692
5973.13602679195
5972.84106128454
5972.54610114755
5972.2511463838
5971.95619699615
5971.66125298742
5971.36631436045
5971.07138111809
5970.77645326318
5970.48153079854
5970.18661372702
5969.89170205146
5969.59679577469
5969.30189489956
5969.00699942889
5968.71210936554
5968.41722471233
5968.1223454721
5967.8274716477
5967.53260324196
5967.23774025772
5966.94288269781
5966.64803056507
5966.35318386235
5966.05834259247
5965.76350675828
5965.46867636262
5965.17385140831
5964.8790318982
5964.58421783512
5964.28940922192
5963.99460606142
5963.69980835648
5963.40501610991
5963.11022932456
5962.81544800328
5962.52067214888
5962.22590176422
5961.93113685212
5961.63637741543
5961.34162345698
5961.04687497961
5960.75213198615
5960.45739447944
5960.16266246231
5959.86793593761
5959.57321490818
5959.27849937683
5958.98378934642
5958.68908481978
5958.39438579974
5958.09969228914
5957.80500429082
5957.51032180761
5957.21564484234
5956.92097339787
5956.62630747701
5956.33164708261
5956.0369922175
5955.74234288452
5955.4476990865
5955.15306082627
5954.85842810669
5954.56380093057
5954.26917930075
5953.97456322008
5953.67995269138
5953.38534771749
5953.09074830124
5952.79615444548
5952.50156615303
5952.20698342673
5951.91240626942
5951.61783468393
5951.3232686731
5951.02870823975
5950.73415338673
5950.43960411687
5950.145060433
5949.85052233797
5949.55598983459
5949.26146292571
5948.96694161417
5948.67242590279
5948.37791579441
5948.08341129187
5947.788912398
5947.49441911563
5947.19993144759
5946.90544939673
5946.61097296588
5946.31650215786
5946.02203697552
5945.72757742168
5945.43312349919
5945.13867521087
5944.84423255956
5944.54979554809
5944.25536417929
5943.960938456
5943.66651838106
5943.37210395729
5943.07769518753
5942.78329207462
5942.48889462138
5942.19450283064
5941.90011670525
5941.60573624804
5941.31136146183
5941.01699234946
5940.72262891377
5940.42827115758
5940.13391908374
5939.83957269506
5939.54523199439
5939.25089698456
5938.9565676684
5938.66224404873
5938.36792612841
5938.07361391025
5937.77930739709
5937.48500659176
5937.1907114971
5936.89642211593
5936.6021384511
5936.30786050542
5936.01358828173
5935.71932178287
5935.42506101167
5935.13080597095
5934.83655666356
5934.54231309231
5934.24807526005
5933.95384316961
5933.65961682381
5933.36539622549
5933.07118137748
5932.77697228261
5932.48276894371
5932.18857136362
5931.89437954516
5931.60019349117
5931.30601320448
5931.01183868791
5930.7176699443
5930.42350697649
5930.12934978729
5929.83519837955
5929.54105275609
5929.24691291974
5928.95277887334
5928.65865061971
5928.36452816169
5928.07041150211
5927.77630064379
5927.48219558956
5927.18809634227
5926.89400290473
5926.59991527978
5926.30583347025
5926.01175747897
5925.71768730876
5925.42362296247
5925.12956444291
5924.83551175292
5924.54146489533
5924.24742387296
5923.95338868865
5923.65935934524
5923.36533584553
5923.07131819238
5922.7773063886
5922.48330043702
5922.18930034048
5921.8953061018
5921.60131772382
5921.30733520936
5921.01335856125
5920.71938778232
5920.4254228754
5920.13146384332
5919.83751068891
5919.543563415
5919.24962202441
5918.95568651997
5918.66175690452
5918.36783318088
5918.07391535189
5917.78000342035
5917.48609738912
5917.19219726102
5916.89830303886
5916.60441472549
5916.31053232373
5916.01665583641
5915.72278526636
5915.4289206164
5915.13506188937
5914.84120908808
5914.54736221538
5914.25352127408
5913.95968626702
5913.66585719702
5913.37203406692
5913.07821687952
5912.78440563768
5912.49060034421
5912.19680100194
5911.90300761369
5911.6092201823
5911.3154387106
5911.0216632014
5910.72789365754
5910.43413008185
5910.14037247715
5909.84662084626
5909.55287519202
5909.25913551726
5908.96540182479
5908.67167411744
5908.37795239805
5908.08423666944
5907.79052693444
5907.49682319586
5907.20312545655
5906.90943371932
5906.615747987
5906.32206826242
5906.0283945484
5905.73472684778
5905.44106516337
5905.147409498
5904.85375985451
5904.5601162357
5904.26647864442
5903.97284708348
5903.67922155572
5903.38560206395
5903.09198861101
5902.79838119971
5902.50477983289
5902.21118451337
5901.91759524398
5901.62401202754
5901.33043486687
5901.03686376481
5900.74329872417
5900.44973974779
5900.15618683848
5899.86263999907
5899.56909923239
5899.27556454127
5898.98203592852
5898.68851339697
5898.39499694945
5898.10148658878
5897.80798231778
5897.51448413929
5897.22099205612
5896.9275060711
5896.63402618705
5896.3405524068
5896.04708473318
5895.753623169
5895.46016771709
5895.16671838027
5894.87327516138
5894.57983806323
5894.28640708864
5893.99298224045
5893.69956352147
5893.40615093452
5893.11274448244
5892.81934416805
5892.52594999416
5892.23256196361
5891.93918007921
5891.6458043438
5891.35243476018
5891.05907133119
5890.76571405965
5890.47236294839
5890.17901800022
5889.88567921796
5889.59234660445
5889.2990201625
5889.00569989494
5888.7123858046
5888.41907789428
5888.12577616682
5887.83248062503
5887.53919127175
5887.24590810979
5886.95263114198
5886.65936037113
5886.36609580008
5886.07283743164
5885.77958526863
5885.48633931388
5885.19309957021
5884.89986604044
5884.60663872739
5884.31341763389
5884.02020276275
5883.7269941168
5883.43379169887
5883.14059551176
5882.84740555831
5882.55422184133
5882.26104436365
5881.96787312809
5881.67470813747
5881.38154939461
5881.08839690233
5880.79525066345
5880.5021106808
5880.2089769572
5879.91584949546
5879.6227282984
5879.32961336886
5879.03650470964
5878.74340232358
5878.45030621348
5878.15721638218
5877.86413283248
5877.57105556722
5877.27798458921
5876.98491990128
5876.69186150624
5876.39880940691
5876.10576360612
5875.81272410668
5875.51969091141
5875.22666402314
5874.93364344468
5874.64062917886
5874.34762122849
5874.05461959639
5873.76162428539
5873.4686352983
5873.17565263794
5872.88267630714
5872.58970630871
5872.29674264547
5872.00378532024
5871.71083433584
5871.41788969509
5871.1249514008
5870.83201945581
5870.53909386292
5870.24617462495
5869.95326174473
5869.66035522508
5869.36745506881
5869.07456127873
5868.78167385768
5868.48879280847
5868.19591813391
5867.90304983682
5867.61018792004
5867.31733238636
5867.02448323861
5866.73164047962
5866.43880411219
5866.14597413914
5865.8531505633
5865.56033338748
5865.2675226145
5864.97471824717
5864.68192028832
5864.38912874076
5864.09634360732
5863.8035648908
5863.51079259402
5863.21802671981
5862.92526727099
5862.63251425035
5862.33976766074
5862.04702750495
5861.75429378582
5861.46156650616
5861.16884566877
5860.87613127649
5860.58342333213
5860.2907218385
5859.99802679842
5859.70533821472
5859.4126560902
5859.11998042767
5858.82731122997
5858.53464849991
5858.24199224029
5857.94934245395
5857.65669914368
5857.36406231232
5857.07143196268
5856.77880809756
5856.4861907198
5856.1935798322
5855.90097543759
5855.60837753877
5855.31578613856
5855.02320123978
5854.73062284525
5854.43805095778
5854.14548558018
5853.85292671528
5853.56037436588
5853.2678285348
5852.97528922486
5852.68275643887
5852.39023017965
5852.09771045001
5851.80519725278
5851.51269059075
5851.22019046676
5850.9276968836
5850.63520984411
5850.34272935108
5850.05025540735
5849.75778801572
5849.465327179
5849.17287290001
5848.88042518157
5848.58798402649
5848.29554943759
5848.00312141767
5847.71069996956
5847.41828509606
5847.1258768
5846.83347508418
5846.54107995142
5846.24869140453
5845.95630944633
5845.66393407963
5845.37156530724
5845.07920313198
5844.78684755667
5844.49449858411
5844.20215621711
5843.9098204585
5843.61749131109
5843.32516877768
5843.03285286109
5842.74054356414
5842.44824088964
5842.1559448404
5841.86365541923
5841.57137262895
5841.27909647237
5840.9868269523
5840.69456407156
5840.40230783295
5840.11005823929
5839.8178152934
5839.52557899808
5839.23334935615
5838.94112637042
5838.6489100437
5838.35670037881
5838.06449737855
5837.77230104574
5837.48011138319
5837.18792839371
5836.89575208012
5836.60358244522
5836.31141949183
5836.01926322276
5835.72711364082
5835.43497074882
5835.14283454958
5834.8507050459
5834.5585822406
5834.26646613649
5833.97435673637
5833.68225404307
5833.39015805939
5833.09806878814
5832.80598623213
5832.51391039418
5832.22184127709
5831.92977888368
5831.63772321675
5831.34567427912
5831.0536320736
5830.761596603
5830.46956787013
5830.17754587779
5829.88553062881
5829.59352212598
5829.30152037213
5829.00952537005
5828.71753712257
5828.42555563248
5828.1335809026
5827.84161293575
5827.54965173472
5827.25769730233
5826.96574964139
5826.67380875471
5826.3818746451
5826.08994731536
5825.79802676831
5825.50611300676
5825.21420603351
5824.92230585138
5824.63041246317
5824.33852587169
5824.04664607976
5823.75477309018
5823.46290690575
5823.17104752929
5822.87919496362
5822.58734921152
5822.29551027582
5822.00367815933
5821.71185286484
5821.42003439518
5821.12822275314
5820.83641794154
5820.54461996319
5820.25282882088
5819.96104451744
5819.66926705567
5819.37749643837
5819.08573266836
5818.79397574845
5818.50222568143
5818.21048247012
5817.91874611732
5817.62701662585
5817.33529399851
5817.04357823811
5816.75186934745
5816.46016732935
5816.1684721866
5815.87678392203
5815.58510253842
5815.2934280386
5815.00176042537
5814.71009970153
5814.4184458699
5814.12679893327
5813.83515889446
5813.54352575627
5813.25189952151
5812.96028019298
5812.6686677735
5812.37706226586
5812.08546367288
5811.79387199736
5811.5022872421
5811.21070940992
5810.91913850362
5810.627574526
5810.33601747987
5810.04446736804
5809.75292419331
5809.46138795849
5809.16985866638
5808.87833631979
5808.58682092153
5808.29531247439
5808.0038109812
5807.71231644474
5807.42082886783
5807.12934825326
5806.83787460386
5806.54640792242
5806.25494821174
5805.96349547463
5805.6720497139
5805.38061093235
5805.08917913279
5804.79775431801
5804.50633649083
5804.21492565405
5803.92352181047
5803.6321249629
5803.34073511415
5803.049352267
5802.75797642428
5802.46660758879
5802.17524576332
5801.88389095068
5801.59254315369
5801.30120237513
5801.00986861781
5800.71854188455
5800.42722217813
5800.13590950137
5799.84460385707
5799.55330524803
5799.26201367705
5798.97072914694
5798.67945166051
5798.38818122055
5798.09691782986
5797.80566149126
5797.51441220754
5797.22316998151
5796.93193481597
5796.64070671372
5796.34948567756
5796.0582717103
5795.76706481474
5795.47586499368
5795.18467224993
5794.89348658629
5794.60230800555
5794.31113651053
5794.01997210402
5793.72881478883
5793.43766456775
5793.14652144359
5792.85538541916
5792.56425649724
5792.27313468066
5791.9820199722
5791.69091237466
5791.39981189086
5791.10871852359
5790.81763227565
5790.52655314984
5790.23548114897
5789.94441627584
5789.65335853324
5789.36230792398
5789.07126445086
5788.78022811668
5788.48919892425
5788.19817687635
5787.90716197579
5787.61615422538
5787.32515362791
5787.03416018619
5786.74317390301
5786.45219478118
5786.16122282349
5785.87025803274
5785.57930041174
5785.28834996329
5784.99740669018
5784.70647059522
5784.4155416812
5784.12461995093
5783.8337054072
5783.54279805282
5783.25189789058
5782.96100492328
5782.67011915373
5782.37924058472
5782.08836921905
5781.79750505952
5781.50664810893
5781.21579837008
5780.92495584577
5780.6341205388
5780.34329245196
5780.05247158805
5779.76165794988
5779.47085154025
5779.18005236194
5778.88926041776
5778.59847571051
5778.30769824299
5778.01692801799
5777.72616503831
5777.43540930675
5777.14466082612
5776.8539195992
5776.56318562879
5776.2724589177
5775.98173946872
5775.69102728465
5775.40032236828
5775.10962472242
5774.81893434986
5774.5282512534
5774.23757543583
5773.94690689996
5773.65624564858
5773.36559168449
5773.07494501048
5772.78430562936
5772.49367354392
5772.20304875695
5771.91243127125
5771.62182108963
5771.33121821487
5771.04062264978
5770.75003439714
5770.45945345976
5770.16887984044
5769.87831354196
5769.58775456713
5769.29720291874
5769.00665859959
5768.71612161248
5768.42559196019
5768.13506964553
5767.84455467129
5767.55404704027
5767.26354675526
5766.97305381907
5766.68256823447
5766.39209000428
5766.10161913128
5765.81115561827
5765.52069946805
5765.23025068342
5764.93980926716
5764.64937522207
5764.35894855094
5764.06852925658
5763.77811734178
5763.48771280932
5763.19731566202
5762.90692590265
5762.61654353402
5762.32616855892
5762.03580098014
5761.74544080049
5761.45508802274
5761.16474264971
5760.87440468417
5760.58407412893
5760.29375098679
5760.00343526052
5759.71312695293
5759.42282606682
5759.13253260496
5758.84224657017
5758.55196796523
5758.26169679294
5757.97143305608
5757.68117675746
5757.39092789987
5757.10068648609
5756.81045251893
5756.52022600117
5756.23000693561
5755.93979532504
5755.64959117226
5755.35939448005
5755.06920525122
5754.77902348854
5754.48884919482
5754.19868237285
5753.90852302542
5753.61837115533
5753.32822676535
5753.0380898583
5752.74796043695
5752.45783850411
5752.16772406256
5751.87761711509
5751.5875176645
5751.29742571358
5751.00734126513
5750.71726432192
5750.42719488676
5750.13713296243
5749.84707855173
5749.55703165745
5749.26699228238
5748.97696042931
5748.68693610103
5748.39691930034
5748.10691003001
5747.81690829286
5747.52691409166
5747.23692742921
5746.94694830829
5746.6569767317
5746.36701270223
5746.07705622267
5745.78710729581
5745.49716592444
5745.20723211136
5744.91730585934
5744.62738717118
5744.33747604967
5744.0475724976
5743.75767651777
5743.46778811295
5743.17790728594
5742.88803403954
5742.59816837652
5742.30831029968
5742.01845981181
5741.7286169157
5741.43878161414
5741.14895390991
5740.85913380581
5740.56932130463
5740.27951640914
5739.98971912215
5739.69992944645
5739.41014738481
5739.12037294003
5738.8306061149
5738.54084691221
5738.25109533474
5737.96135138529
5737.67161506664
5737.38188638157
5737.09216533289
5736.80245192337
5736.51274615581
5736.22304803299
5735.9333575577
5735.64367473274
5735.35399956087
5735.0643320449
5734.77467218762
5734.4850199918
5734.19537546024
5733.90573859572
5733.61610940103
5733.32648787897
5733.03687403231
5732.74726786384
5732.45766937635
5732.16807857263
5731.87849545547
5731.58892002765
5731.29935229195
5731.00979225117
5730.72023990809
5730.43069526549
5730.14115832617
5729.85162909292
5729.5621075685
5729.27259375573
5728.98308765737
5728.69358927621
5728.40409861505
5728.11461567666
5727.82514046384
5727.53567297937
5727.24621322603
5726.95676120661
5726.6673169239
5726.37788038068
5726.08845157973
5725.79903052385
5725.50961721582
5725.22021165842
5724.93081385443
5724.64142380665
5724.35204151786
5724.06266699084
5723.77330022837
5723.48394123325
5723.19459000826
5722.90524655618
5722.61591087979
5722.32658298188
5722.03726286524
5721.74795053265
5721.45864598689
5721.16934923075
5720.88006026701
5720.59077909846
5720.30150572788
5720.01224015804
5719.72298239175
5719.43373243178
5719.14449028091
5718.85525594193
5718.56602941762
5718.27681071077
5717.98759982416
5717.69839676056
5717.40920152278
5717.12001411358
5716.83083453575
5716.54166279207
5716.25249888533
5715.96334281831
5715.6741945938
5715.38505421457
5715.0959216834
5714.80679700309
5714.5176801764
5714.22857120614
5713.93947009507
5713.65037684598
5713.36129146165
5713.07221394486
5712.7831442984
5712.49408252504
5712.20502862758
5711.91598260879
5711.62694447145
5711.33791421834
5711.04889185225
5710.75987737595
5710.47087079224
5710.18187210388
5709.89288131366
5709.60389842437
5709.31492343878
5709.02595635967
5708.73699718983
5708.44804593204
5708.15910258907
5707.87016716371
5707.58123965873
5707.29232007693
5707.00340842107
5706.71450469394
5706.42560889832
5706.13672103699
5705.84784111273
5705.55896912833
5705.27010508655
5704.98124899018
5704.692400842
5704.40356064479
5704.11472840133
5703.82590411439
5703.53708778677
5703.24827942123
5702.95947902057
5702.67068658754
5702.38190212495
5702.09312563555
5701.80435712214
5701.5155965875
5701.22684403439
5700.93809946561
5700.64936288393
5700.36063429212
5700.07191369297
5699.78320108926
5699.49449648376
5699.20579987925
5698.91711127851
5698.62843068432
5698.33975809946
5698.0510935267
5697.76243696882
5697.47378842861
5697.18514790883
5696.89651541227
5696.6078909417
5696.31927449991
5696.03066608966
5695.74206571374
5695.45347337493
5695.164889076
5694.87631281972
5694.58774460888
5694.29918444625
5694.01063233462
5693.72208827674
5693.43355227542
5693.14502433341
5692.8565044535
5692.56799263846
5692.27948889108
5691.99099321412
5691.70250561036
5691.41402608258
5691.12555463356
5690.83709126606
5690.54863598288
5690.26018878678
5689.97174968054
5689.68331866693
5689.39489574874
5689.10648092873
5688.81807420968
5688.52967559437
5688.24128508558
5687.95290268607
5687.66452839863
5687.37616222602
5687.08780417103
5686.79945423643
5686.511112425
5686.2227787395
5685.93445318272
5685.64613575742
5685.35782646639
5685.0695253124
5684.78123229821
5684.49294742662
5684.20467070039
5683.91640212229
5683.6281416951
5683.33988942159
5683.05164530454
5682.76340934673
5682.47518155092
5682.18696191989
5681.89875045641
5681.61054716326
5681.3223520432
5681.03416509903
5680.7459863335
5680.45781574939
5680.16965334947
5679.88149913652
5679.59335311331
5679.30521528261
5679.0170856472
5678.72896420985
5678.44085097332
5678.15274594041
5677.86464911387
5677.57656049647
5677.288480091
5677.00040790023
5676.71234392692
5676.42428817385
5676.13624064379
5675.84820133951
5675.56017026379
5675.27214741939
5674.98413280909
5674.69612643567
5674.40812830188
5674.12013841051
5673.83215676432
5673.54418336609
5673.25621821859
5672.96826132458
5672.68031268685
5672.39237230815
5672.10444019127
5671.81651633898
5671.52860075403
5671.24069343922
5670.95279439729
5670.66490363104
5670.37702114322
5670.0891469366
5669.80128101397
5669.51342337808
5669.22557403171
5668.93773297763
5668.64990021861
5668.36207575742
5668.07425959682
5667.78645173959
5667.49865218851
5667.21086094632
5666.92307801582
5666.63530339976
5666.34753710092
5666.05977912206
5665.77202946596
5665.48428813538
5665.1965551331
5664.90883046187
5664.62111412448
5664.33340612369
5664.04570646227
5663.75801514298
5663.4703321686
5663.1826575419
5662.89499126563
5662.60733334258
5662.31968377551
5662.03204256719
5661.74440972038
5661.45678523786
5661.16916912238
5660.88156137673
5660.59396200367
5660.30637100596
5660.01878838638
5659.73121414768
5659.44364829265
5659.15609082404
5658.86854174462
5658.58100105716
5658.29346876443
5658.0059448692
5657.71842937423
5657.43092228228
5657.14342359614
5656.85593331855
5656.56845145229
5656.28097800013
5655.99351296483
5655.70605634916
5655.41860815588
5655.13116838777
5654.84373704758
5654.55631413809
5654.26889966205
5653.98149362224
5653.69409602143
5653.40670686236
5653.11932614783
5652.83195388058
5652.54459006338
5652.25723469901
5651.96988779022
5651.68254933978
5651.39521935045
5651.10789782501
5650.82058476621
5650.53328017682
5650.24598405961
5649.95869641734
5649.67141725278
5649.38414656868
5649.09688436782
5648.80963065296
5648.52238542686
5648.23514869228
5647.947920452
5647.66070070878
5647.37348946538
5647.08628672456
5646.79909248909
5646.51190676173
5646.22472954525
5645.93756084241
5645.65040065597
5645.36324898869
5645.07610584335
5644.7889712227
5644.50184512951
5644.21472756653
5643.92761853654
5643.6405180423
5643.35342608656
5643.0663426721
5642.77926780167
5642.49220147804
5642.20514370397
5641.91809448222
5641.63105381555
5641.34402170673
5641.05699815852
5640.76998317369
5640.48297675499
5640.19597890518
5639.90898962703
5639.6220089233
5639.33503679675
5639.04807325015
5638.76111828625
5638.47417190781
5638.18723411761
5637.90030491839
5637.61338431293
5637.32647230397
5637.03956889429
5636.75267408664
5636.46578788379
5636.17891028849
5635.89204130351
5635.60518093161
5635.31832917554
5635.03148603808
5634.74465152197
5634.45782562998
5634.17100836487
5633.8841997294
5633.59739972633
5633.31060835842
5633.02382562843
5632.73705153912
5632.45028609326
5632.16352929358
5631.87678114287
5631.59004164388
5631.30331079936
5631.01658861209
5630.72987508481
5630.44317022028
5630.15647402127
5629.86978649053
5629.58310763083
5629.29643744492
5629.00977593556
5628.72312310551
5628.43647895753
5628.14984349437
5627.8632167188
5627.57659863357
5627.28998924145
5627.00338854518
5626.71679654753
5626.43021325126
5626.14363865913
5625.85707277388
5625.57051559829
5625.2839671351
5624.99742738708
5624.71089635698
5624.42437404756
5624.13786046158
5623.85135560179
5623.56485947095
5623.27837207183
5622.99189340717
5622.70542347973
5622.41896229228
5622.13250984756
5621.84606614833
5621.55963119736
5621.27320499739
5620.98678755119
5620.7003788615
5620.41397893109
5620.12758776271
5619.84120535912
5619.55483172308
5619.26846685733
5618.98211076464
5618.69576344777
5618.40942490946
5618.12309515247
5617.83677417956
5617.55046199349
5617.26415859701
5616.97786399287
5616.69157818383
5616.40530117264
5616.11903296207
5615.83277355486
5615.54652295377
5615.26028116155
5614.97404818097
5614.68782401477
5614.4016086657
5614.11540213653
5613.82920443001
5613.54301554888
5613.25683549592
5612.97066427386
5612.68450188547
5612.39834833349
5612.11220362068
5611.8260677498
5611.5399407236
5611.25382254484
5610.96771321625
5610.68161274061
5610.39552112066
5610.10943835915
5609.82336445885
5609.53729942249
5609.25124325284
5608.96519595265
5608.67915752467
5608.39312797166
5608.10710729635
5607.82109550152
5607.53509258991
5607.24909856427
5606.96311342736
5606.67713718193
5606.39116983072
5606.1052113765
5605.81926182201
5605.53332117001
5605.24738942325
5604.96146658447
5604.67555265644
5604.38964764189
5604.1037515436
5603.8178643643
5603.53198610674
5603.24611677368
5602.96025636787
5602.67440489207
5602.38856234901
5602.10272874145
5601.81690407215
5601.53108834385
5601.2452815593
5600.95948372126
5600.67369483247
5600.38791489568
5600.10214391366
5599.81638188913
5599.53062882486
5599.2448847236
5598.95914958809
5598.67342342109
5598.38770622534
5598.1019980036
5597.81629875861
5597.53060849312
5597.24492720989
5596.95925491166
5596.67359160118
5596.3879372812
5596.10229195447
5595.81665562374
5595.53102829175
5595.24540996126
5594.95980063502
5594.67420031577
5594.38860900626
5594.10302670924
5593.81745342745
5593.53188916366
5593.2463339206
5592.96078770102
5592.67525050768
5592.38972234331
5592.10420321067
5591.8186931125
5591.53319205156
5591.24770003058
5590.96221705232
5590.67674311953
5590.39127823495
5590.10582240132
5589.82037562141
5589.53493789794
5589.24950923368
5588.96408963136
5588.67867909373
5588.39327762355
5588.10788522355
5587.82250189649
5587.53712764511
5587.25176247215
5586.96640638036
5586.68105937249
5586.39572145129
5586.1103926195
5585.82507287986
5585.53976223513
5585.25446068804
5584.96916824135
5584.6838848978
5584.39861066013
5584.11334553109
5583.82808951343
5583.54284260989
5583.25760482321
5582.97237615614
5582.68715661143
5582.40194619182
5582.11674490005
5581.83155273888
5581.54636971104
5581.26119581927
5580.97603106633
5580.69087545496
5580.4057289879
5580.12059166789
5579.83546349769
5579.55034448003
5579.26523461765
5578.98013391331
5578.69504236975
5578.4099599897
5578.12488677591
5577.83982273113
5577.5547678581
5577.26972215957
5576.98468563826
5576.69965829694
5576.41464013834
5576.1296311652
5575.84463138027
5575.55964078629
5575.274659386
5574.98968718215
5574.70472417748
5574.41977037472
5574.13482577663
5573.84989038595
5573.5649642054
5573.28004723775
5572.99513948573
5572.71024095208
5572.42535163955
5572.14047155087
5571.85560068879
5571.57073905605
5571.28588665539
5571.00104348954
5570.71620956127
5570.43138487329
5570.14656942837
5569.86176322922
5569.57696627861
5569.29217857926
5569.00740013392
5568.72263094533
5568.43787101623
5568.15312034936
5567.86837894746
5567.58364681327
5567.29892394953
5567.01421035898
5566.72950604436
5566.44481100842
5566.16012525388
5565.87544878349
5565.59078159999
5565.30612370613
5565.02147510463
5564.73683579823
5564.45220578969
5564.16758508173
5563.8829736771
5563.59837157853
5563.31377878876
5563.02919531054
5562.7446211466
5562.46005629967
5562.17550077251
5561.89095456784
5561.60641768841
5561.32189013695
5561.0373719162
5560.7528630289
5560.46836347778
5560.1838732656
5559.89939239507
5559.61492086895
5559.33045868996
5559.04600586086
5558.76156238436
5558.47712826322
5558.19270350016
5557.90828809793
5557.62388205926
5557.33948538689
5557.05509808356
5556.770720152
5556.48635159495
5556.20199241515
5555.91764261533
5555.63330219823
5555.34897116659
5555.06464952313
5554.78033727061
5554.49603441175
5554.21174094929
5553.92745688597
5553.64318222452
5553.35891696768
5553.07466111819
5552.79041467877
5552.50617765217
5552.22195004112
5551.93773184835
5551.6535230766
5551.36932372861
5551.08513380712
5550.80095331484
5550.51678225453
5550.23262062891
5549.94846844073
5549.6643256927
5549.38019238758
5549.09606852809
5548.81195411697
5548.52784915695
5548.24375365077
5547.95966760115
5547.67559101084
5547.39152388257
5547.10746621907
5546.82341802308
5546.53937929733
5546.25535004454
5545.97133026747
5545.68731996883
5545.40331915136
5545.1193278178
5544.83534597088
5544.55137361333
5544.26741074788
5543.98345737728
5543.69951350424
5543.4155791315
5543.1316542618
5542.84773889786
5542.56383304242
5542.27993669822
5541.99604986798
5541.71217255443
5541.42830476031
5541.14444648835
5540.86059774129
5540.57675852184
5540.29292883275
5540.00910867675
5539.72529805656
5539.44149697492
5539.15770543456
5538.87392343821
5538.59015098861
5538.30638808847
5538.02263474054
5537.73889094755
5537.45515671221
5537.17143203728
5536.88771692547
5536.60401137951
5536.32031540215
5536.0366289961
5535.75295216409
5535.46928490886
5535.18562723314
5534.90197913966
5534.61834063114
5534.33471171032
5534.05109237992
5533.76748264268
5533.48388250132
5533.20029195858
5532.91671101718
5532.63313967985
5532.34957794932
5532.06602582832
5531.78248331958
5531.49895042582
5531.21542714978
5530.93191349419
5530.64840946177
5530.36491505525
5530.08143027736
5529.79795513082
5529.51448961837
5529.23103374274
5528.94758750664
5528.66415091281
5528.38072396398
5528.09730666288
5527.81389901223
5527.53050101475
5527.24711267318
5526.96373399025
5526.68036496868
5526.39700561119
5526.11365592052
5525.83031589939
5525.54698555053
5525.26366487667
5524.98035388052
5524.69705256483
5524.4137609323
5524.13047898568
5523.84720672769
5523.56394416105
5523.28069128849
5522.99744811273
5522.7142146365
5522.43099086253
5522.14777679355
5521.86457243227
5521.58137778142
5521.29819284373
5521.01501762193
5520.73185211873
5520.44869633687
5520.16555027907
5519.88241394805
5519.59928734654
5519.31617047726
5519.03306334294
5518.74996594631
5518.46687829008
5518.18380037698
5517.90073220973
5517.61767379107
5517.33462512371
5517.05158621038
5516.7685570538
5516.48553765669
5516.20252802179
5515.9195281518
5515.63653804947
5515.3535577175
5515.07058715862
5514.78762637556
5514.50467537104
5514.22173414778
5513.9388027085
5513.65588105594
5513.3729691928
5513.09006712182
5512.80717484571
5512.5242923672
5512.24141968901
5511.95855681386
5511.67570374448
5511.39286048358
5511.11002703389
5510.82720339814
5510.54438957903
5510.2615855793
5509.97879140167
5509.69600704885
5509.41323252358
5509.13046782856
5508.84771296652
5508.56496794019
5508.28223275227
5507.99950740551
5507.71679190261
5507.43408624629
5507.15139043928
5506.8687044843
5506.58602838406
5506.3033621413
5506.02070575872
5505.73805923905
5505.455422585
5505.17279579931
5504.89017888468
5504.60757184385
5504.32497467952
5504.04238739441
5503.75980999126
5503.47724247277
5503.19468484167
5502.91213710067
5502.62959925249
5502.34707129986
5502.06455324549
5501.7820450921
5501.49954684241
5501.21705849914
5500.93458006501
5500.65211154273
5500.36965293502
5500.08720424461
5499.8047654742
5499.52233662653
5499.2399177043
5498.95750871023
5498.67510964705
5498.39272051746
5498.1103413242
5497.82797206996
5497.54561275748
5497.26326338947
5496.98092396865
5496.69859449773
5496.41627497942
5496.13396541646
5495.85166581155
5495.56937616742
5495.28709648677
5495.00482677232
5494.7225670268
5494.44031725291
5494.15807745338
5493.87584763091
5493.59362778824
5493.31141792806
5493.0292180531
5492.74702816607
5492.4648482697
5492.18267836669
5491.90051845975
5491.61836855162
5491.33622864499
5491.05409874259
5490.77197884713
5490.48986896133
5490.2077690879
5489.92567922955
5489.64359938901
5489.36152956898
5489.07946977218
5488.79742000132
5488.51538025912
5488.2333505483
5487.95133087156
5487.66932123163
5487.3873216312
5487.10533207301
5486.82335255976
5486.54138309417
5486.25942367894
5485.9774743168
5485.69553501045
5485.41360576262
5485.13168657601
5484.84977745333
5484.5678783973
5484.28598941064
5484.00411049605
5483.72224165625
5483.44038289394
5483.15853421185
5482.87669561269
5482.59486709916
5482.31304867398
5482.03124033986
5481.74944209952
5481.46765395566
5481.185875911
5480.90410796825
5480.62235013012
5480.34060239932
5480.05886477857
5479.77713727057
5479.49541987803
5479.21371260368
5478.93201545021
5478.65032842034
5478.36865151678
5478.08698474224
5477.80532809943
5477.52368159107
5477.24204521986
5476.96041898851
5476.67880289973
5476.39719695624
5476.11560116074
5475.83401551595
5475.55244002457
5475.27087468931
5474.98931951288
5474.707774498
5474.42623964737
5474.1447149637
5473.86320044969
5473.58169610807
5473.30020194154
5473.0187179528
5472.73724414458
5472.45578051956
5472.17432708047
5471.89288383002
5471.6114507709
5471.33002790584
5471.04861523753
5470.76721276869
5470.48582050202
5470.20443844024
5469.92306658604
5469.64170494215
5469.36035351125
5469.07901229608
5468.79768129932
5468.51636052369
5468.2350499719
5467.95374964665
5467.67245955065
5467.3911796866
5467.10991005722
5466.82865066521
5466.54740151328
5466.26616260413
5465.98493394047
5465.70371552501
5465.42250736045
5465.14130944951
5464.86012179487
5464.57894439926
5464.29777726538
5464.01662039593
5463.73547379362
5463.45433746115
5463.17321140124
5462.89209561658
5462.61099010988
5462.32989488385
5462.04880994119
5461.76773528461
5461.48667091681
5461.20561684049
5460.92457305837
5460.64353957314
5460.36251638752
5460.0815035042
5459.80050092588
5459.51950865528
5459.2385266951
5458.95755504804
5458.67659371681
5458.3956427041
5458.11470201263
5457.8337716451
5457.5528516042
5457.27194189266
5456.99104251315
5456.7101534684
5456.42927476111
5456.14840639397
5455.86754836968
5455.58670069097
5455.30586336051
5455.02503638103
5454.74421975522
5454.46341348578
5454.18261757541
5453.90183202682
5453.62105684272
5453.34029202579
5453.05953757875
5452.7787935043
5452.49805980513
5452.21733648395
5451.93662354347
5451.65592098637
5451.37522881537
5451.09454703317
5450.81387564246
5450.53321464595
5450.25256404634
5449.97192384632
5449.69129404861
5449.41067465589
5449.13006567088
5448.84946709627
5448.56887893476
5448.28830118906
5448.00773386185
5447.72717695585
5447.44663047375
5447.16609441826
5446.88556879206
5446.60505359787
5446.32454883838
5446.04405451629
5445.7635706343
5445.48309719511
5445.20263420142
5444.92218165592
5444.64173956132
5444.36130792032
5444.08088673561
5443.8004760099
5443.52007574588
5443.23968594624
5442.9593066137
5442.67893775094
5442.39857936067
5442.11823144558
5441.83789400837
5441.55756705174
5441.27725057838
5440.996944591
5440.71664909229
5440.43636408495
5440.15608957168
5439.87582555517
5439.59557203812
5439.31532902323
5439.0350965132
5438.75487451071
5438.47466301848
5438.19446203919
5437.91427157554
5437.63409163023
5437.35392220595
5437.0737633054
5436.79361493128
5436.51347708629
5436.23334977311
5435.95323299445
5435.673126753
5435.39303105145
5435.1129458925
5434.83287127886
5434.5528072132
5434.27275369823
5433.99271073665
5433.71267833114
5433.4326564844
5433.15264519913
5432.87264447803
5432.59265432378
5432.31267473908
5432.03270572663
5431.75274728912
5431.47279942924
5431.19286214969
5430.91293545316
5430.63301934235
5430.35311381995
5430.07321888865
5429.79333455115
5429.51346081014
5429.23359766832
5428.95374512837
5428.67390319299
5428.39407186488
5428.11425114672
5427.83444104122
5427.55464155105
5427.27485267892
5426.99507442752
5426.71530679954
5426.43554979767
5426.15580342461
5425.87606768304
5425.59634257566
5425.31662810517
5425.03692427424
5424.75723108558
5424.47754854188
5424.19787664582
5423.91821540011
5423.63856480742
5423.35892487046
5423.07929559191
5422.79967697446
5422.52006902081
5422.24047173365
5421.96088511566
5421.68130916954
5421.40174389797
5421.12218930366
5420.84264538928
5420.56311215753
5420.2835896111
5420.00407775268
5419.72457658496
5419.44508611063
5419.16560633237
5418.88613725289
5418.60667887486
5418.32723120098
5418.04779423393
5417.76836797641
5417.4889524311
5417.2095476007
5416.93015348789
5416.65077009536
5416.3713974258
5416.0920354819
5415.81268426634
5415.53334378182
5415.25401403103
5414.97469501664
5414.69538674136
5414.41608920786
5414.13680241884
5413.85752637698
5413.57826108497
5413.2990065455
5413.01976276126
5412.74052973492
5412.46130746919
5412.18209596675
5411.90289523028
5411.62370526247
5411.34452606602
5411.06535764359
5410.78619999789
5410.5070531316
5410.22791704739
5409.94879174798
5409.66967723602
5409.39057351422
5409.11148058526
5408.83239845183
5408.5533271166
5408.27426658228
5407.99521685153
5407.71617792705
5407.43714981152
5407.15813250764
5406.87912601807
5406.60013034551
5406.32114549265
5406.04217146217
5405.76320825674
5405.48425587907
5405.20531433182
5404.9263836177
5404.64746373937
5404.36855469953
5404.08965650086
5403.81076914604
5403.53189263775
5403.25302697869
5402.97417217153
5402.69532821896
5402.41649512366
5402.13767288832
5401.85886151561
5401.58006100823
5401.30127136885
5401.02249260016
5400.74372470484
5400.46496768557
5400.18622154503
5399.90748628592
5399.6287619109
5399.35004842267
5399.0713458239
5398.79265411728
5398.51397330549
5398.23530339121
5397.95664437713
5397.67799626591
5397.39935906026
5397.12073276284
5396.84211737634
5396.56351290345
5396.28491934683
5396.00633670918
5395.72776499317
5395.44920420148
5395.1706543368
5394.89211540181
5394.61358739918
5394.3350703316
5394.05656420175
5393.7780690123
5393.49958476594
5393.22111146535
5392.94264911321
5392.66419771219
5392.38575726499
5392.10732777427
5391.82890924271
5391.550501673
5391.27210506782
5390.99371942984
5390.71534476174
5390.4369810662
5390.15862834591
5389.88028660354
5389.60195584176
5389.32363606326
5389.04532727072
5388.76702946681
5388.48874265421
5388.2104668356
5387.93220201367
5387.65394819107
5387.3757053705
5387.09747355463
5386.81925274615
5386.54104294771
5386.26284416201
5385.98465639173
5385.70647963953
5385.4283139081
5385.15015920011
5384.87201551823
5384.59388286516
5384.31576124356
5384.0376506561
5383.75955110548
5383.48146259435
5383.2033851254
5382.92531870131
5382.64726332475
5382.36921899839
5382.09118572492
5381.813163507
5381.53515234731
5381.25715224854
5380.97916321335
5380.70118524442
5380.42321834442
5380.14526251603
5379.86731776193
5379.58938408479
5379.31146148728
5379.03354997208
5378.75564954186
5378.4777601993
5378.19988194707
5377.92201478785
5377.64415872431
5377.36631375912
5377.08847989496
5376.8106571345
5376.53284548042
5376.25504493539
5375.97725550208
5375.69947718316
5375.42170998131
5375.14395389921
5374.86620893952
5374.58847510492
5374.31075239808
5374.03304082167
5373.75534037837
5373.47765107085
5373.19997290178
5372.92230587383
5372.64464998968
5372.367005252
5372.08937166345
5371.81174922672
5371.53413794447
5371.25653781937
5370.9789488541
5370.70137105133
5370.42380441372
5370.14624894396
5369.8687046447
5369.59117151863
5369.31364956842
5369.03613879672
5368.75863920622
5368.48115079959
5368.20367357949
5367.92620754859
5367.64875270958
5367.3713090651
5367.09387661785
5366.81645537048
5366.53904532566
5366.26164648608
5365.98425885438
5365.70688243325
5365.42951722536
5365.15216323336
5364.87482045994
5364.59748890776
5364.3201685795
5364.04285947781
5363.76556160536
5363.48827496484
5363.2109995589
5362.93373539021
5362.65648246144
5362.37924077527
5362.10201033435
5361.82479114136
5361.54758319896
5361.27038650982
5360.99320107661
5360.716026902
5360.43886398865
5360.16171233923
5359.88457195641
5359.60744284286
5359.33032500124
5359.05321843422
5358.77612314446
5358.49903913464
5358.22196640741
5357.94490496546
5357.66785481143
5357.390815948
5357.11378837784
5356.83677210361
5356.55976712797
5356.2827734536
5356.00579108315
5355.7288200193
5355.4518602647
5355.17491182203
5354.89797469395
5354.62104888313
5354.34413439222
5354.0672312239
5353.79033938083
5353.51345886567
5353.23658968109
5352.95973182975
5352.68288531432
5352.40605013746
5352.12922630184
5351.85241381012
5351.57561266496
5351.29882286903
5351.02204442499
5350.7452773355
5350.46852160324
5350.19177723085
5349.91504422102
5349.63832257638
5349.36161229963
5349.0849133934
5348.80822586037
5348.53154970321
5348.25488492456
5347.9782315271
5347.70158951349
5347.42495888638
5347.14833964845
5346.87173180236
5346.59513535076
5346.31855029631
5346.04197664169
5345.76541438955
5345.48886354255
5345.21232410335
5344.93579607462
5344.65927945902
5344.3827742592
5344.10628047784
5343.82979811758
5343.55332718109
5343.27686767104
5343.00041959007
5342.72398294086
5342.44755772606
5342.17114394833
5341.89474161034
5341.61835071473
5341.34197126418
5341.06560326135
5340.78924670888
5340.51290160945
5340.2365679657
5339.96024578031
5339.68393505593
5339.40763579521
5339.13134800082
5338.85507167542
5338.57880682167
5338.30255344221
5338.02631153972
5337.75008111685
5337.47386217627
5337.19765472061
5336.92145875256
5336.64527427475
5336.36910128986
5336.09293980054
5335.81678980944
5335.54065131923
5335.26452433256
5334.98840885209
5334.71230488048
5334.43621242038
5334.16013147445
5333.88406204535
5333.60800413573
5333.33195774825
5333.05592288557
5332.77989955034
5332.50388774523
5332.22788747288
5331.95189873595
5331.67592153711
5331.39995587899
5331.12400176427
5330.84805919559
5330.57212817562
5330.296208707
5330.02030079239
5329.74440443445
5329.46851963584
5329.1926463992
5328.91678472719
5328.64093462248
5328.3650960877
5328.08926912552
5327.81345373859
5327.53764992957
5327.26185770111
5326.98607705586
5326.71030799648
5326.43455052562
5326.15880464593
5325.88307036007
5325.6073476707
5325.33163658046
5325.05593709202
5324.78024920801
5324.5045729311
5324.22890826394
5323.95325520919
5323.67761376948
5323.40198394749
5323.12636574585
5322.85075916722
5322.57516421426
5322.29958088962
5322.02400919594
5321.74844913589
5321.47290071211
5321.19736392725
5320.92183878397
5320.64632528492
5320.37082343274
5320.0953332301
5319.81985467964
5319.54438778401
5319.26893254586
5318.99348896785
5318.71805705262
5318.44263680283
5318.16722822113
5317.89183131016
5317.61644607258
5317.34107251104
5317.06571062819
5316.79036042667
5316.51502190914
5316.23969507825
5315.96437993664
5315.68907648697
5315.41378473189
5315.13850467404
5314.86323631607
5314.58797966064
5314.31273471039
5314.03750146797
5313.76227993603
5313.48707011722
5313.21187201419
5312.93668562958
5312.66151096605
5312.38634802624
5312.11119681279
5311.83605732837
5311.56092957561
5311.28581355717
5311.01070927568
5310.7356167338
5310.46053593418
5310.18546687947
5309.9104095723
5309.63536401533
5309.36033021121
5309.08530816257
5308.81029787208
5308.53529934236
5308.26031257608
5307.98533757588
5307.7103743444
5307.43542288429
5307.16048319819
5306.88555528876
5306.61063915863
5306.33573481046
5306.06084224688
5305.78596147055
5305.51109248411
5305.2362352902
5304.96138989148
5304.68655629058
5304.41173449014
5304.13692449282
5303.86212630127
5303.58733991811
5303.312565346
5303.03780258759
5302.76305164551
5302.48831252241
5302.21358522094
5301.93886974374
5301.66416609344
5301.38947427271
5301.11479428417
5300.84012613048
5300.56546981427
5300.29082533819
5300.01619270489
5299.741571917
5299.46696297717
5299.19236588804
5298.91778065225
5298.64320727245
5298.36864575127
5298.09409609137
5297.81955829538
5297.54503236595
5297.27051830571
5296.99601611731
5296.72152580339
5296.4470473666
5296.17258080957
5295.89812613494
5295.62368334536
5295.34925244346
5295.0748334319
5294.8004263133
5294.52603109031
5294.25164776557
5293.97727634173
5293.70291682142
5293.42856920727
5293.15423350194
5292.87990970807
5292.60559782828
5292.33129786523
5292.05700982155
5291.78273369988
5291.50846950286
5291.23421723313
5290.95997689333
5290.6857484861
5290.41153201408
5290.1373274799
5289.86313488621
5289.58895423565
5289.31478553085
5289.04062877445
5288.76648396909
5288.49235111741
5288.21823022204
5287.94412128563
5287.67002431081
5287.39593930022
5287.1218662565
5286.84780518229
5286.57375608021
5286.29971895292
5286.02569380305
5285.75168063323
5285.4776794461
5285.2036902443
5284.92971303046
5284.65574780723
5284.38179457723
5284.10785334311
5283.8339241075
5283.56000687304
5283.28610164236
5283.0122084181
5282.7383272029
5282.46445799938
5282.1906008102
5281.91675563797
5281.64292248534
5281.36910135495
5281.09529224942
5280.8214951714
5280.54771012351
5280.27393710839
5280.00017612869
5279.72642718702
5279.45269028603
5279.17896542835
5278.90525261662
5278.63155185346
5278.35786314152
5278.08418648343
5277.81052188181
5277.53686933931
5277.26322885856
5276.98960044218
5276.71598409283
5276.44237981311
5276.16878760568
5275.89520747317
5275.6216394182
5275.34808344341
5275.07453955143
5274.80100774489
5274.52748802644
5274.25398039869
5273.98048486428
5273.70700142584
5273.43353008601
5273.16007084742
5272.88662371269
5272.61318868446
5272.33976576537
5272.06635495803
5271.7929562651
5271.51956968918
5271.24619523292
5270.97283289895
5270.6994826899
5270.42614460839
5270.15281865706
5269.87950483855
5269.60620315547
5269.33291361045
5269.05963620614
5268.78637094516
5268.51311783014
5268.2398768637
5267.96664804849
5267.69343138712
5267.42022688223
5267.14703453644
5266.8738543524
5266.60068633271
5266.32753048002
5266.05438679695
5265.78125528613
5265.50813595019
5265.23502879176
5264.96193381346
5264.68885101793
5264.41578040778
5264.14272198566
5263.86967575419
5263.59664171599
5263.3236198737
5263.05061022993
5262.77761278733
5262.5046275485
5262.23165451609
5261.95869369272
5261.68574508102
5261.41280868361
5261.13988450311
5260.86697254217
5260.59407280339
5260.32118528941
5260.04831000286
5259.77544694636
5259.50259612254
5259.22975753402
5258.95693118342
5258.68411707338
5258.41131520652
5258.13852558547
5257.86574821284
5257.59298309127
5257.32023022338
5257.04748961179
5256.77476125913
5256.50204516803
5256.2293413411
5255.95664978098
5255.68397049029
5255.41130347164
5255.13864872768
5254.86600626101
5254.59337607426
5254.32075817007
5254.04815255104
5253.7755592198
5253.50297817899
5253.23040943121
5252.9578529791
5252.68530882527
5252.41277697236
5252.14025742297
5251.86775017974
5251.59525524529
5251.32277262224
5251.05030231321
5250.77784432082
5250.5053986477
5250.23296529646
5249.96054426974
5249.68813557015
5249.41573920031
5249.14335516284
5248.87098346038
5248.59862409552
5248.32627707091
5248.05394238916
5247.78162005288
5247.50931006471
5247.23701242725
5246.96472714314
5246.69245421499
5246.42019364543
5246.14794543706
5245.87570959252
5245.60348611442
5245.33127500538
5245.05907626802
5244.78688990497
5244.51471591884
5244.24255431224
5243.97040508781
5243.69826824815
5243.42614379589
5243.15403173365
5242.88193206404
5242.60984478968
5242.3377699132
5242.0657074372
5241.79365736432
5241.52161969716
5241.24959443834
5240.97758159049
5240.70558115622
5240.43359313814
5240.16161753888
5239.88965436105
5239.61770360728
5239.34576528017
5239.07383938234
5238.80192591641
5238.530024885
5238.25813629073
5237.98626013621
5237.71439642405
5237.44254515688
5237.17070633731
5236.89887996795
5236.62706605142
5236.35526459035
5236.08347558733
5235.811699045
5235.53993496596
5235.26818335283
5234.99644420822
5234.72471753476
5234.45300333505
5234.1813016117
5233.90961236735
5233.63793560459
5233.36627132605
5233.09461953434
5232.82298023206
5232.55135342185
5232.2797391063
5232.00813728804
5231.73654796968
5231.46497115383
5231.19340684311
5230.92185504013
5230.65031574749
5230.37878896783
5230.10727470374
5229.83577295784
5229.56428373275
5229.29280703107
5229.02134285543
5228.74989120843
5228.47845209268
5228.20702551079
5227.93561146539
5227.66420995908
5227.39282099447
5227.12144457418
5226.85008070081
5226.57872937697
5226.30739060529
5226.03606438837
5225.76475072882
5225.49344962925
5225.22216109227
5224.9508851205
5224.67962171655
5224.40837088301
5224.13713262252
5223.86590693767
5223.59469383107
5223.32349330535
5223.05230536309
5222.78113000693
5222.50996723946
5222.23881706329
5221.96767948104
5221.69655449531
5221.42544210872
5221.15434232387
5220.88325514337
5220.61218056982
5220.34111860585
5220.07006925406
5219.79903251705
5219.52800839743
5219.25699689782
5218.98599802082
5218.71501176903
5218.44403814508
5218.17307715155
5217.90212879107
5217.63119306624
5217.36026997966
5217.08935953395
5216.81846173171
5216.54757657554
5216.27670406806
5216.00584421188
5215.73499700959
5215.4641624638
5215.19334057713
5214.92253135217
5214.65173479154
5214.38095089784
5214.11017967367
5213.83942112165
5213.56867524437
5213.29794204444
5213.02722152447
5212.75651368707
5212.48581853483
5212.21513607037
5211.94446629629
5211.67380921519
5211.40316482967
5211.13253314235
5210.86191415583
5210.59130787271
5210.32071429559
5210.05013342709
5209.7795652698
5209.50900982632
5209.23846709927
5208.96793709124
5208.69741980484
5208.42691524267
5208.15642340733
5207.88594430144
5207.61547792758
5207.34502428837
5207.07458338641
5206.80415522429
5206.53373980463
5206.26333713002
5205.99294720307
5205.72257002637
5205.45220560254
5205.18185393417
5204.91151502386
5204.64118887422
5204.37087548784
5204.10057486734
5203.8302870153
5203.56001193434
5203.28974962704
5203.01950009602
5202.74926334388
5202.47903937321
5202.20882818661
5201.93862978669
5201.66844417604
5201.39827135727
5201.12811133298
5200.85796410576
5200.58782967822
5200.31770805295
5200.04759923255
5199.77750321964
5199.50742001679
5199.23734962662
5198.96729205172
5198.69724729469
5198.42721535812
5198.15719624463
5197.8871899568
5197.61719649724
5197.34721586855
5197.07724807331
5196.80729311413
5196.53735099361
5196.26742171435
5195.99750527894
5195.72760168998
5195.45771095007
5195.1878330618
5194.91796802778
5194.6481158506
5194.37827653285
5194.10845007713
5193.83863648605
5193.56883576219
5193.29904790816
5193.02927292655
5192.75951081995
5192.48976159096
5192.22002524219
5191.95030177621
5191.68059119564
5191.41089350306
5191.14120870107
5190.87153679226
5190.60187777924
5190.33223166459
5190.06259845092
5189.79297814081
5189.52337073686
5189.25377624167
5188.98419465782
5188.71462598792
5188.44507023456
5188.17552740033
5187.90599748783
5187.63648049965
5187.36697643838
5187.09748530662
5186.82800710696
5186.55854184199
5186.28908951431
5186.01965012651
5185.75022368119
5185.48081018093
5185.21140962833
5184.94202202599
5184.67264737649
5184.40328568242
5184.13393694638
5183.86460117097
5183.59527835877
5183.32596851237
5183.05667163437
5182.78738772736
5182.51811679392
5182.24885883666
5181.97961385816
5181.71038186102
5181.44116284782
5181.17195682115
5180.90276378361
5180.63358373779
5180.36441668627
5180.09526263165
5179.82612157652
5179.55699352347
5179.28787847508
5179.01877643395
5178.74968740267
5178.48061138383
5178.21154838001
5177.94249839381
5177.67346142781
5177.40443748461
5177.13542656679
5176.86642867694
5176.59744381765
5176.32847199152
5176.05951320112
5175.79056744904
5175.52163473788
5175.25271507023
5174.98380844866
5174.71491487577
5174.44603435415
5174.17716688638
5173.90831247506
5173.63947112276
5173.37064283207
5173.10182760559
5172.8330254459
5172.56423635559
5172.29546033724
5172.02669739344
5171.75794752678
5171.48921073983
5171.2204870352
5170.95177641547
5170.68307888321
5170.41439444102
5170.14572309148
5169.87706483718
5169.60841968071
5169.33978762464
5169.07116867157
5168.80256282408
5168.53397008475
5168.26539045617
5167.99682394092
5167.7282705416
5167.45973026077
5167.19120310103
5166.92268906497
5166.65418815516
5166.38570037419
5166.11722572464
5165.8487642091
5165.58031583015
5165.31188059037
5165.04345849235
5164.77504953867
5164.50665373191
5164.23827107466
5163.9699015695
5163.70154521901
5163.43320202578
5163.16487199238
5162.8965551214
5162.62825141543
5162.35996087703
5162.0916835088
5161.82341931332
5161.55516829317
5161.28693045093
5161.01870578918
5160.7504943105
5160.48229601748
5160.21411091269
5159.94593899872
5159.67778027814
5159.40963475354
5159.1415024275
5158.8733833026
5158.60527738142
5158.33718466654
5158.06910516053
5157.80103886599
5157.53298578548
5157.26494592159
5156.9969192769
5156.72890585399
5156.46090565543
5156.19291868381
5155.9249449417
5155.65698443168
5155.38903715634
5155.12110311825
5154.85318231999
5154.58527476414
5154.31738045327
5154.04949938996
5153.7816315768
5153.51377701636
5153.24593571121
5152.97810766394
5152.71029287712
5152.44249135334
5152.17470309516
5151.90692810516
5151.63916638593
5151.37141794003
5151.10368277005
5150.83596087856
5150.56825226813
5150.30055694135
5150.03287490079
5149.76520614903
5149.49755068864
5149.2299085222
5148.96227965228
5148.69466408146
5148.42706181232
5148.15947284743
5147.89189718936
5147.62433484069
5147.356785804
5147.08925008185
5146.82172767684
5146.55421859152
5146.28672282847
5146.01924039027
5145.7517712795
5145.48431549872
5145.21687305051
5144.94944393744
5144.68202816209
5144.41462572704
5144.14723663484
5143.87986088809
5143.61249848934
5143.34514944118
5143.07781374617
5142.8104914069
5142.54318242592
5142.27588680582
5142.00860454917
5141.74133565853
5141.47408013649
5141.20683798561
5140.93960920846
5140.67239380762
5140.40519178566
5140.13800314514
5139.87082788865
5139.60366601875
5139.33651753802
5139.06938244901
5138.80226075431
5138.53515245649
5138.26805755811
5138.00097606175
5137.73390796998
5137.46685328536
5137.19981201047
5136.93278414788
5136.66576970015
5136.39876866986
5136.13178105958
5135.86480687187
5135.5978461093
5135.33089877445
5135.06396486988
5134.79704439816
5134.53013736186
5134.26324376355
5133.9963636058
5133.72949689117
5133.46264362224
5133.19580380157
5132.92897743172
5132.66216451528
5132.3953650548
5132.12857905286
5131.86180651201
5131.59504743483
5131.32830182389
5131.06156968175
5130.79485101098
5130.52814581414
5130.26145409381
5129.99477585254
5129.72811109291
5129.46145981748
5129.19482202882
5128.92819772949
5128.66158692206
5128.3949896091
5128.12840579317
5127.86183547683
5127.59527866266
5127.32873535321
5127.06220555105
5126.79568925876
5126.52918647888
5126.26269721399
5125.99622146665
5125.72975923943
5125.46331053489
5125.19687535559
5124.93045370411
5124.66404558299
5124.39765099481
5124.13126994213
5123.86490242751
5123.59854845352
5123.33220802272
5123.06588113767
5122.79956780094
5122.53326801509
5122.26698178268
5122.00070910627
5121.73444998843
5121.46820443172
5121.20197243871
5120.93575401194
5120.66954915399
5120.40335786742
5120.13718015479
5119.87101601866
5119.60486546159
5119.33872848615
5119.07260509489
5118.80649529037
5118.54039907516
5118.27431645183
5118.00824742291
5117.74219199099
5117.47615015862
5117.21012192835
5116.94410730276
5116.6781062844
5116.41211887582
5116.1461450796
5115.88018489828
5115.61423833444
5115.34830539062
5115.08238606938
5114.8164803733
5114.55058830492
5114.2847098668
5114.01884506151
5113.75299389159
5113.48715635962
5113.22133246815
5112.95552221973
5112.68972561693
5112.42394266229
5112.15817335839
5111.89241770778
5111.62667571301
5111.36094737664
5111.09523270124
5110.82953168935
5110.56384434353
5110.29817066635
5110.03251066035
5109.7668643281
5109.50123167215
5109.23561269505
5108.97000739937
5108.70441578766
5108.43883786248
5108.17327362637
5107.9077230819
5107.64218623163
5107.3766630781
5107.11115362387
5106.84565787151
5106.58017582355
5106.31470748257
5106.0492528511
5105.78381193172
5105.51838472697
5105.2529712394
5104.98757147158
5104.72218542605
5104.45681310536
5104.19145451209
5103.92610964876
5103.66077851795
5103.3954611222
5103.13015746407
5102.8648675461
5102.59959137086
5102.3343289409
5102.06908025876
5101.80384532701
5101.53862414819
5101.27341672485
5101.00822305956
5100.74304315485
5100.47787701329
5100.21272463742
5099.94758602979
5099.68246119297
5099.41735012949
5099.15225284191
5098.88716933279
5098.62209960467
5098.3570436601
5098.09200150164
5097.82697313183
5097.56195855323
5097.29695776838
5097.03197077984
5096.76699759015
5096.50203820188
5096.23709261755
5095.97216083974
5095.70724287098
5095.44233871382
5095.17744837082
5094.91257184453
5094.64770913748
5094.38286025224
5094.11802519135
5093.85320395735
5093.58839655281
5093.32360298026
5093.05882324225
5092.79405734134
5092.52930528007
5092.26456706098
5091.99984268664
5091.73513215957
5091.47043548234
5091.20575265748
5090.94108368755
5090.6764285751
5090.41178732266
5090.14715993279
5089.88254640803
5089.61794675094
5089.35336096405
5089.08878904991
5088.82423101107
5088.55968685007
5088.29515656946
5088.03064017179
5087.76613765961
5087.50164903545
5087.23717430186
5086.97271346139
5086.70826651658
5086.44383346998
5086.17941432413
5085.91500908158
5085.65061774487
5085.38624031655
5085.12187679916
5084.85752719524
5084.59319150734
5084.328869738
5084.06456188977
5083.80026796519
5083.5359879668
5083.27172189715
5083.00746975878
5082.74323155423
5082.47900728605
5082.21479695677
5081.95060056895
5081.68641812511
5081.42224962782
5081.1580950796
5080.89395448301
5080.62982784057
5080.36571515485
5080.10161642836
5079.83753166367
5079.5734608633
5079.3094040298
5079.04536116572
5078.78133227359
5078.51731735595
5078.25331641534
5077.98932945431
5077.7253564754
5077.46139748114
5077.19745247408
5076.93352145675
5076.6696044317
5076.40570140146
5076.14181236859
5075.8779373356
5075.61407630505
5075.35022927948
5075.08639626141
5074.8225772534
5074.55877225798
5074.29498127769
5074.03120431507
5073.76744137266
5073.50369245299
5073.2399575586
5072.97623669204
5072.71252985583
5072.44883705252
5072.18515828465
5071.92149355475
5071.65784286536
5071.39420621901
5071.13058361825
5070.86697506561
5070.60338056363
5070.33980011485
5070.07623372179
5069.81268138701
5069.54914311303
5069.28561890238
5069.02210875762
5068.75861268127
5068.49513067586
5068.23166274394
5067.96820888804
5067.70476911069
5067.44134341444
5067.1779318018
5066.91453427533
5066.65115083756
5066.38778149101
5066.12442623823
5065.86108508174
5065.59775802409
5065.3344450678
5065.07114621542
5064.80786146947
5064.54459083249
5064.28133430701
5064.01809189557
5063.7548636007
5063.49164942493
5063.22844937079
5062.96526344082
5062.70209163756
5062.43893396353
5062.17579042126
5061.91266101329
5061.64954574216
5061.38644461038
5061.1233576205
5060.86028477505
5060.59722607656
5060.33418152756
5060.07115113058
5059.80813488815
5059.5451328028
5059.28214487707
5059.01917111349
5058.75621151459
5058.49326608289
5058.23033482093
5057.96741773123
5057.70451481634
5057.44162607877
5057.17875152107
5056.91589114575
5056.65304495535
5056.39021295239
5056.12739513942
5055.86459151894
5055.60180209351
5055.33902686564
5055.07626583786
5054.8135190127
5054.5507863927
5054.28806798037
5054.02536377825
5053.76267378886
5053.49999801474
5053.23733645841
5052.9746891224
5052.71205600923
5052.44943712144
5052.18683246155
5051.92424203209
5051.66166583558
5051.39910387456
5051.13655615154
5050.87402266906
5050.61150342965
5050.34899843582
5050.08650769011
5049.82403119504
5049.56156895313
5049.29912096692
5049.03668723893
5048.77426777168
5048.51186256771
5048.24947162952
5047.98709495966
5047.72473256064
5047.462384435
5047.20005058524
5046.93773101391
5046.67542572352
5046.4131347166
5046.15085799567
5045.88859556326
5045.62634742188
5045.36411357408
5045.10189402236
5044.83968876925
5044.57749781727
5044.31532116895
5044.05315882682
5043.79101079339
5043.52887707118
5043.26675766272
5043.00465257054
5042.74256179715
5042.48048534508
5042.21842321684
5041.95637541497
5041.69434194197
5041.43232280039
5041.17031799272
5040.90832752151
5040.64635138926
5040.38438959851
5040.12244215176
5039.86050905154
5039.59859030038
5039.33668590079
5039.07479585529
5038.81292016641
5038.55105883666
5038.28921186857
5038.02737926465
5037.76556102742
5037.5037571594
5037.24196766312
5036.98019254109
5036.71843179583
5036.45668542987
5036.19495344571
5035.93323584588
5035.67153263289
5035.40984380928
5035.14816937754
5034.88650934021
5034.62486369979
5034.36323245882
5034.1016156198
5033.84001318526
5033.5784251577
5033.31685153966
5033.05529233364
5032.79374754216
5032.53221716774
5032.2707012129
5032.00919968016
5031.74771257202
5031.48623989101
5031.22478163965
5030.96333782044
5030.70190843591
5030.44049348857
5030.17909298093
5029.91770691552
5029.65633529485
5029.39497812142
5029.13363539777
5028.8723071264
5028.61099330983
5028.34969395057
5028.08840905115
5027.82713861406
5027.56588264183
5027.30464113697
5027.043414102
5026.78220153942
5026.52100345176
5026.25981984152
5025.99865071122
5025.73749606338
5025.47635590051
5025.21523022511
5024.9541190397
5024.69302234681
5024.43194014893
5024.17087244858
5023.90981924827
5023.64878055052
5023.38775635784
5023.12674667273
5022.86575149772
5022.60477083531
5022.34380468802
5022.08285305835
5021.82191594882
5021.56099336194
5021.30008530022
5021.03919176617
5020.7783127623
5020.51744829112
5020.25659835514
5019.99576295688
5019.73494209884
5019.47413578353
5019.21334401347
5018.95256679115
5018.6918041191
5018.43105599982
5018.17032243583
5017.90960342962
5017.64889898371
5017.38820910061
5017.12753378283
5016.86687303287
5016.60622685325
5016.34559524646
5016.08497821503
5015.82437576146
5015.56378788826
5015.30321459793
5015.04265589298
5014.78211177592
5014.52158224925
5014.2610673155
5014.00056697715
5013.74008123672
5013.47961009672
5013.21915355965
5012.95871162801
5012.69828430432
5012.43787159108
5012.1774734908
5011.91709000599
5011.65672113914
5011.39636689276
5011.13602726937
5010.87570227146
5010.61539190154
5010.35509616212
5010.09481505569
5009.83454858478
5009.57429675187
5009.31405955948
5009.05383701011
5008.79362910626
5008.53343585044
5008.27325724515
5008.0130932929
5007.75294399619
5007.49280935752
5007.23268937939
5006.97258406432
5006.7124934148
5006.45241743333
5006.19235612242
5005.93230948458
5005.6722775223
5005.41226023808
5005.15225763444
5004.89226971386
5004.63229647886
5004.37233793193
5004.11239407558
5003.85246491231
5003.59255044461
5003.332650675
5003.07276560597
5002.81289524002
5002.55303957966
5002.29319862738
5002.03337238569
5001.77356085708
5001.51376404406
5001.25398194913
5000.99421457478
5000.73446192352
5000.47472399784
5000.21500080025
4999.95529233324
4999.69559859932
4999.43591960099
4999.17625534073
4998.91660582106
4998.65697104447
4998.39735101346
4998.13774573052
4997.87815519816
4997.61857941888
4997.35901839516
4997.09947212952
4996.83994062445
4996.58042388243
4996.32092190599
4996.0614346976
4995.80196225977
4995.542504595
4995.28306170577
4995.0236335946
4994.76422026397
4994.50482171638
4994.24543795433
4993.98606898031
4993.72671479682
4993.46737540636
4993.20805081142
4992.9487410145
4992.68944601809
4992.43016582468
4992.17090043679
4991.91164985689
4991.65241408748
4991.39319313106
4991.13398699012
4990.87479566717
4990.61561916468
4990.35645748516
4990.0973106311
4989.83817860499
4989.57906140933
4989.31995904661
4989.06087151933
4988.80179882998
4988.54274098104
4988.28369797502
4988.02466981441
4987.7656565017
4987.50665803938
4987.24767442995
4986.98870567589
4986.72975177971
4986.47081274388
4986.21188857091
4985.95297926329
4985.6940848235
4985.43520525404
4985.1763405574
4984.91749073607
4984.65865579255
4984.39983572932
4984.14103054887
4983.8822402537
4983.62346484629
4983.36470432914
4983.10595870473
4982.84722797556
4982.58851214412
4982.32981121289
4982.07112518437
4981.81245406104
4981.5537978454
4981.29515653993
4981.03653014712
4980.77791866946
4980.51932210944
4980.26074046955
4980.00217375228
4979.74362196012
4979.48508509554
4979.22656316105
4978.96805615913
4978.70956409227
4978.45108696295
4978.19262477367
4977.9341775269
4977.67574522514
4977.41732787088
4977.15892546659
4976.90053801478
4976.64216551792
4976.3838079785
4976.125465399
4975.86713778193
4975.60882512975
4975.35052744495
4975.09224473003
4974.83397698746
4974.57572421974
4974.31748642934
4974.05926361876
4973.80105579047
4973.54286294697
4973.28468509073
4973.02652222425
4972.76837435
4972.51024147047
4972.25212358815
4971.99402070552
4971.73593282506
4971.47785994925
4971.21980208059
4970.96175922155
4970.70373137462
4970.44571854228
4970.18772072701
4969.92973793129
4969.67177015762
4969.41381740846
4969.15587968631
4968.89795699365
4968.64004933295
4968.38215670671
4968.1242791174
4967.8664165675
4967.60856905949
4967.35073659586
4967.09291917909
4966.83511681166
4966.57732949605
4966.31955723474
4966.06180003022
4965.80405788495
4965.54633080143
4965.28861878213
4965.03092182953
4964.77323994612
4964.51557313437
4964.25792139676
4964.00028473577
4963.74266315389
4963.48505665358
4963.22746523734
4962.96988890763
4962.71232766695
4962.45478151775
4962.19725046254
4961.93973450377
4961.68223364394
4961.42474788552
4961.16727723098
4960.90982168281
4960.65238124348
4960.39495591548
4960.13754570127
4959.88015060333
4959.62277062415
4959.3654057662
4959.10805603195
4958.85072142389
4958.59340194448
4958.33609759621
4958.07880838155
4957.82153430298
4957.56427536297
4957.307031564
4957.04980290854
4956.79258939908
4956.53539103808
4956.27820782802
4956.02103977137
4955.76388687062
4955.50674912823
4955.24962654669
4954.99251912845
4954.73542687601
4954.47834979183
4954.22128787839
4953.96424113815
4953.7072095736
4953.45019318721
4953.19319198145
4952.9362059588
4952.67923512172
4952.42227947269
4952.16533901419
4951.90841374868
4951.65150367865
4951.39460880655
4951.13772913487
4950.88086466607
4950.62401540263
4950.36718134702
4950.11036250171
4949.85355886918
4949.59677045189
4949.33999725231
4949.08323927292
4948.82649651619
4948.56976898458
4948.31305668057
4948.05635960664
4947.79967776524
4947.54301115885
4947.28635978994
4947.02972366099
4946.77310277445
4946.5164971328
4946.25990673851
4946.00333159405
4945.74677170188
4945.49022706448
4945.23369768432
4944.97718356386
4944.72068470557
4944.46420111192
4944.20773278538
4943.95127972842
4943.6948419435
4943.4384194331
4943.18201219968
4942.92562024571
4942.66924357365
4942.41288218597
4942.15653608515
4941.90020527364
4941.64388975392
4941.38758952845
4941.13130459969
4940.87503497012
4940.6187806422
4940.36254161839
4940.10631790117
4939.85010949299
4939.59391639633
4939.33773861364
4939.0815761474
4938.82542900007
4938.56929717412
4938.313180672
4938.05707949619
4937.80099364914
4937.54492313333
4937.28886795122
4937.03282810527
4936.77680359794
4936.5207944317
4936.26480060902
4936.00882213236
4935.75285900417
4935.49691122693
4935.24097880309
4934.98506173513
4934.7291600255
4934.47327367666
4934.21740269108
4933.96154707122
4933.70570681954
4933.44988193851
4933.19407243059
4932.93827829823
4932.6824995439
4932.42673617007
4932.17098817919
4931.91525557372
4931.65953835613
4931.40383652887
4931.14815009441
4930.89247905521
4930.63682341372
4930.38118317242
4930.12555833375
4929.86994890018
4929.61435487417
4929.35877625818
4929.10321305467
4928.84766526609
4928.59213289491
4928.33661594359
4928.08111441458
4927.82562831035
4927.57015763334
4927.31470238603
4927.05926257087
4926.80383819031
4926.54842924682
4926.29303574285
4926.03765768087
4925.78229506332
4925.52694789267
4925.27161617137
4925.01629990189
4924.76099908667
4924.50571372818
4924.25044382887
4923.9951893912
4923.73995041762
4923.48472691059
4923.22951887257
4922.97432630602
4922.71914921338
4922.46398759712
4922.20884145969
4921.95371080355
4921.69859563115
4921.44349594494
4921.18841174738
4920.93334304094
4920.67828982805
4920.42325211117
4920.16822989277
4919.91322317529
4919.65823196119
4919.40325625292
4919.14829605294
4918.8933513637
4918.63842218765
4918.38350852725
4918.12861038494
4917.87372776319
4917.61886066444
4917.36400909116
4917.10917304578
4916.85435253077
4916.59954754857
4916.34475810164
4916.08998419243
4915.83522582339
4915.58048299697
4915.32575571563
4915.07104398181
4914.81634779798
4914.56166716657
4914.30700209004
4914.05235257084
4913.79771861142
4913.54310021423
4913.28849738172
4913.03391011635
4912.77933842056
4912.5247822968
4912.27024174752
4912.01571677517
4911.76120738221
4911.50671357107
4911.25223534421
4910.99777270408
4910.74332565313
4910.4888941938
4910.23447832855
4909.98007805982
4909.72569339006
4909.47132432172
4909.21697085725
4908.96263299909
4908.70831074969
4908.45400411151
4908.19971308698
4907.94543767855
4907.69117788868
4907.43693371981
4907.18270517438
4906.92849225484
4906.67429496364
4906.42011330322
4906.16594727604
4905.91179688453
4905.65766213115
4905.40354301833
4905.14943954852
4904.89535172418
4904.64127954774
4904.38722302165
4904.13318214835
4903.87915693029
4903.62514736992
4903.37115346967
4903.117175232
4902.86321265934
4902.60926575414
4902.35533451885
4902.10141895591
4901.84751906776
4901.59363485684
4901.33976632561
4901.08591347649
4900.83207631194
4900.5782548344
4900.32444904631
4900.07065895011
4899.81688454825
4899.56312584316
4899.30938283729
4899.05565553309
4898.80194393298
4898.54824803943
4898.29456785486
4898.04090338171
4897.78725462244
4897.53362157947
4897.28000425526
4897.02640265224
4896.77281677285
4896.51924661953
4896.26569219472
4896.01215350087
4895.75863054041
4895.50512331578
4895.25163182943
4894.99815608378
4894.74469608129
4894.49125182439
4894.23782331552
4893.98441055711
4893.73101355161
4893.47763230146
4893.22426680909
4892.97091707695
4892.71758310746
4892.46426490307
4892.21096246622
4891.95767579934
4891.70440490488
4891.45114978526
4891.19791044293
4890.94468688032
4890.69147909988
4890.43828710402
4890.18511089521
4889.93195047586
4889.67880584842
4889.42567701532
4889.172563979
4888.91946674189
4888.66638530644
4888.41331967506
4888.16026985021
4887.90723583432
4887.65421762982
4887.40121523914
4887.14822866473
4886.89525790901
4886.64230297442
4886.38936386339
4886.13644057837
4885.88353312177
4885.63064149605
4885.37776570362
4885.12490574693
4884.8720616284
4884.61923335048
4884.36642091559
4884.11362432616
4883.86084358464
4883.60807869345
4883.35532965502
4883.10259647179
4882.84987914619
4882.59717768065
4882.3444920776
4882.09182233948
4881.83916846871
4881.58653046773
4881.33390833898
4881.08130208487
4880.82871170784
4880.57613721033
4880.32357859476
4880.07103586356
4879.81850901917
4879.56599806401
4879.31350300051
4879.06102383111
4878.80856055823
4878.55611318431
4878.30368171177
4878.05126614304
4877.79886648055
4877.54648272673
4877.29411488401
4877.04176295482
4876.78942694159
4876.53710684674
4876.2848026727
4876.03251442191
4875.78024209678
4875.52798569975
4875.27574523324
4875.02352069969
4874.77131210151
4874.51911944115
4874.26694272101
4874.01478194354
4873.76263711115
4873.51050822627
4873.25839529134
4873.00629830877
4872.75421728099
4872.50215221043
4872.25010309952
4871.99806995067
4871.74605276632
4871.49405154889
4871.2420663008
4870.99009702449
4870.73814372237
4870.48620639687
4870.23428505042
4869.98237968543
4869.73049030434
4869.47861690956
4869.22675950353
4868.97491808866
4868.72309266737
4868.47128324211
4868.21948981527
4867.9677123893
4867.7159509666
4867.46420554961
4867.21247614075
4866.96076274243
4866.70906535709
4866.45738398715
4866.20571863502
4865.95406930312
4865.70243599389
4865.45081870974
4865.19921745309
4864.94763222637
4864.69606303199
4864.44450987238
4864.19297274996
4863.94145166714
4863.68994662635
4863.43845763002
4863.18698468055
4862.93552778037
4862.6840869319
4862.43266213756
4862.18125339976
4861.92986072094
4861.6784841035
4861.42712354987
4861.17577906247
4860.92445064371
4860.67313829601
4860.42184202179
4860.17056182348
4859.91929770348
4859.66804966422
4859.41681770811
4859.16560183758
4858.91440205503
4858.66321836289
4858.41205076358
4858.16089925951
4857.90976385309
4857.65864454675
4857.40754134291
4857.15645424397
4856.90538325235
4856.65432837048
4856.40328960077
4856.15226694562
4855.90126040747
4855.65026998872
4855.39929569179
4855.14833751909
4854.89739547305
4854.64646955607
4854.39555977057
4854.14466611897
4853.89378860367
4853.6429272271
4853.39208199166
4853.14125289978
4852.89043995386
4852.63964315632
4852.38886250958
4852.13809801604
4851.88734967812
4851.63661749823
4851.38590147879
4851.13520162221
4850.88451793089
4850.63385040727
4850.38319905373
4850.13256387271
4849.8819448666
4849.63134203783
4849.3807553888
4849.13018492193
4848.87963063962
4848.62909254429
4848.37857063835
4848.1280649242
4847.87757540427
4847.62710208096
4847.37664495669
4847.12620403385
4846.87577931486
4846.62537080214
4846.37497849809
4846.12460240512
4845.87424252564
4845.62389886207
4845.3735714168
4845.12326019225
4844.87296519083
4844.62268641494
4844.372423867
4844.12217754941
4843.87194746459
4843.62173361493
4843.37153600285
4843.12135463076
4842.87118950106
4842.62104061616
4842.37090797847
4842.1207915904
4841.87069145434
4841.62060757272
4841.37053994793
4841.12048858238
4840.87045347848
4840.62043463864
4840.37043206526
4840.12044576075
4839.8704757275
4839.62052196794
4839.37058448446
4839.12066327947
4838.87075835537
4838.62086971457
4838.37099735948
4838.1211412925
4837.87130151603
4837.62147803247
4837.37167084424
4837.12187995373
4836.87210536336
4836.62234707551
4836.37260509261
4836.12287941704
4835.87317005122
4835.62347699755
4835.37380025842
4835.12413983625
4834.87449573343
4834.62486795237
4834.37525649547
4834.12566136514
4833.87608256376
4833.62652009376
4833.37697395752
4833.12744415745
4832.87793069595
4832.62843357542
4832.37895279826
4832.12948836688
4831.88004028368
4831.63060855105
4831.38119317139
4831.13179414711
4830.88241148061
4830.63304517428
4830.38369523053
4830.13436165175
4829.88504444035
4829.63574359872
4829.38645912927
4829.13719103438
4828.88793931647
4828.63870397793
4828.38948502116
4828.14028244856
4827.89109626252
4827.64192646544
4827.39277305972
4827.14363604777
4826.89451543197
4826.64541121472
4826.39632339843
4826.14725198548
4825.89819697828
4825.64915837922
4825.4001361907
4825.15113041511
4824.90214105486
4824.65316811233
4824.40421158993
4824.15527149005
4823.90634781508
4823.65744056742
4823.40854974947
4823.15967536362
4822.91081741227
4822.66197589781
4822.41315082264
4822.16434218914
4821.91554999973
4821.66677425678
4821.41801496269
4821.16927211986
4820.92054573069
4820.67183579756
4820.42314232286
4820.174465309
4819.92580475837
4819.67716067335
4819.42853305634
4819.17992190974
4818.93132723593
4818.68274903732
4818.43418731628
4818.18564207521
4817.93711331651
4817.68860104257
4817.44010525578
4817.19162595852
4816.94316315319
4816.69471684219
4816.4462870279
4816.19787371271
4815.94947689902
4815.70109658921
4815.45273278568
4815.20438549081
4814.956054707
4814.70774043663
4814.4594426821
4814.21116144579
4813.96289673009
4813.7146485374
4813.4664168701
4813.21820173058
4812.97000312123
4812.72182104444
4812.47365550259
4812.22550649808
4811.97737403329
4811.72925811061
4811.48115873243
4811.23307590114
4810.98500961912
4810.73695988876
4810.48892671245
4810.24091009257
4809.99291003151
4809.74492653167
4809.49695959542
4809.24900922514
4809.00107542324
4808.75315819209
4808.50525753408
4808.2573734516
4808.00950594702
4807.76165502274
4807.51382068114
4807.26600292461
4807.01820175553
4806.77041717629
4806.52264918926
4806.27489779684
4806.02716300141
4805.77944480535
4805.53174321105
4805.28405822089
4805.03638983726
4804.78873806253
4804.5411028991
4804.29348434933
4804.04588241563
4803.79829710037
4803.55072840593
4803.30317633469
4803.05564088904
4802.80812207137
4802.56061988404
4802.31313432945
4802.06566540997
4801.81821312799
4801.57077748589
4801.32335848605
4801.07595613085
4800.82857042267
4800.5812013639
4800.3338489569
4800.08651320407
4799.83919410779
4799.59189167043
4799.34460589437
4799.09733678199
4798.85008433568
4798.60284855781
4798.35562945076
4798.10842701692
4797.86124125865
4797.61407217834
4797.36691977837
4797.11978406112
4796.87266502896
4796.62556268427
4796.37847702943
4796.13140806682
4795.88435579882
4795.6373202278
4795.39030135614
4795.14329918622
4794.89631372042
4794.64934496111
4794.40239291066
4794.15545757147
4793.90853894589
4793.66163703631
4793.41475184511
4793.16788337465
4792.92103162732
4792.6741966055
4792.42737831155
4792.18057674785
4791.93379191678
4791.68702382071
4791.44027246202
4791.19353784308
4790.94681996627
4790.70011883396
4790.45343444852
4790.20676681233
4789.96011592776
4789.71348179719
4789.46686442299
4789.22026380754
4788.97367995319
4788.72711286234
4788.48056253735
4788.2340289806
4787.98751219445
4787.74101218128
4787.49452894346
4787.24806248337
4787.00161280337
4786.75517990585
4786.50876379316
4786.26236446768
4786.01598193178
4785.76961618784
4785.52326723822
4785.27693508529
4785.03061973143
4784.78432117901
4784.53803943039
4784.29177448795
4784.04552635405
4783.79929503107
4783.55308052137
4783.30688282734
4783.06070195132
4782.8145378957
4782.56839066284
4782.32226025511
4782.07614667488
4781.83004992452
4781.5839700064
4781.33790692288
4781.09186067633
4780.84583126913
4780.59981870363
4780.35382298221
4780.10784410724
4779.86188208107
4779.61593690608
4779.37000858464
4779.1240971191
4778.87820251185
4778.63232476524
4778.38646388164
4778.14061986341
4777.89479271293
4777.64898243256
4777.40318902466
4777.1574124916
4776.91165283574
