7999.9479055467
7999.89578211076
7999.84362969268
7999.79144829296
7999.7392379121
7999.68699855061
7999.634730209
7999.58243288775
7999.53010658738
7999.47775130839
7999.42536705128
7999.37295381656
7999.32051160473
7999.26804041629
7999.21554025176
7999.16301111164
7999.11045299642
7999.05786590663
7999.00524984276
7998.95260480531
7998.89993079481
7998.84722781175
7998.79449585664
7998.74173492999
7998.68894503231
7998.6361261641
7998.58327832587
7998.53040151813
7998.4774957414
7998.42456099617
7998.37159728296
7998.31860460228
7998.26558295464
7998.21253234054
7998.15945276051
7998.10634421504
7998.05320670466
7998.00004022987
7997.94684479118
7997.89362038911
7997.84036702417
7997.78708469687
7997.73377340772
7997.68043315723
7997.62706394593
7997.57366577432
7997.52023864292
7997.46678255224
7997.4132975028
7997.3597834951
7997.30624052968
7997.25266860703
7997.19906772768
7997.14543789214
7997.09177910093
7997.03809135456
7996.98437465356
7996.93062899843
7996.8768543897
7996.82305082789
7996.7692183135
7996.71535684706
7996.66146642909
7996.60754706011
7996.55359874063
7996.49962147118
7996.44561525227
7996.39158008442
7996.33751596815
7996.28342290399
7996.22930089246
7996.17514993406
7996.12097002934
7996.0667611788
7996.01252338297
7995.95825664237
7995.90396095753
7995.84963632896
7995.79528275719
7995.74090024274
7995.68648878613
7995.6320483879
7995.57757904856
7995.52308076863
7995.46855354865
7995.41399738913
7995.3594122906
7995.30479825359
7995.25015527862
7995.19548336622
7995.14078251692
7995.08605273123
7995.03129400969
7994.97650635283
7994.92168976116
7994.86684423523
7994.81196977555
7994.75706638266
7994.70213405708
7994.64717279934
7994.59218260997
7994.53716348951
7994.48211543847
7994.42703845739
7994.3719325468
7994.31679770723
7994.26163393921
7994.20644124327
7994.15121961995
7994.09596906976
7994.04068959325
7993.98538119095
7993.93004386339
7993.8746776111
7993.81928243462
7993.76385833447
7993.7084053112
7993.65292336533
7993.5974124974
7993.54187270794
7993.48630399749
7993.43070636658
7993.37507981576
7993.31942434554
7993.26373995647
7993.20802664909
7993.15228442392
7993.09651328152
7993.0407132224
7992.98488424712
7992.92902635621
7992.8731395502
7992.81722382963
7992.76127919505
7992.70530564698
7992.64930318598
7992.59327181257
7992.5372115273
7992.4811223307
7992.42500422333
7992.3688572057
7992.31268127837
7992.25647644188
7992.20024269677
7992.14398004358
7992.08768848285
7992.03136801512
7991.97501864093
7991.91864036083
7991.86223317536
7991.80579708506
7991.74933209048
7991.69283819215
7991.63631539063
7991.57976368645
7991.52318308017
7991.46657357231
7991.40993516344
7991.35326785409
7991.29657164482
7991.23984653615
7991.18309252865
7991.12630962286
7991.06949781932
7991.01265711858
7990.95578752119
7990.8988890277
7990.84196163864
7990.78500535458
7990.72802017606
7990.67100610362
7990.61396313782
7990.55689127921
7990.49979052833
7990.44266088573
7990.38550235196
7990.32831492758
7990.27109861314
7990.21385340917
7990.15657931624
7990.0992763349
7990.0419444657
7989.98458370919
7989.92719406591
7989.86977553644
7989.8123281213
7989.75485182107
7989.69734663629
7989.63981256752
7989.5822496153
7989.5246577802
7989.46703706277
7989.40938746356
7989.35170898313
7989.29400162203
7989.23626538081
7989.17850026004
7989.12070626027
7989.06288338205
7989.00503162595
7988.94715099251
7988.8892414823
7988.83130309588
7988.77333583379
7988.7153396966
7988.65731468487
7988.59926079915
7988.54117804001
7988.483066408
7988.42492590368
7988.36675652761
7988.30855828035
7988.25033116246
7988.19207517451
7988.13379031704
7988.07547659063
7988.01713399584
7987.95876253322
7987.90036220334
7987.84193300675
7987.78347494403
7987.72498801573
7987.66647222242
7987.60792756466
7987.54935404302
7987.49075165805
7987.43212041032
7987.3734603004
7987.31477132884
7987.25605349623
7987.19730680311
7987.13853125006
7987.07972683764
7987.02089356641
7986.96203143695
7986.90314044982
7986.84422060559
7986.78527190481
7986.72629434807
7986.66728793593
7986.60825266895
7986.54918854771
7986.49009557277
7986.4309737447
7986.37182306407
7986.31264353145
7986.25343514741
7986.19419791252
7986.13493182735
7986.07563689246
7986.01631310844
7985.95696047585
7985.89757899526
7985.83816866724
7985.77872949237
7985.71926147121
7985.65976460435
7985.60023889234
7985.54068433577
7985.48110093521
7985.42148869123
7985.36184760441
7985.30217767531
7985.24247890452
7985.18275129261
7985.12299484014
7985.06320954771
7985.00339541588
7984.94355244523
7984.88368063633
7984.82377998976
7984.7638505061
7984.70389218593
7984.64390502981
7984.58388903834
7984.52384421208
7984.46377055161
7984.40366805752
7984.34353673037
7984.28337657076
7984.22318757925
7984.16296975643
7984.10272310287
7984.04244761916
7983.98214330588
7983.92181016361
7983.86144819292
7983.8010573944
7983.74063776863
7983.6801893162
7983.61971203767
7983.55920593364
7983.49867100469
7983.43810725139
7983.37751467434
7983.31689327411
7983.2562430513
7983.19556400647
7983.13485614022
7983.07411945314
7983.01335394579
7982.95255961878
7982.89173647268
7982.83088450809
7982.77000372558
7982.70909412574
7982.64815570916
7982.58718847642
7982.52619242812
7982.46516756483
7982.40411388715
7982.34303139566
7982.28192009096
7982.22077997362
7982.15961104424
7982.09841330341
7982.03718675171
7981.97593138973
7981.91464721807
7981.85333423732
7981.79199244805
7981.73062185087
7981.66922244637
7981.60779423513
7981.54633721775
7981.48485139481
7981.42333676692
7981.36179333466
7981.30022109862
7981.23862005939
7981.17699021758
7981.11533157377
7981.05364412856
7980.99192788253
7980.93018283629
7980.86840899043
7980.80660634553
7980.74477490221
7980.68291466105
7980.62102562264
7980.55910778759
7980.49716115649
7980.43518572993
7980.37318150851
7980.31114849283
7980.24908668348
7980.18699608107
7980.12487668619
7980.06272849943
7980.00055152141
7979.9383457527
7979.87611119392
7979.81384784566
7979.75155570852
7979.6892347831
7979.62688507
7979.56450656982
7979.50209928316
7979.43966321062
7979.37719835281
7979.31470471032
7979.25218228375
7979.1896310737
7979.12705108079
7979.06444230561
7979.00180474876
7978.93913841084
7978.87644329246
7978.81371939423
7978.75096671674
7978.6881852606
7978.62537502642
7978.56253601479
7978.49966822633
7978.43677166163
7978.37384632131
7978.31089220596
7978.2479093162
7978.18489765264
7978.12185721586
7978.0587880065
7977.99569002514
7977.9325632724
7977.86940774889
7977.80622345521
7977.74301039197
7977.67976855979
7977.61649795926
7977.55319859099
7977.48987045561
7977.42651355371
7977.3631278859
7977.29971345281
7977.23627025502
7977.17279829317
7977.10929756785
7977.04576807968
7976.98220982927
7976.91862281723
7976.85500704417
7976.79136251071
7976.72768921746
7976.66398716503
7976.60025635403
7976.53649678508
7976.47270845879
7976.40889137578
7976.34504553665
7976.28117094203
7976.21726759252
7976.15333548875
7976.08937463133
7976.02538502087
7975.96136665799
7975.8973195433
7975.83324367743
7975.76913906099
7975.70500569459
7975.64084357885
7975.5766527144
7975.51243310184
7975.4481847418
7975.38390763489
7975.31960178174
7975.25526718296
7975.19090383916
7975.12651175098
7975.06209091903
7974.99764134393
7974.9331630263
7974.86865596676
7974.80412016593
7974.73955562443
7974.67496234289
7974.61034032192
7974.54568956215
7974.4810100642
7974.41630182869
7974.35156485625
7974.28679914749
7974.22200470305
7974.15718152354
7974.09232960959
7974.02744896182
7973.96253958085
7973.89760146732
7973.83263462185
7973.76763904506
7973.70261473757
7973.63756170002
7973.57247993303
7973.50736943722
7973.44223021322
7973.37706226166
7973.31186558317
7973.24664017837
7973.1813860479
7973.11610319237
7973.05079161242
7972.98545130867
7972.92008228176
7972.85468453232
7972.78925806097
7972.72380286834
7972.65831895506
7972.59280632176
7972.52726496908
7972.46169489765
7972.39609610808
7972.33046860103
7972.26481237711
7972.19912743696
7972.13341378122
7972.06767141051
7972.00190032546
7971.93610052672
7971.8702720149
7971.80441479066
7971.73852885462
7971.67261420741
7971.60667084967
7971.54069878203
7971.47469800513
7971.40866851961
7971.34261032609
7971.27652342522
7971.21040781763
7971.14426350396
7971.07809048484
7971.01188876091
7970.94565833281
7970.87939920117
7970.81311136663
7970.74679482984
7970.68044959143
7970.61407565203
7970.54767301228
7970.48124167284
7970.41478163432
7970.34829289738
7970.28177546266
7970.21522933079
7970.14865450241
7970.08205097817
7970.0154187587
7969.94875784465
7969.88206823666
7969.81534993537
7969.74860294142
7969.68182725546
7969.61502287812
7969.54818981006
7969.4813280519
7969.41443760431
7969.34751846791
7969.28057064336
7969.2135941313
7969.14658893238
7969.07955504723
7969.0124924765
7968.94540122085
7968.87828128091
7968.81113265732
7968.74395535075
7968.67674936183
7968.60951469121
7968.54225133953
7968.47495930745
7968.40763859562
7968.34028920467
7968.27291113526
7968.20550438803
7968.13806896364
7968.07060486274
7968.00311208597
7967.93559063398
7967.86804050742
7967.80046170695
7967.73285423321
7967.66521808685
7967.59755326853
7967.52985977889
7967.46213761859
7967.39438678828
7967.32660728861
7967.25879912024
7967.1909622838
7967.12309677997
7967.05520260939
7966.98727977272
7966.9193282706
7966.8513481037
7966.78333927266
7966.71530177814
7966.6472356208
7966.57914080129
7966.51101732027
7966.44286517839
7966.37468437631
7966.30647491468
7966.23823679417
7966.16997001542
7966.10167457909
7966.03335048585
7965.96499773634
7965.89661633123
7965.82820627118
7965.75976755684
7965.69130018887
7965.62280416794
7965.55427949469
7965.48572616979
7965.4171441939
7965.34853356768
7965.27989429179
7965.21122636689
7965.14252979364
7965.0738045727
7965.00505070474
7964.93626819041
7964.86745703037
7964.7986172253
7964.72974877585
7964.66085168268
7964.59192594646
7964.52297156785
7964.45398854751
7964.38497688612
7964.31593658432
7964.24686764279
7964.1777700622
7964.1086438432
7964.03948898646
7963.97030549265
7963.90109336243
7963.83185259647
7963.76258319543
7963.69328515999
7963.62395849081
7963.55460318855
7963.48521925389
7963.41580668748
7963.34636549001
7963.27689566213
7963.20739720452
7963.13787011785
7963.06831440278
7962.99873005998
7962.92911709012
7962.85947549388
7962.78980527192
7962.72010642492
7962.65037895354
7962.58062285845
7962.51083814033
7962.44102479985
7962.37118283768
7962.30131225449
7962.23141305096
7962.16148522775
7962.09152878555
7962.02154372502
7961.95153004683
7961.88148775167
7961.8114168402
7961.7413173131
7961.67118917104
7961.6010324147
7961.53084704476
7961.46063306189
7961.39039046676
7961.32011926005
7961.24981944244
7961.1794910146
7961.10913397721
7961.03874833095
7960.9683340765
7960.89789121453
7960.82741974572
7960.75691967075
7960.68639099029
7960.61583370504
7960.54524781565
7960.47463332282
7960.40399022723
7960.33331852955
7960.26261823046
7960.19188933065
7960.12113183079
7960.05034573157
7959.97953103366
7959.90868773775
7959.83781584453
7959.76691535467
7959.69598626885
7959.62502858776
7959.55404231207
7959.48302744249
7959.41198397968
7959.34091192433
7959.26981127712
7959.19868203874
7959.12752420988
7959.05633779121
7958.98512278343
7958.91387918721
7958.84260700325
7958.77130623223
7958.69997687483
7958.62861893175
7958.55723240367
7958.48581729127
7958.41437359525
7958.34290131628
7958.27140045507
7958.19987101229
7958.12831298864
7958.05672638481
7957.98511120147
7957.91346743933
7957.84179509907
7957.77009418138
7957.69836468695
7957.62660661647
7957.55481997064
7957.48300475014
7957.41116095566
7957.3392885879
7957.26738764755
7957.19545813529
7957.12350005183
7957.05151339785
7956.97949817405
7956.90745438111
7956.83538201974
7956.76328109063
7956.69115159446
7956.61899353195
7956.54680690377
7956.47459171062
7956.40234795321
7956.33007563221
7956.25777474834
7956.18544530228
7956.11308729474
7956.0407007264
7955.96828559796
7955.89584191013
7955.8233696636
7955.75086885906
7955.67833949721
7955.60578157876
7955.53319510439
7955.46058007482
7955.38793649073
7955.31526435283
7955.24256366181
7955.16983441838
7955.09707662324
7955.02429027708
7954.9514753806
7954.87863193451
7954.80575993951
7954.7328593963
7954.65993030558
7954.58697266805
7954.51398648442
7954.44097175538
7954.36792848165
7954.29485666391
7954.22175630288
7954.14862739926
7954.07546995376
7954.00228396707
7953.9290694399
7953.85582637295
7953.78255476694
7953.70925462257
7953.63592594053
7953.56256872154
7953.48918296631
7953.41576867553
7953.34232584992
7953.26885449018
7953.19535459703
7953.12182617115
7953.04826921328
7952.9746837241
7952.90106970434
7952.82742715469
7952.75375607588
7952.6800564686
7952.60632833356
7952.53257167148
7952.45878648307
7952.38497276903
7952.31113053008
7952.23725976692
7952.16336048027
7952.08943267084
7952.01547633933
7951.94149148647
7951.86747811297
7951.79343621953
7951.71936580687
7951.64526687569
7951.57113942673
7951.49698346068
7951.42279897826
7951.34858598019
7951.27434446718
7951.20007443994
7951.12577589919
7951.05144884564
7950.97709328001
7950.90270920302
7950.82829661537
7950.7538555178
7950.679385911
7950.60488779571
7950.53036117263
7950.45580604249
7950.38122240599
7950.30661026387
7950.23196961683
7950.1573004656
7950.0826028109
7950.00787665343
7949.93312199393
7949.85833883311
7949.78352717169
7949.70868701039
7949.63381834993
7949.55892119103
7949.48399553442
7949.40904138081
7949.33405873092
7949.25904758548
7949.18400794521
7949.10893981083
7949.03384318306
7948.95871806263
7948.88356445026
7948.80838234667
7948.73317175258
7948.65793266872
7948.58266509582
7948.50736903459
7948.43204448577
7948.35669145007
7948.28130992823
7948.20589992096
7948.130461429
7948.05499445306
7947.97949899389
7947.90397505219
7947.8284226287
7947.75284172415
7947.67723233926
7947.60159447477
7947.52592813139
7947.45023330986
7947.37451001091
7947.29875823526
7947.22297798364
7947.14716925678
7947.07133205542
7946.99546638028
7946.9195722321
7946.84364961159
7946.7676985195
7946.69171895655
7946.61571092348
7946.53967442102
7946.46360944989
7946.38751601083
7946.31139410458
7946.23524373186
7946.15906489341
7946.08285758996
7946.00662182225
7945.930357591
7945.85406489696
7945.77774374085
7945.70139412342
7945.62501604539
7945.5486095075
7945.47217451049
7945.39571105509
7945.31921914203
7945.24269877206
7945.16614994591
7945.08957266432
7945.01296692802
7944.93633273775
7944.85967009425
7944.78297899826
7944.70625945051
7944.62951145175
7944.5527350027
7944.47593010412
7944.39909675673
7944.32223496128
7944.24534471851
7944.16842602916
7944.09147889397
7944.01450331368
7943.93749928903
7943.86046682075
7943.7834059096
7943.70631655632
7943.62919876164
7943.5520525263
7943.47487785106
7943.39767473665
7943.32044318382
7943.2431831933
7943.16589476585
7943.0885779022
7943.01123260311
7942.93385886931
7942.85645670155
7942.77902610057
7942.70156706712
7942.62407960195
7942.5465637058
7942.46901937942
7942.39144662354
7942.31384543893
7942.23621582633
7942.15855778647
7942.08087132012
7942.00315642802
7941.92541311091
7941.84764136955
7941.76984120468
7941.69201261705
7941.61415560741
7941.53627017651
7941.4583563251
7941.38041405394
7941.30244336375
7941.22444425531
7941.14641672936
7941.06836078665
7940.99027642794
7940.91216365396
7940.83402246548
7940.75585286325
7940.67765484802
7940.59942842055
7940.52117358157
7940.44289033186
7940.36457867215
7940.28623860322
7940.2078701258
7940.12947324065
7940.05104794853
7939.9725942502
7939.8941121464
7939.8156016379
7939.73706272544
7939.65849540979
7939.57989969169
7939.50127557192
7939.42262305122
7939.34394213034
7939.26523281006
7939.18649509112
7939.10772897428
7939.02893446031
7938.95011154995
7938.87126024397
7938.79238054313
7938.71347244818
7938.63453595989
7938.55557107901
7938.4765778063
7938.39755614253
7938.31850608846
7938.23942764484
7938.16032081244
7938.08118559202
7938.00202198433
7937.92282999015
7937.84360961023
7937.76436084534
7937.68508369624
7937.60577816368
7937.52644424845
7937.44708195129
7937.36769127297
7937.28827221426
7937.20882477592
7937.12934895872
7937.04984476341
7936.97031219077
7936.89075124156
7936.81116191655
7936.73154421649
7936.65189814217
7936.57222369434
7936.49252087377
7936.41278968123
7936.33303011749
7936.25324218331
7936.17342587946
7936.09358120671
7936.01370816583
7935.93380675758
7935.85387698274
7935.77391884207
7935.69393233635
7935.61391746634
7935.53387423282
7935.45380263655
7935.3737026783
7935.29357435885
7935.21341767897
7935.13323263942
7935.05301924099
7934.97277748443
7934.89250737053
7934.81220890006
7934.73188207378
7934.65152689248
7934.57114335692
7934.49073146788
7934.41029122613
7934.32982263245
7934.24932568762
7934.16880039239
7934.08824674756
7934.0076647539
7933.92705441218
7933.84641572317
7933.76574868766
7933.68505330642
7933.60432958022
7933.52357750985
7933.44279709608
7933.36198833969
7933.28115124145
7933.20028580214
7933.11939202255
7933.03846990344
7932.95751944561
7932.87654064982
7932.79553351686
7932.71449804751
7932.63343424254
7932.55234210274
7932.47122162889
7932.39007282177
7932.30889568215
7932.22769021083
7932.14645640857
7932.06519427617
7931.9839038144
7931.90258502406
7931.82123790591
7931.73986246074
7931.65845868934
7931.57702659249
7931.49556617098
7931.41407742558
7931.33256035708
7931.25101496627
7931.16944125393
7931.08783922084
7931.0062088678
7930.92455019558
7930.84286320498
7930.76114789677
7930.67940427175
7930.5976323307
7930.5158320744
7930.43400350366
7930.35214661925
7930.27026142195
7930.18834791257
7930.10640609189
7930.02443596069
7929.94243751976
7929.8604107699
7929.77835571189
7929.69627234653
7929.6141606746
7929.53202069689
7929.44985241419
7929.3676558273
7929.285430937
7929.2031777441
7929.12089624936
7929.0385864536
7928.9562483576
7928.87388196216
7928.79148726806
7928.70906427611
7928.62661298708
7928.54413340179
7928.46162552101
7928.37908934555
7928.2965248762
7928.21393211375
7928.131311059
7928.04866171274
7927.96598407577
7927.88327814889
7927.80054393288
7927.71778142856
7927.6349906367
7927.55217155812
7927.4693241936
7927.38644854395
7927.30354460996
7927.22061239243
7927.13765189215
7927.05466310993
7926.97164604657
7926.88860070286
7926.8055270796
7926.7224251776
7926.63929499765
7926.55613654055
7926.4729498071
7926.3897347981
7926.30649151436
7926.22321995668
7926.13992012584
7926.05659202267
7925.97323564796
7925.88985100251
7925.80643808712
7925.7229969026
7925.63952744975
7925.55602972937
7925.47250374227
7925.38894948926
7925.30536697112
7925.22175618868
7925.13811714273
7925.05444983408
7924.97075426353
7924.88703043189
7924.80327833997
7924.71949798856
7924.63568937849
7924.55185251055
7924.46798738555
7924.3840940043
7924.3001723676
7924.21622247626
7924.1322443311
7924.04823793292
7923.96420328252
7923.88014038072
7923.79604922832
7923.71192982614
7923.62778217498
7923.54360627566
7923.45940212897
7923.37516973575
7923.29090909679
7923.2066202129
7923.1223030849
7923.0379577136
7922.95358409981
7922.86918224434
7922.784752148
7922.70029381161
7922.61580723598
7922.53129242193
7922.44674937026
7922.36217808178
7922.27757855733
7922.19295079769
7922.10829480371
7922.02361057617
7921.93889811591
7921.85415742374
7921.76938850047
7921.68459134691
7921.59976596389
7921.51491235223
7921.43003051272
7921.34512044621
7921.26018215349
7921.17521563539
7921.09022089273
7921.00519792632
7920.92014673698
7920.83506732554
7920.7499596928
7920.6648238396
7920.57965976674
7920.49446747505
7920.40924696534
7920.32399823845
7920.23872129518
7920.15341613636
7920.06808276281
7919.98272117535
7919.89733137481
7919.81191336199
7919.72646713774
7919.64099270286
7919.55549005818
7919.46995920453
7919.38440014272
7919.29881287359
7919.21319739794
7919.12755371662
7919.04188183044
7918.95618174022
7918.8704534468
7918.78469695099
7918.69891225362
7918.61309935552
7918.52725825752
7918.44138896043
7918.35549146509
7918.26956577232
7918.18361188295
7918.0976297978
7918.01161951771
7917.9255810435
7917.839514376
7917.75341951604
7917.66729646445
7917.58114522205
7917.49496578967
7917.40875816815
7917.32252235831
7917.23625836098
7917.14996617699
7917.06364580718
7916.97729725238
7916.89092051341
7916.8045155911
7916.7180824863
7916.63162119982
7916.54513173251
7916.45861408519
7916.37206825869
7916.28549425386
7916.19889207152
7916.11226171251
7916.02560317765
7915.93891646779
7915.85220158376
7915.76545852639
7915.67868729652
7915.59188789498
7915.50506032261
7915.41820458025
7915.33132066872
7915.24440858887
7915.15746834153
7915.07049992754
7914.98350334773
7914.89647860295
7914.80942569403
7914.7223446218
7914.63523538711
7914.5480979908
7914.4609324337
7914.37373871665
7914.28651684049
7914.19926680606
7914.11198861421
7914.02468226576
7913.93734776156
7913.84998510245
7913.76259428928
7913.67517532287
7913.58772820408
7913.50025293375
7913.41274951271
7913.32521794181
7913.2376582219
7913.1500703538
7913.06245433838
7912.97481017646
7912.8871378689
7912.79943741654
7912.71170882021
7912.62395208078
7912.53616719907
7912.44835417594
7912.36051301222
7912.27264370878
7912.18474626644
7912.09682068606
7912.00886696849
7911.92088511456
7911.83287512513
7911.74483700105
7911.65677074315
7911.56867635229
7911.48055382932
7911.39240317508
7911.30422439043
7911.2160174762
7911.12778243326
7911.03951926244
7910.9512279646
7910.86290854059
7910.77456099126
7910.68618531745
7910.59778152003
7910.50934959983
7910.42088955771
7910.33240139453
7910.24388511112
7910.15534070836
7910.06676818708
7909.97816754814
7909.88953879239
7909.80088192069
7909.71219693388
7909.62348383283
7909.53474261838
7909.44597329139
7909.35717585272
7909.26835030321
7909.17949664373
7909.09061487513
7909.00170499826
7908.91276701398
7908.82380092314
7908.73480672661
7908.64578442523
7908.55673401987
7908.46765551138
7908.37854890061
7908.28941418844
7908.20025137571
7908.11106046328
7908.02184145201
7907.93259434276
7907.84331913639
7907.75401583376
7907.66468443572
7907.57532494314
7907.48593735687
7907.39652167779
7907.30707790673
7907.21760604458
7907.12810609218
7907.03857805041
7906.94902192012
7906.85943770217
7906.76982539742
7906.68018500675
7906.590516531
7906.50081997105
7906.41109532775
7906.32134260198
7906.23156179459
7906.14175290645
7906.05191593842
7905.96205089136
7905.87215776615
7905.78223656365
7905.69228728472
7905.60230993022
7905.51230450103
7905.42227099801
7905.33220942203
7905.24211977394
7905.15200205463
7905.06185626496
7904.97168240579
7904.88148047799
7904.79125048244
7904.70099241999
7904.61070629152
7904.5203920979
7904.43004984
7904.33967951867
7904.24928113481
7904.15885468927
7904.06840018292
7903.97791761664
7903.88740699129
7903.79686830776
7903.7063015669
7903.61570676959
7903.5250839167
7903.43443300911
7903.34375404768
7903.2530470333
7903.16231196682
7903.07154884913
7902.9807576811
7902.8899384636
7902.79909119751
7902.7082158837
7902.61731252305
7902.52638111642
7902.4354216647
7902.34443416876
7902.25341862948
7902.16237504773
7902.07130342439
7901.98020376033
7901.88907605644
7901.79792031358
7901.70673653264
7901.61552471449
7901.52428486001
7901.43301697008
7901.34172104558
7901.25039708739
7901.15904509638
7901.06766507343
7900.97625701943
7900.88482093525
7900.79335682177
7900.70186467988
7900.61034451045
7900.51879631436
7900.42722009251
7900.33561584575
7900.24398357499
7900.15232328109
7900.06063496495
7899.96891862745
7899.87717426946
7899.78540189187
7899.69360149556
7899.60177308142
7899.50991665033
7899.41803220318
7899.32611974084
7899.23417926421
7899.14221077417
7899.0502142716
7898.95818975739
7898.86613723242
7898.77405669758
7898.68194815376
7898.58981160184
7898.49764704271
7898.40545447726
7898.31323390637
7898.22098533093
7898.12870875183
7898.03640416995
7897.9440715862
7897.85171100144
7897.75932241658
7897.6669058325
7897.57446125009
7897.48198867024
7897.38948809384
7897.29695952178
7897.20440295496
7897.11181839425
7897.01920584056
7896.92656529478
7896.83389675778
7896.74120023048
7896.64847571376
7896.5557232085
7896.46294271562
7896.37013423599
7896.27729777051
7896.18443332007
7896.09154088557
7895.99862046791
7895.90567206797
7895.81269568665
7895.71969132484
7895.62665898345
7895.53359866336
7895.44051036547
7895.34739409068
7895.25424983988
7895.16107761398
7895.06787741385
7894.97464924041
7894.88139309456
7894.78810897718
7894.69479688917
7894.60145683144
7894.50808880488
7894.41469281039
7894.32126884886
7894.22781692121
7894.13433702833
7894.04082917111
7893.94729335046
7893.85372956727
7893.76013782245
7893.66651811691
7893.57287045153
7893.47919482722
7893.38549124488
7893.29175970542
7893.19800020973
7893.10421275872
7893.01039735329
7892.91655399434
7892.82268268278
7892.72878341951
7892.63485620544
7892.54090104146
7892.44691792848
7892.35290686741
7892.25886785915
7892.1648009046
7892.07070600468
7891.97658316029
7891.88243237232
7891.7882536417
7891.69404696931
7891.59981235608
7891.50554980291
7891.41125931071
7891.31694088038
7891.22259451282
7891.12822020896
7891.03381796969
7890.93938779593
7890.84492968858
7890.75044364856
7890.65592967677
7890.56138777412
7890.46681794152
7890.37222017988
7890.27759449012
7890.18294087314
7890.08825932985
7889.99354986117
7889.898812468
7889.80404715126
7889.70925391186
7889.61443275072
7889.51958366874
7889.42470666683
7889.32980174592
7889.23486890691
7889.13990815072
7889.04491947826
7888.94990289045
7888.85485838819
7888.75978597241
7888.66468564402
7888.56955740394
7888.47440125307
7888.37921719235
7888.28400522267
7888.18876534496
7888.09349756014
7887.99820186912
7887.90287827281
7887.80752677215
7887.71214736804
7887.6167400614
7887.52130485315
7887.4258417442
7887.33035073549
7887.23483182792
7887.13928502241
7887.04371031989
7886.94810772128
7886.85247722749
7886.75681883944
7886.66113255806
7886.56541838427
7886.46967631898
7886.37390636312
7886.27810851761
7886.18228278338
7886.08642916134
7885.99054765242
7885.89463825753
7885.79870097761
7885.70273581357
7885.60674276635
7885.51072183686
7885.41467302602
7885.31859633477
7885.22249176402
7885.12635931471
7885.03019898775
7884.93401078407
7884.8377947046
7884.74155075026
7884.64527892198
7884.54897922069
7884.45265164731
7884.35629620277
7884.259912888
7884.16350170393
7884.06706265147
7883.97059573157
7883.87410094514
7883.77757829312
7883.68102777644
7883.58444939603
7883.48784315281
7883.39120904771
7883.29454708167
7883.19785725561
7883.10113957047
7883.00439402718
7882.90762062666
7882.81081936986
7882.71399025769
7882.61713329109
7882.520248471
7882.42333579834
7882.32639527406
7882.22942689907
7882.13243067432
7882.03540660074
7881.93835467927
7881.84127491082
7881.74416729635
7881.64703183679
7881.54986853306
7881.45267738611
7881.35545839687
7881.25821156628
7881.16093689527
7881.06363438477
7880.96630403573
7880.86894584908
7880.77155982576
7880.67414596671
7880.57670427285
7880.47923474514
7880.38173738451
7880.28421219189
7880.18665916823
7880.08907831446
7879.99146963153
7879.89383312037
7879.79616878192
7879.69847661712
7879.60075662691
7879.50300881224
7879.40523317404
7879.30742971325
7879.20959843082
7879.11173932769
7879.0138524048
7878.91593766308
7878.81799510349
7878.72002472697
7878.62202653445
7878.52400052688
7878.42594670521
7878.32786507038
7878.22975562333
7878.13161836501
7878.03345329635
7877.93526041832
7877.83703973184
7877.73879123787
7877.64051493735
7877.54221083123
7877.44387892045
7877.34551920596
7877.24713168871
7877.14871636964
7877.0502732497
7876.95180232984
7876.853303611
7876.75477709414
7876.65622278019
7876.55764067012
7876.45903076486
7876.36039306538
7876.26172757261
7876.1630342875
7876.06431321101
7875.96556434409
7875.86678768768
7875.76798324274
7875.66915101022
7875.57029099106
7875.47140318623
7875.37248759667
7875.27354422333
7875.17457306716
7875.07557412913
7874.97654741018
7874.87749291126
7874.77841063333
7874.67930057734
7874.58016274424
7874.480997135
7874.38180375055
7874.28258259187
7874.1833336599
7874.08405695559
7873.98475247991
7873.8854202338
7873.78606021824
7873.68667243416
7873.58725688253
7873.4878135643
7873.38834248044
7873.28884363189
7873.18931701962
7873.08976264458
7872.99018050774
7872.89057061004
7872.79093295246
7872.69126753594
7872.59157436145
7872.49185342994
7872.39210474238
7872.29232829973
7872.19252410294
7872.09269215298
7871.99283245081
7871.89294499738
7871.79302979367
7871.69308684062
7871.59311613921
7871.49311769039
7871.39309149513
7871.29303755439
7871.19295586914
7871.09284644033
7870.99270926892
7870.89254435589
7870.7923517022
7870.69213130881
7870.59188317669
7870.49160730679
7870.39130370009
7870.29097235756
7870.19061328015
7870.09022646883
7869.98981192456
7869.88936964833
7869.78889964108
7869.68840190379
7869.58787643743
7869.48732324296
7869.38674232135
7869.28613367357
7869.18549730059
7869.08483320337
7868.98414138288
7868.8834218401
7868.78267457599
7868.68189959152
7868.58109688766
7868.48026646538
7868.37940832566
7868.27852246946
7868.17760889775
7868.0766676115
7867.97569861169
7867.87470189929
7867.77367747527
7867.6726253406
7867.57154549625
7867.47043794321
7867.36930268243
7867.26813971489
7867.16694904157
7867.06573066345
7866.96448458148
7866.86321079666
7866.76190930995
7866.66058012233
7866.55922323477
7866.45783864825
7866.35642636375
7866.25498638224
7866.15351870469
7866.05202333209
7865.95050026541
7865.84894950562
7865.74737105371
7865.64576491065
7865.54413107742
7865.442469555
7865.34078034437
7865.2390634465
7865.13731886238
7865.03554659298
7864.93374663928
7864.83191900226
7864.73006368291
7864.62818068219
7864.5262700011
7864.42433164062
7864.32236560172
7864.22037188538
7864.11835049259
7864.01630142433
7863.91422468158
7863.81212026533
7863.70998817655
7863.60782841623
7863.50564098536
7863.40342588491
7863.30118311587
7863.19891267922
7863.09661457595
7862.99428880704
7862.89193537348
7862.78955427625
7862.68714551633
7862.58470909472
7862.4822450124
7862.37975327035
7862.27723386957
7862.17468681103
7862.07211209572
7861.96950972464
7861.86687969876
7861.76422201908
7861.66153668659
7861.55882370227
7861.45608306711
7861.3533147821
7861.25051884823
7861.14769526648
7861.04484403786
7860.94196516334
7860.83905864392
7860.73612448058
7860.63316267433
7860.53017322614
7860.42715613702
7860.32411140794
7860.22103903992
7860.11793903392
7860.01481139095
7859.91165611201
7859.80847319807
7859.70526265015
7859.60202446922
7859.49875865628
7859.39546521233
7859.29214413836
7859.18879543537
7859.08541910434
7858.98201514628
7858.87858356217
7858.77512435303
7858.67163751983
7858.56812306358
7858.46458098527
7858.3610112859
7858.25741396647
7858.15378902797
7858.05013647139
7857.94645629775
7857.84274850803
7857.73901310324
7857.63525008436
7857.53145945241
7857.42764120837
7857.32379535325
7857.21992188805
7857.11602081377
7857.0120921314
7856.90813584195
7856.80415194642
7856.70014044581
7856.59610134111
7856.49203463334
7856.38794032349
7856.28381841256
7856.17966890156
7856.07549179148
7855.97128708334
7855.86705477813
7855.76279487685
7855.65850738052
7855.55419229012
7855.44984960668
7855.34547933119
7855.24108146465
7855.13665600808
7855.03220296247
7854.92772232883
7854.82321410816
7854.71867830148
7854.61411490979
7854.50952393409
7854.40490537539
7854.3002592347
7854.19558551302
7854.09088421137
7853.98615533074
7853.88139887216
7853.77661483662
7853.67180322513
7853.5669640387
7853.46209727835
7853.35720294508
7853.2522810399
7853.14733156381
7853.04235451784
7852.93734990299
7852.83231772027
7852.72725797069
7852.62217065527
7852.517055775
7852.41191333092
7852.30674332402
7852.20154575532
7852.09632062583
7851.99106793656
7851.88578768854
7851.78047988276
7851.67514452025
7851.56978160202
7851.46439112908
7851.35897310244
7851.25352752312
7851.14805439214
7851.04255371051
7850.93702547925
7850.83146969936
7850.72588637188
7850.6202754978
7850.51463707816
7850.40897111396
7850.30327760623
7850.19755655597
7850.09180796422
7849.98603183197
7849.88022816026
7849.77439695011
7849.66853820252
7849.56265191852
7849.45673809913
7849.35079674536
7849.24482785824
7849.13883143879
7849.03280748803
7848.92675600697
7848.82067699663
7848.71457045805
7848.60843639224
7848.50227480021
7848.396085683
7848.28986904162
7848.1836248771
7848.07735319046
7847.97105398271
7847.8647272549
7847.75837300803
7847.65199124313
7847.54558196123
7847.43914516334
7847.3326808505
7847.22618902373
7847.11966968405
7847.01312283249
7846.90654847007
7846.79994659782
7846.69331721676
7846.58666032793
7846.47997593234
7846.37326403103
7846.26652462502
7846.15975771534
7846.05296330301
7845.94614138906
7845.83929197453
7845.73241506044
7845.62551064781
7845.51857873768
7845.41161933108
7845.30463242904
7845.19761803258
7845.09057614273
7844.98350676053
7844.876409887
7844.76928552318
7844.6621336701
7844.55495432879
7844.44774750027
7844.34051318559
7844.23325138577
7844.12596210184
7844.01864533485
7843.91130108581
7843.80392935577
7843.69653014576
7843.58910345681
7843.48164928995
7843.37416764622
7843.26665852665
7843.15912193228
7843.05155786415
7842.94396632328
7842.83634731072
7842.72870082749
7842.62102687464
7842.5133254532
7842.40559656421
7842.2978402087
7842.19005638771
7842.08224510228
7841.97440635345
7841.86654014225
7841.75864646973
7841.65072533691
7841.54277674484
7841.43480069456
7841.32679718711
7841.21876622352
7841.11070780484
7841.00262193211
7840.89450860636
7840.78636782864
7840.67819959998
7840.57000392144
7840.46178079404
7840.35353021883
7840.24525219686
7840.13694672916
7840.02861381677
7839.92025346075
7839.81186566213
7839.70345042195
7839.59500774126
7839.48653762111
7839.37804006253
7839.26951506657
7839.16096263428
7839.05238276669
7838.94377546486
7838.83514072983
7838.72647856265
7838.61778896435
7838.50907193599
7838.40032747862
7838.29155559327
7838.182756281
7838.07392954286
7837.96507537988
7837.85619379312
7837.74728478363
7837.63834835245
7837.52938450064
7837.42039322923
7837.31137453929
7837.20232843185
7837.09325490798
7836.98415396871
7836.8750256151
7836.76586984819
7836.65668666905
7836.54747607872
7836.43823807824
7836.32897266868
7836.21967985108
7836.1103596265
7836.00101199599
7835.89163696059
7835.78223452136
7835.67280467937
7835.56334743564
7835.45386279125
7835.34435074725
7835.23481130468
7835.12524446461
7835.01565022809
7834.90602859616
7834.7963795699
7834.68670315034
7834.57699933856
7834.4672681356
7834.35750954251
7834.24772356037
7834.13791019022
7834.02806943311
7833.91820129011
7833.80830576228
7833.69838285067
7833.58843255633
7833.47845488034
7833.36844982373
7833.25841738759
7833.14835757295
7833.03827038089
7832.92815581246
7832.81801386872
7832.70784455074
7832.59764785956
7832.48742379626
7832.37717236189
7832.26689355751
7832.15658738419
7832.04625384299
7831.93589293496
7831.82550466118
7831.7150890227
7831.60464602058
7831.49417565589
7831.3836779297
7831.27315284305
7831.16260039703
7831.05202059269
7830.9414134311
7830.83077891332
7830.72011704041
7830.60942781344
7830.49871123348
7830.38796730159
7830.27719601884
7830.16639738629
7830.05557140502
7829.94471807607
7829.83383740053
7829.72292937947
7829.61199401393
7829.50103130501
7829.39004125375
7829.27902386124
7829.16797912853
7829.05690705671
7828.94580764683
7828.83468089997
7828.72352681719
7828.61234539957
7828.50113664817
7828.38990056407
7828.27863714833
7828.16734640203
7828.05602832624
7827.94468292202
7827.83331019046
7827.72191013262
7827.61048274958
7827.4990280424
7827.38754601216
7827.27603665993
7827.16449998679
7827.0529359938
7826.94134468205
7826.8297260526
7826.71808010654
7826.60640684493
7826.49470626885
7826.38297837937
7826.27122317758
7826.15944066453
7826.04763084132
7825.93579370902
7825.8239292687
7825.71203752144
7825.60011846832
7825.48817211041
7825.37619844879
7825.26419748454
7825.15216921873
7825.04011365245
7824.92803078678
7824.81592062278
7824.70378316155
7824.59161840415
7824.47942635168
7824.3672070052
7824.2549603658
7824.14268643456
7824.03038521256
7823.91805670088
7823.8057009006
7823.69331781281
7823.58090743857
7823.46846977899
7823.35600483513
7823.24351260808
7823.13099309892
7823.01844630874
7822.90587223862
7822.79327088964
7822.68064226289
7822.56798635944
7822.45530318039
7822.34259272682
7822.22985499981
7822.11709000045
7822.00429772982
7821.89147818901
7821.7786313791
7821.66575730118
7821.55285595634
7821.43992734567
7821.32697147024
7821.21398833115
7821.10097792948
7820.98794026633
7820.87487534277
7820.7617831599
7820.64866371881
7820.53551702058
7820.42234306631
7820.30914185708
7820.19591339398
7820.0826576781
7819.96937471053
7819.85606449237
7819.7427270247
7819.62936230861
7819.51597034519
7819.40255113554
7819.28910468075
7819.1756309819
7819.06213004009
7818.94860185642
7818.83504643197
7818.72146376784
7818.60785386513
7818.49421672491
7818.3805523483
7818.26686073637
7818.15314189024
7818.03939581098
7817.9256224997
7817.81182195748
7817.69799418544
7817.58413918465
7817.47025695622
7817.35634750124
7817.24241082081
7817.12844691603
7817.01445578799
7816.90043743778
7816.78639186652
7816.67231907528
7816.55821906518
7816.4440918373
7816.32993739276
7816.21575573264
7816.10154685804
7815.98731077007
7815.87304746983
7815.7587569584
7815.6444392369
7815.53009430642
7815.41572216807
7815.30132282294
7815.18689627214
7815.07244251676
7814.95796155791
7814.84345339669
7814.7289180342
7814.61435547154
7814.49976570983
7814.38514875015
7814.27050459361
7814.15583324132
7814.04113469437
7813.92640895388
7813.81165602095
7813.69687589668
7813.58206858217
7813.46723407854
7813.35237238688
7813.2374835083
7813.12256744391
7813.00762419481
7812.89265376211
7812.77765614691
7812.66263135033
7812.54757937347
7812.43250021743
7812.31739388333
7812.20226037226
7812.08709968535
7811.9719118237
7811.85669678841
7811.74145458059
7811.62618520136
7811.51088865183
7811.39556493309
7811.28021404627
7811.16483599247
7811.04943077281
7810.93399838839
7810.81853884032
7810.70305212972
7810.5875382577
7810.47199722536
7810.35642903383
7810.24083368421
7810.12521117761
7810.00956151515
7809.89388469795
7809.7781807271
7809.66244960374
7809.54669132897
7809.4309059039
7809.31509332965
7809.19925360734
7809.08338673808
7808.96749272298
7808.85157156316
7808.73562325973
7808.61964781382
7808.50364522653
7808.38761549899
7808.27155863231
7808.1554746276
7808.03936348599
7807.92322520859
7807.80705979652
7807.69086725089
7807.57464757283
7807.45840076346
7807.34212682388
7807.22582575523
7807.10949755862
7806.99314223517
7806.876759786
7806.76035021223
7806.64391351498
7806.52744969537
7806.41095875452
7806.29444069356
7806.17789551359
7806.06132321576
7805.94472380117
7805.82809727095
7805.71144362622
7805.59476286811
7805.47805499773
7805.36132001622
7805.24455792469
7805.12776872427
7805.01095241607
7804.89410900124
7804.77723848088
7804.66034085613
7804.54341612811
7804.42646429795
7804.30948536676
7804.19247933568
7804.07544620583
7803.95838597835
7803.84129865434
7803.72418423495
7803.6070427213
7803.48987411452
7803.37267841573
7803.25545562606
7803.13820574664
7803.0209287786
7802.90362472307
7802.78629358117
7802.66893535404
7802.5515500428
7802.43413764858
7802.31669817252
7802.19923161575
7802.08173797938
7801.96421726457
7801.84666947243
7801.7290946041
7801.6114926607
7801.49386364338
7801.37620755326
7801.25852439148
7801.14081415916
7801.02307685744
7800.90531248746
7800.78752105035
7800.66970254723
7800.55185697925
7800.43398434754
7800.31608465323
7800.19815789745
7800.08020408135
7799.96222320606
7799.84421527271
7799.72618028244
7799.60811823638
7799.49002913567
7799.37191298145
7799.25376977486
7799.13559951702
7799.01740220908
7798.89917785218
7798.78092644745
7798.66264799603
7798.54434249906
7798.42600995768
7798.30765037303
7798.18926374624
7798.07085007846
7797.95240937082
7797.83394162446
7797.71544684053
7797.59692502017
7797.47837616451
7797.35980027469
7797.24119735187
7797.12256739717
7797.00391041174
7796.88522639673
7796.76651535327
7796.64777728251
7796.52901218558
7796.41022006364
7796.29140091783
7796.17255474928
7796.05368155915
7795.93478134857
7795.8158541187
7795.69689987067
7795.57791860563
7795.45891032473
7795.33987502911
7795.22081271992
7795.10172339829
7794.98260706539
7794.86346372235
7794.74429337032
7794.62509601045
7794.50587164389
7794.38662027178
7794.26734189526
7794.1480365155
7794.02870413363
7793.90934475081
7793.78995836818
7793.67054498689
7793.55110460809
7793.43163723294
7793.31214286257
7793.19262149815
7793.07307314081
7792.95349779172
7792.83389545202
7792.71426612286
7792.5946098054
7792.47492650078
7792.35521621016
7792.23547893469
7792.11571467552
7791.99592343381
7791.8761052107
7791.75626000736
7791.63638782492
7791.51648866456
7791.39656252742
7791.27660941465
7791.15662932741
7791.03662226685
7790.91658823414
7790.79652723042
7790.67643925685
7790.55632431458
7790.43618240478
7790.31601352859
7790.19581768718
7790.0755948817
7789.9553451133
7789.83506838316
7789.71476469241
7789.59443404222
7789.47407643376
7789.35369186817
7789.23328034661
7789.11284187025
7788.99237644024
7788.87188405774
7788.75136472392
7788.63081843993
7788.51024520693
7788.38964502608
7788.26901789854
7788.14836382548
7788.02768280805
7787.90697484742
7787.78623994474
7787.66547810119
7787.54468931792
7787.42387359609
7787.30303093687
7787.18216134142
7787.0612648109
7786.94034134648
7786.81939094932
7786.69841362058
7786.57740936143
7786.45637817303
7786.33532005656
7786.21423501316
7786.09312304401
7785.97198415028
7785.85081833313
7785.72962559372
7785.60840593322
7785.4871593528
7785.36588585363
7785.24458543686
7785.12325810368
7785.00190385525
7784.88052269273
7784.75911461729
7784.6376796301
7784.51621773234
7784.39472892516
7784.27321320975
7784.15167058726
7784.03010105886
7783.90850462574
7783.78688128905
7783.66523104997
7783.54355390967
7783.42184986932
7783.30011893009
7783.17836109315
7783.05657635967
7782.93476473084
7782.81292620781
7782.69106079176
7782.56916848386
7782.44724928529
7782.32530319723
7782.20333022083
7782.08133035728
7781.95930360776
7781.83724997343
7781.71516945547
7781.59306205505
7781.47092777336
7781.34876661156
7781.22657857083
7781.10436365235
7780.9821218573
7780.85985318684
7780.73755764216
7780.61523522443
7780.49288593484
7780.37050977455
7780.24810674475
7780.12567684661
7780.00322008131
7779.88073645004
7779.75822595396
7779.63568859426
7779.51312437212
7779.39053328872
7779.26791534523
7779.14527054284
7779.02259888273
7778.89990036607
7778.77717499405
7778.65442276785
7778.53164368865
7778.40883775764
7778.28600497599
7778.16314534488
7778.04025886551
7777.91734553904
7777.79440536667
7777.67143834957
7777.54844448894
7777.42542378595
7777.30237624179
7777.17930185764
7777.05620063469
7776.93307257412
7776.80991767711
7776.68673594486
7776.56352737854
7776.44029197935
7776.31702974847
7776.19374068708
7776.07042479637
7775.94708207753
7775.82371253174
7775.7003161602
7775.57689296408
7775.45344294459
7775.3299661029
7775.2064624402
7775.08293195769
7774.95937465655
7774.83579053797
7774.71217960314
7774.58854185324
7774.46487728948
7774.34118591304
7774.2174677251
7774.09372272687
7773.96995091953
7773.84615230426
7773.72232688228
7773.59847465476
7773.47459562289
7773.35068978788
7773.2267571509
7773.10279771316
7772.97881147585
7772.85479844016
7772.73075860728
7772.60669197841
7772.48259855475
7772.35847833747
7772.23433132779
7772.1101575269
7771.98595693598
7771.86172955624
7771.73747538887
7771.61319443507
7771.48888669603
7771.36455217295
7771.24019086702
7771.11580277945
7770.99138791143
7770.86694626415
7770.74247783882
7770.61798263663
7770.49346065878
7770.36891190647
7770.24433638089
7770.11973408326
7769.99510501475
7769.87044917658
7769.74576656995
7769.62105719605
7769.49632105609
7769.37155815126
7769.24676848276
7769.1219520518
7768.99710885958
7768.8722389073
7768.74734219615
7768.62241872736
7768.4974685021
7768.37249152159
7768.24748778704
7768.12245729963
7767.99740006058
7767.8723160711
7767.74720533237
7767.62206784561
7767.49690361203
7767.37171263282
7767.24649490919
7767.12125044235
7766.9959792335
7766.87068128385
7766.7453565946
7766.62000516696
7766.49462700213
7766.36922210132
7766.24379046575
7766.11833209661
7765.99284699511
7765.86733516247
7765.74179659988
7765.61623130856
7765.49063928971
7765.36502054455
7765.23937507428
7765.11370288012
7764.98800396326
7764.86227832493
7764.73652596632
7764.61074688866
7764.48494109315
7764.359108581
7764.23324935342
7764.10736341163
7763.98145075684
7763.85551139025
7763.72954531308
7763.60355252655
7763.47753303186
7763.35148683022
7763.22541392286
7763.09931431098
7762.97318799579
7762.84703497852
7762.72085526037
7762.59464884257
7762.46841572631
7762.34215591282
7762.21586940332
7762.08955619902
7761.96321630113
7761.83684971087
7761.71045642946
7761.58403645811
7761.45758979804
7761.33111645046
7761.2046164166
7761.07808969767
7760.95153629489
7760.82495620948
7760.69834944265
7760.57171599562
7760.44505586962
7760.31836906585
7760.19165558555
7760.06491542992
7759.93814860019
7759.81135509759
7759.68453492332
7759.55768807861
7759.43081456468
7759.30391438275
7759.17698753404
7759.05003401978
7758.92305384119
7758.79604699948
7758.66901349588
7758.54195333161
7758.4148665079
7758.28775302597
7758.16061288704
7758.03344609233
7757.90625264308
7757.77903254049
7757.65178578581
7757.52451238024
7757.39721232503
7757.26988562138
7757.14253227053
7757.01515227371
7756.88774563213
7756.76031234703
7756.63285241963
7756.50536585115
7756.37785264283
7756.2503127959
7756.12274631157
7755.99515319108
7755.86753343565
7755.73988704651
7755.6122140249
7755.48451437204
7755.35678808916
7755.22903517748
7755.10125563824
7754.97344947267
7754.845616682
7754.71775726745
7754.58987123026
7754.46195857166
7754.33401929288
7754.20605339515
7754.07806087971
7753.95004174777
7753.82199600058
7753.69392363938
7753.56582466538
7753.43769907982
7753.30954688394
7753.18136807898
7753.05316266615
7752.9249306467
7752.79667202187
7752.66838679288
7752.54007496097
7752.41173652737
7752.28337149333
7752.15497986007
7752.02656162883
7751.89811680085
7751.76964537736
7751.6411473596
7751.51262274881
7751.38407154621
7751.25549375306
7751.12688937059
7750.99825840003
7750.86960084263
7750.74091669961
7750.61220597223
7750.48346866171
7750.3547047693
7750.22591429623
7750.09709724376
7749.9682536131
7749.83938340551
7749.71048662223
7749.5815632645
7749.45261333355
7749.32363683062
7749.19463375697
7749.06560411383
7748.93654790243
7748.80746512404
7748.67835577988
7748.54921987119
7748.42005739923
7748.29086836523
7748.16165277044
7748.03241061611
7747.90314190346
7747.77384663376
7747.64452480824
7747.51517642815
7747.38580149473
7747.25640000923
7747.12697197289
7746.99751738696
7746.86803625268
7746.7385285713
7746.60899434407
7746.47943357224
7746.34984625704
7746.22023239974
7746.09059200156
7745.96092506377
7745.83123158761
7745.70151157433
7745.57176502517
7745.44199194139
7745.31219232424
7745.18236617495
7745.05251349479
7744.92263428501
7744.79272854684
7744.66279628155
7744.53283749038
7744.40285217458
7744.27284033541
7744.14280197412
7744.01273709195
7743.88264569016
7743.75252777
7743.62238333272
7743.49221237958
7743.36201491183
7743.23179093071
7743.1015404375
7742.97126343343
7742.84095991976
7742.71062989774
7742.58027336864
7742.4498903337
7742.31948079418
7742.18904475134
7742.05858220642
7741.92809316069
7741.7975776154
7741.6670355718
7741.53646703116
7741.40587199473
7741.27525046376
7741.14460243952
7741.01392792326
7740.88322691623
7740.75249941971
7740.62174543493
7740.49096496317
7740.36015800568
7740.22932456372
7740.09846463855
7739.96757823142
7739.83666534361
7739.70572597636
7739.57476013094
7739.44376780861
7739.31274901062
7739.18170373825
7739.05063199275
7738.91953377538
7738.7884090874
7738.65725793008
7738.52608030467
7738.39487621245
7738.26364565467
7738.1323886326
7738.00110514749
7737.86979520062
7737.73845879324
7737.60709592662
7737.47570660203
7737.34429082072
7737.21284858397
7737.08137989304
7736.94988474919
7736.81836315369
7736.6868151078
7736.5552406128
7736.42363966994
7736.29201228049
7736.16035844573
7736.02867816691
7735.89697144531
7735.76523828219
7735.63347867881
7735.50169263646
7735.36988015639
7735.23804123987
7735.10617588818
7734.97428410258
7734.84236588434
7734.71042123473
7734.57845015503
7734.44645264649
7734.3144287104
7734.18237834801
7734.05030156061
7733.91819834946
7733.78606871584
7733.65391266101
7733.52173018625
7733.38952129283
7733.25728598203
7733.12502425511
7732.99273611334
7732.86042155801
7732.72808059038
7732.59571321173
7732.46331942333
7732.33089922646
7732.19845262239
7732.06597961239
7731.93348019774
7731.80095437972
7731.66840215959
7731.53582353865
7731.40321851815
7731.27058709939
7731.13792928362
7731.00524507214
7730.87253446622
7730.73979746713
7730.60703407615
7730.47424429456
7730.34142812364
7730.20858556467
7730.07571661892
7729.94282128768
7729.80989957221
7729.67695147381
7729.54397699375
7729.41097613331
7729.27794889377
7729.14489527641
7729.01181528252
7728.87870891336
7728.74557617023
7728.6124170544
7728.47923156715
7728.34601970978
7728.21278148355
7728.07951688975
7727.94622592967
7727.81290860458
7727.67956491578
7727.54619486453
7727.41279845214
7727.27937567987
7727.14592654902
7727.01245106086
7726.87894921669
7726.74542101779
7726.61186646544
7726.47828556092
7726.34467830553
7726.21104470055
7726.07738474727
7725.94369844697
7725.80998580093
7725.67624681045
7725.54248147681
7725.4086898013
7725.27487178521
7725.14102742983
7725.00715673643
7724.87325970632
7724.73933634077
7724.60538664109
7724.47141060855
7724.33740824445
7724.20337955008
7724.06932452672
7723.93524317567
7723.80113549821
7723.66700149564
7723.53284116926
7723.39865452034
7723.26444155018
7723.13020226007
7722.99593665131
7722.86164472518
7722.72732648298
7722.59298192601
7722.45861105554
7722.32421387289
7722.18979037933
7722.05534057617
7721.9208644647
7721.78636204621
7721.651833322
7721.51727829336
7721.38269696158
7721.24808932797
7721.11345539381
7720.97879516041
7720.84410862905
7720.70939580104
7720.57465667767
7720.43989126024
7720.30509955004
7720.17028154838
7720.03543725654
7719.90056667583
7719.76566980755
7719.63074665298
7719.49579721344
7719.36082149022
7719.22581948462
7719.09079119794
7718.95573663148
7718.82065578653
7718.6855486644
7718.55041526639
7718.4152555938
7718.28006964792
7718.14485743007
7718.00961894154
7717.87435418362
7717.73906315764
7717.60374586488
7717.46840230665
7717.33303248425
7717.19763639898
7717.06221405215
7716.92676544507
7716.79129057902
7716.65578945532
7716.52026207528
7716.38470844019
7716.24912855135
7716.11352241009
7715.97789001769
7715.84223137547
7715.70654648473
7715.57083534678
7715.43509796292
7715.29933433446
7715.1635444627
7715.02772834895
7714.89188599453
7714.75601740073
7714.62012256887
7714.48420150024
7714.34825419617
7714.21228065796
7714.07628088691
7713.94025488434
7713.80420265155
7713.66812418985
7713.53201950056
7713.39588858499
7713.25973144443
7713.12354808021
7712.98733849364
7712.85110268602
7712.71484065866
7712.57855241289
7712.44223795
7712.30589727131
7712.16953037814
7712.03313727179
7711.89671795358
7711.76027242482
7711.62380068683
7711.48730274091
7711.35077858838
7711.21422823056
7711.07765166875
7710.94104890428
7710.80441993846
7710.6677647726
7710.53108340802
7710.39437584603
7710.25764208795
7710.12088213509
7709.98409598878
7709.84728365032
7709.71044512104
7709.57358040224
7709.43668949526
7709.2997724014
7709.16282912198
7709.02585965832
7708.88886401175
7708.75184218357
7708.6147941751
7708.47771998767
7708.3406196226
7708.20349308119
7708.06634036478
7707.92916147469
7707.79195641222
7707.65472517871
7707.51746777547
7707.38018420383
7707.24287446511
7707.10553856062
7706.96817649169
7706.83078825965
7706.6933738658
7706.55593331148
7706.41846659801
7706.28097372672
7706.14345469891
7706.00590951593
7705.86833817909
7705.73074068971
7705.59311704912
7705.45546725864
7705.31779131961
7705.18008923334
7705.04236100116
7704.90460662439
7704.76682610436
7704.6290194424
7704.49118663983
7704.35332769798
7704.21544261818
7704.07753140174
7703.93959405001
7703.80163056431
7703.66364094595
7703.52562519629
7703.38758331663
7703.24951530831
7703.11142117266
7702.97330091101
7702.83515452468
7702.69698201501
7702.55878338333
7702.42055863096
7702.28230775924
7702.14403076949
7702.00572766305
7701.86739844125
7701.72904310541
7701.59066165688
7701.45225409698
7701.31382042704
7701.1753606484
7701.03687476239
7700.89836277034
7700.75982467359
7700.62126047346
7700.48267017129
7700.34405376842
7700.20541126618
7700.0667426659
7699.92804796892
7699.78932717658
7699.6505802902
7699.51180731112
7699.37300824068
7699.23418308022
7699.09533183106
7698.95645449456
7698.81755107203
7698.67862156483
7698.53966597428
7698.40068430173
7698.2616765485
7698.12264271595
7697.9835828054
7697.8444968182
7697.70538475568
7697.56624661919
7697.42708241005
7697.28789212962
7697.14867577923
7697.00943336022
7696.87016487393
7696.7308703217
7696.59154970487
7696.45220302478
7696.31283028278
7696.1734314802
7696.03400661838
7695.89455569867
7695.75507872241
7695.61557569095
7695.47604660561
7695.33649146776
7695.19691027872
7695.05730303985
7694.91766975249
7694.77801041797
7694.63832503765
7694.49861361287
7694.35887614497
7694.2191126353
7694.0793230852
7693.93950749602
7693.79966586911
7693.65979820581
7693.51990450746
7693.37998477541
7693.24003901101
7693.10006721561
7692.96006939055
7692.82004553718
7692.67999565685
7692.5399197509
7692.39981782069
7692.25968986755
7692.11953589285
7691.97935589792
7691.83914988413
7691.69891785281
7691.55865980531
7691.418375743
7691.27806566721
7691.13772957929
7690.99736748061
7690.8569793725
7690.71656525632
7690.57612513342
7690.43565900515
7690.29516687287
7690.15464873792
7690.01410460166
7689.87353446544
7689.73293833062
7689.59231619854
7689.45166807056
7689.31099394803
7689.17029383231
7689.02956772475
7688.88881562671
7688.74803753954
7688.60723346459
7688.46640340322
7688.32554735679
7688.18466532664
7688.04375731415
7687.90282332065
7687.76186334752
7687.6208773961
7687.47986546775
7687.33882756383
7687.1977636857
7687.05667383471
7686.91555801222
7686.77441621959
7686.63324845818
7686.49205472935
7686.35083503446
7686.20958937485
7686.0683177519
7685.92702016697
7685.7856966214
7685.64434711658
7685.50297165384
7685.36157023456
7685.22014286009
7685.0786895318
7684.93721025104
7684.79570501919
7684.65417383759
7684.51261670762
7684.37103363063
7684.22942460799
7684.08778964106
7683.9461287312
7683.80444187978
7683.66272908816
7683.5209903577
7683.37922568977
7683.23743508573
7683.09561854695
7682.95377607479
7682.81190767062
7682.6700133358
7682.52809307169
7682.38614687967
7682.2441747611
7682.10217671734
7681.96015274976
7681.81810285974
7681.67602704863
7681.5339253178
7681.39179766862
7681.24964410246
7681.10746462069
7680.96525922467
7680.82302791577
7680.68077069537
7680.53848756483
7680.39617852552
7680.2538435788
7680.11148272606
7679.96909596866
7679.82668330796
7679.68424474535
7679.54178028219
7679.39928991985
7679.2567736597
7679.11423150312
7678.97166345147
7678.82906950614
7678.68644966848
7678.54380393988
7678.40113232171
7678.25843481533
7678.11571142213
7677.97296214347
7677.83018698073
7677.68738593529
7677.54455900851
7677.40170620178
7677.25882751646
7677.11592295394
7676.97299251558
7676.83003620277
7676.68705401687
7676.54404595928
7676.40101203135
7676.25795223447
7676.11486657001
7675.97175503936
7675.82861764388
7675.68545438496
7675.54226526398
7675.3990502823
7675.25580944132
7675.1125427424
7674.96925018694
7674.8259317763
7674.68258751186
7674.53921739501
7674.39582142713
7674.25239960958
7674.10895194377
7673.96547843106
7673.82197907283
7673.67845387048
7673.53490282537
7673.39132593889
7673.24772321243
7673.10409464735
7672.96044024506
7672.81676000692
7672.67305393432
7672.52932202865
7672.38556429128
7672.24178072361
7672.09797132701
7671.95413610286
7671.81027505256
7671.66638817749
7671.52247547903
7671.37853695857
7671.23457261749
7671.09058245717
7670.94656647901
7670.80252468439
7670.65845707469
7670.51436365131
7670.37024441562
7670.22609936902
7670.08192851289
7669.93773184862
7669.7935093776
7669.64926110122
7669.50498702085
7669.36068713791
7669.21636145376
7669.0720099698
7668.92763268742
7668.78322960801
7668.63880073296
7668.49434606366
7668.34986560149
7668.20535934785
7668.06082730414
7667.91626947173
7667.77168585203
7667.62707644641
7667.48244125629
7667.33778028303
7667.19309352805
7667.04838099273
7666.90364267846
7666.75887858664
7666.61408871866
7666.46927307591
7666.32443165979
7666.17956447169
7666.034671513
7665.88975278513
7665.74480828945
7665.59983802738
7665.4548420003
7665.30982020961
7665.1647726567
7665.01969934298
7664.87460026983
7664.72947543866
7664.58432485085
7664.43914850782
7664.29394641094
7664.14871856163
7664.00346496128
7663.85818561128
7663.71288051304
7663.56754966795
7663.42219307741
7663.27681074283
7663.13140266559
7662.98596884711
7662.84050928877
7662.69502399198
7662.54951295814
7662.40397618865
7662.25841368491
7662.11282544831
7661.96721148028
7661.82157178219
7661.67590635546
7661.53021520148
7661.38449832166
7661.23875571741
7661.09298739012
7660.94719334119
7660.80137357203
7660.65552808404
7660.50965687863
7660.36375995721
7660.21783732116
7660.0718889719
7659.92591491084
7659.77991513937
7659.63388965891
7659.48783847085
7659.34176157661
7659.19565897758
7659.04953067518
7658.90337667082
7658.75719696589
7658.61099156181
7658.46476045997
7658.3185036618
7658.17222116869
7658.02591298206
7657.87957910331
7657.73321953385
7657.58683427509
7657.44042332844
7657.29398669531
7657.1475243771
7657.00103637523
7656.8545226911
7656.70798332613
7656.56141828172
7656.41482755929
7656.26821116025
7656.121569086
7655.97490133797
7655.82820791755
7655.68148882617
7655.53474406523
7655.38797363615
7655.24117754034
7655.0943557792
7654.94750835417
7654.80063526664
7654.65373651803
7654.50681210976
7654.35986204323
7654.21288631987
7654.06588494109
7653.9188579083
7653.77180522291
7653.62472688635
7653.47762290003
7653.33049326536
7653.18333798375
7653.03615705664
7652.88895048542
7652.74171827153
7652.59446041637
7652.44717692136
7652.29986778792
7652.15253301747
7652.00517261143
7651.85778657121
7651.71037489823
7651.56293759392
7651.41547465968
7651.26798609694
7651.12047190712
7650.97293209163
7650.82536665191
7650.67777558936
7650.53015890541
7650.38251660148
7650.23484867899
7650.08715513936
7649.93943598401
7649.79169121436
7649.64392083184
7649.49612483787
7649.34830323386
7649.20045602125
7649.05258320146
7648.9046847759
7648.75676074601
7648.60881111319
7648.46083587889
7648.31283504452
7648.16480861151
7648.01675658128
7647.86867895526
7647.72057573487
7647.57244692154
7647.42429251669
7647.27611252174
7647.12790693813
7646.97967576729
7646.83141901063
7646.68313666958
7646.53482874557
7646.38649524003
7646.23813615439
7646.08975149007
7645.94134124851
7645.79290543112
7645.64444403934
7645.4959570746
7645.34744453832
7645.19890643194
7645.05034275688
7644.90175351457
7644.75313870646
7644.60449833395
7644.45583239849
7644.30714090151
7644.15842384443
7644.00968122869
7643.86091305572
7643.71211932695
7643.56330004382
7643.41445520774
7643.26558482017
7643.11668888253
7642.96776739625
7642.81882036276
7642.66984778351
7642.52084965991
7642.37182599342
7642.22277678545
7642.07370203746
7641.92460175086
7641.7754759271
7641.6263245676
7641.47714767382
7641.32794524717
7641.1787172891
7641.02946380105
7640.88018478444
7640.73088024073
7640.58155017133
7640.43219457769
7640.28281346126
7640.13340682345
7639.98397466572
7639.8345169895
7639.68503379623
7639.53552508735
7639.3859908643
7639.23643112851
7639.08684588142
7638.93723512449
7638.78759885913
7638.6379370868
7638.48824980893
7638.33853702697
7638.18879874236
7638.03903495653
7637.88924567093
7637.739430887
7637.58959060619
7637.43972482992
7637.28983355965
7637.13991679682
7636.98997454288
7636.84000679925
7636.69001356739
7636.53999484875
7636.38995064476
7636.23988095686
7636.08978578651
7635.93966513515
7635.78951900422
7635.63934739517
7635.48915030943
7635.33892774847
7635.18867971372
7635.03840620662
7634.88810722864
7634.7377827812
7634.58743286576
7634.43705748377
7634.28665663667
7634.13623032591
7633.98577855294
7633.8353013192
7633.68479862615
7633.53427047522
7633.38371686788
7633.23313780557
7633.08253328974
7632.93190332183
7632.7812479033
7632.6305670356
7632.47986072018
7632.32912895848
7632.17837175196
7632.02758910207
7631.87678101026
7631.72594747799
7631.57508850669
7631.42420409783
7631.27329425286
7631.12235897323
7630.97139826039
7630.82041211579
7630.66940054089
7630.51836353714
7630.367301106
7630.21621324891
7630.06509996734
7629.91396126273
7629.76279713655
7629.61160759023
7629.46039262525
7629.30915224306
7629.15788644511
7629.00659523285
7628.85527860775
7628.70393657126
7628.55256912483
7628.40117626992
7628.249758008
7628.09831434051
7627.94684526891
7627.79535079467
7627.64383091923
7627.49228564407
7627.34071497063
7627.18911890037
7627.03749743476
7626.88585057525
7626.7341783233
7626.58248068038
7626.43075764794
7626.27900922743
7626.12723542034
7625.9754362281
7625.82361165219
7625.67176169406
7625.51988635518
7625.36798563701
7625.216059541
7625.06410806863
7624.91213122135
7624.76012900063
7624.60810140793
7624.45604844471
7624.30397011243
7624.15186641257
7623.99973734658
7623.84758291592
7623.69540312207
7623.54319796648
7623.39096745063
7623.23871157597
7623.08643034397
7622.93412375609
7622.78179181381
7622.62943451859
7622.47705187189
7622.32464387518
7622.17221052993
7622.0197518376
7621.86726779967
7621.71475841759
7621.56222369284
7621.40966362689
7621.2570782212
7621.10446747724
7620.95183139648
7620.79916998039
7620.64648323044
7620.49377114809
7620.34103373483
7620.18827099211
7620.0354829214
7619.88266952419
7619.72983080193
7619.5769667561
7619.42407738817
7619.27116269961
7619.1182226919
7618.9652573665
7618.81226672489
7618.65925076853
7618.50620949891
7618.3531429175
7618.20005102576
7618.04693382517
7617.89379131721
7617.74062350334
7617.58743038505
7617.4342119638
7617.28096824108
7617.12769921835
7616.97440489709
7616.82108527878
7616.66774036489
7616.5143701569
7616.36097465628
7616.20755386451
7616.05410778306
7615.90063641342
7615.74713975706
7615.59361781546
7615.44007059009
7615.28649808243
7615.13290029396
7614.97927722616
7614.82562888051
7614.67195525848
7614.51825636155
7614.36453219121
7614.21078274893
7614.05700803619
7613.90320805448
7613.74938280527
7613.59553229004
7613.44165651027
7613.28775546745
7613.13382916305
7612.97987759856
7612.82590077545
7612.67189869522
7612.51787135934
7612.36381876929
7612.20974092656
7612.05563783262
7611.90150948897
7611.74735589709
7611.59317705845
7611.43897297455
7611.28474364687
7611.13048907689
7610.97620926609
7610.82190421596
7610.66757392799
7610.51321840366
7610.35883764445
7610.20443165186
7610.05000042736
7609.89554397245
7609.74106228861
7609.58655537733
7609.43202324009
7609.27746587838
7609.12288329369
7608.9682754875
7608.81364246131
7608.6589842166
7608.50430075486
7608.34959207758
7608.19485818625
7608.04009908236
7607.88531476739
7607.73050524284
7607.5756705102
7607.42081057095
7607.26592542658
7607.1110150786
7606.95607952848
7606.80111877772
7606.64613282781
7606.49112168024
7606.3360853365
7606.18102379809
7606.0259370665
7605.87082514321
7605.71568802973
7605.56052572755
7605.40533823815
7605.25012556304
7605.0948877037
7604.93962466163
7604.78433643833
7604.62902303528
7604.47368445399
7604.31832069595
7604.16293176265
7604.00751765559
7603.85207837626
7603.69661392616
7603.54112430679
7603.38560951965
7603.23006956622
7603.07450444801
7602.91891416651
7602.76329872322
7602.60765811964
7602.45199235727
7602.2963014376
7602.14058536213
7601.98484413237
7601.8290777498
7601.67328621594
7601.51746953227
7601.3616277003
7601.20576072152
7601.04986859745
7600.89395132957
7600.73800891939
7600.58204136841
7600.42604867812
7600.27003085004
7600.11398788567
7599.95791978649
7599.80182655402
7599.64570818977
7599.48956469522
7599.33339607188
7599.17720232126
7599.02098344486
7598.86473944419
7598.70847032074
7598.55217607602
7598.39585671153
7598.23951222879
7598.08314262929
7597.92674791453
7597.77032808603
7597.61388314529
7597.45741309381
7597.3009179331
7597.14439766467
7596.98785229002
7596.83128181066
7596.6746862281
7596.51806554383
7596.36141975938
7596.20474887625
7596.04805289594
7595.89133181996
7595.73458564983
7595.57781438704
7595.42101803312
7595.26419658956
7595.10735005788
7594.95047843958
7594.79358173618
7594.63665994919
7594.47971308011
7594.32274113046
7594.16574410174
7594.00872199547
7593.85167481317
7593.69460255633
7593.53750522647
7593.38038282511
7593.22323535375
7593.06606281392
7592.90886520711
7592.75164253484
7592.59439479864
7592.437122
7592.27982414044
7592.12250122149
7591.96515324464
7591.80778021142
7591.65038212334
7591.49295898191
7591.33551078866
7591.17803754509
7591.02053925272
7590.86301591306
7590.70546752764
7590.54789409796
7590.39029562555
7590.23267211192
7590.07502355859
7589.91734996708
7589.75965133889
7589.60192767556
7589.4441789786
7589.28640524952
7589.12860648984
7588.97078270109
7588.81293388478
7588.65506004244
7588.49716117557
7588.3392372857
7588.18128837436
7588.02331444305
7587.8653154933
7587.70729152664
7587.54924254457
7587.39116854863
7587.23306954033
7587.0749455212
7586.91679649275
7586.75862245652
7586.60042341401
7586.44219936676
7586.28395031628
7586.1256762641
7585.96737721175
7585.80905316074
7585.6507041126
7585.49233006885
7585.33393103102
7585.17550700063
7585.01705797921
7584.85858396828
7584.70008496937
7584.54156098399
7584.38301201369
7584.22443805998
7584.06583912438
7583.90721520843
7583.74856631366
7583.58989244158
7583.43119359373
7583.27246977163
7583.11372097681
7582.9549472108
7582.79614847513
7582.63732477132
7582.4784761009
7582.31960246541
7582.16070386636
7582.0017803053
7581.84283178374
7581.68385830322
7581.52485986527
7581.36583647142
7581.2067881232
7581.04771482214
7580.88861656977
7580.72949336762
7580.57034521722
7580.41117212011
7580.25197407782
7580.09275109187
7579.93350316381
7579.77423029516
7579.61493248745
7579.45560974222
7579.29626206101
7579.13688944534
7578.97749189675
7578.81806941677
7578.65862200695
7578.4991496688
7578.33965240387
7578.1801302137
7578.02058309981
7577.86101106374
7577.70141410703
7577.54179223122
7577.38214543784
7577.22247372842
7577.0627771045
7576.90305556763
7576.74330911933
7576.58353776115
7576.42374149462
7576.26392032128
7576.10407424267
7575.94420326032
7575.78430737578
7575.62438659058
7575.46444090627
7575.30447032437
7575.14447484644
7574.98445447401
7574.82440920862
7574.66433905181
7574.50424400513
7574.3441240701
7574.18397924828
7574.0238095412
7573.86361495041
7573.70339547745
7573.54315112386
7573.38288189117
7573.22258778095
7573.06226879471
7572.90192493402
7572.74155620041
7572.58116259543
7572.42074412062
7572.26030077752
7572.09983256767
7571.93933949263
7571.77882155393
7571.61827875313
7571.45771109176
7571.29711857137
7571.13650119351
7570.97585895972
7570.81519187155
7570.65449993054
7570.49378313824
7570.3330414962
7570.17227500597
7570.01148366909
7569.8506674871
7569.68982646157
7569.52896059403
7569.36806988603
7569.20715433912
7569.04621395485
7568.88524873477
7568.72425868042
7568.56324379337
7568.40220407515
7568.24113952731
7568.08005015141
7567.918935949
7567.75779692162
7567.59663307084
7567.43544439819
7567.27423090523
7567.11299259351
7566.95172946459
7566.79044152001
7566.62912876132
7566.46779119009
7566.30642880786
7566.14504161618
7565.98362961661
7565.8221928107
7565.66073120001
7565.49924478609
7565.33773357049
7565.17619755477
7565.01463674048
7564.85305112917
7564.69144072241
7564.52980552174
7564.36814552873
7564.20646074493
7564.04475117189
7563.88301681117
7563.72125766432
7563.55947373291
7563.3976650185
7563.23583152263
7563.07397324686
7562.91209019276
7562.75018236187
7562.58824975577
7562.42629237601
7562.26431022414
7562.10230330172
7561.94027161032
7561.77821515149
7561.6161339268
7561.4540279378
7561.29189718605
7561.12974167311
7560.96756140055
7560.80535636992
7560.64312658278
7560.4808720407
7560.31859274524
7560.15628869796
7559.99395990042
7559.83160635419
7559.66922806082
7559.50682502188
7559.34439723893
7559.18194471354
7559.01946744726
7558.85696544167
7558.69443869832
7558.53188721878
7558.36931100462
7558.20671005739
7558.04408437867
7557.88143397002
7557.718758833
7557.55605896918
7557.39333438013
7557.2305850674
7557.06781103258
7556.90501227722
7556.74218880288
7556.57934061115
7556.41646770358
7556.25357008174
7556.09064774721
7555.92770070154
7555.7647289463
7555.60173248307
7555.43871131341
7555.2756654389
7555.11259486109
7554.94949958157
7554.78637960189
7554.62323492364
7554.46006554837
7554.29687147767
7554.13365271309
7553.97040925622
7553.80714110861
7553.64384827185
7553.48053074751
7553.31718853715
7553.15382164235
7552.99043006468
7552.82701380571
7552.66357286702
7552.50010725018
7552.33661695676
7552.17310198833
7552.00956234648
7551.84599803276
7551.68240904877
7551.51879539606
7551.35515707622
7551.19149409081
7551.02780644143
7550.86409412963
7550.700357157
7550.53659552511
7550.37280923554
7550.20899828987
7550.04516268966
7549.8813024365
7549.71741753197
7549.55350797763
7549.38957377508
7549.22561492588
7549.06163143161
7548.89762329386
7548.7335905142
7548.56953309421
7548.40545103546
7548.24134433954
7548.07721300803
7547.9130570425
7547.74887644454
7547.58467121573
7547.42044135764
7547.25618687186
7547.09190775996
7546.92760402353
7546.76327566416
7546.59892268341
7546.43454508287
7546.27014286413
7546.10571602877
7545.94126457836
7545.7767885145
7545.61228783876
7545.44776255272
7545.28321265798
7545.11863815611
7544.9540390487
7544.78941533734
7544.6247670236
7544.46009410907
7544.29539659533
7544.13067448398
7543.96592777659
7543.80115647475
7543.63636058005
7543.47154009407
7543.3066950184
7543.14182535463
7542.97693110434
7542.81201226912
7542.64706885055
7542.48210085023
7542.31710826974
7542.15209111067
7541.9870493746
7541.82198306313
7541.65689217785
7541.49177672033
7541.32663669218
7541.16147209498
7540.99628293032
7540.83106919978
7540.66583090497
7540.50056804747
7540.33528062887
7540.16996865076
7540.00463211473
7539.83927102238
7539.67388537529
7539.50847517506
7539.34304042327
7539.17758112152
7539.01209727141
7538.84658887452
7538.68105593245
7538.51549844679
7538.34991641914
7538.18430985108
7538.01867874421
7537.85302310013
7537.68734292043
7537.5216382067
7537.35590896054
7537.19015518355
7537.02437687731
7536.85857404343
7536.69274668349
7536.52689479911
7536.36101839186
7536.19511746335
7536.02919201518
7535.86324204893
7535.69726756622
7535.53126856863
7535.36524505777
7535.19919703522
7535.0331245026
7534.86702746149
7534.7009059135
7534.53475986022
7534.36858930325
7534.2023942442
7534.03617468466
7533.86993062623
7533.70366207051
7533.5373690191
7533.3710514736
7533.20470943562
7533.03834290675
7532.87195188859
7532.70553638275
7532.53909639082
7532.37263191442
7532.20614295513
7532.03962951457
7531.87309159433
7531.70652919603
7531.53994232125
7531.3733309716
7531.2066951487
7531.04003485413
7530.87335008951
7530.70664085644
7530.53990715652
7530.37314899136
7530.20636636256
7530.03955927174
7529.87272772048
7529.7058717104
7529.53899124311
7529.37208632021
7529.2051569433
7529.038203114
7528.87122483391
7528.70422210463
7528.53719492778
7528.37014330496
7528.20306723778
7528.03596672784
7527.86884177676
7527.70169238615
7527.5345185576
7527.36732029274
7527.20009759317
7527.03285046049
7526.86557889633
7526.69828290228
7526.53096247996
7526.36361763098
7526.19624835695
7526.02885465947
7525.86143654017
7525.69399400065
7525.52652704253
7525.35903566741
7525.1915198769
7525.02397967263
7524.85641505619
7524.68882602921
7524.5212125933
7524.35357475006
7524.18591250112
7524.01822584808
7523.85051479257
7523.68277933619
7523.51501948055
7523.34723522728
7523.17942657799
7523.01159353429
7522.8437360978
7522.67585427013
7522.5079480529
7522.34001744772
7522.17206245622
7522.00408308
7521.83607932068
7521.66805117989
7521.49999865923
7521.33192176033
7521.1638204848
7520.99569483426
7520.82754481032
7520.65937041462
7520.49117164875
7520.32294851435
7520.15470101304
7519.98642914642
7519.81813291613
7519.64981232377
7519.48146737097
7519.31309805936
7519.14470439054
7518.97628636615
7518.8078439878
7518.63937725711
7518.4708861757
7518.3023707452
7518.13383096723
7517.96526684341
7517.79667837536
7517.6280655647
7517.45942841306
7517.29076692206
7517.12208109332
7516.95337092847
7516.78463642912
7516.61587759691
7516.44709443346
7516.27828694039
7516.10945511933
7515.94059897189
7515.77171849972
7515.60281370442
7515.43388458763
7515.26493115098
7515.09595339608
7514.92695132456
7514.75792493806
7514.5888742382
7514.4197992266
7514.25069990489
7514.0815762747
7513.91242833766
7513.74325609539
7513.57405954952
7513.40483870169
7513.23559355351
7513.06632410662
7512.89703036265
7512.72771232323
7512.55836998998
7512.38900336454
7512.21961244853
7512.05019724359
7511.88075775134
7511.71129397342
7511.54180591145
7511.37229356708
7511.20275694192
7511.03319603762
7510.8636108558
7510.69400139809
7510.52436766613
7510.35470966156
7510.18502738599
7510.01532084107
7509.84559002843
7509.6758349497
7509.50605560651
7509.33625200051
7509.16642413332
7508.99657200657
7508.82669562191
7508.65679498097
7508.48687008538
7508.31692093678
7508.1469475368
7507.97694988708
7507.80692798926
7507.63688184496
7507.46681145584
7507.29671682352
7507.12659794964
7506.95645483584
7506.78628748375
7506.61609589502
7506.44588007128
7506.27564001417
7506.10537572533
7505.93508720639
7505.764774459
7505.5944374848
7505.42407628541
7505.25369086249
7505.08328121768
7504.9128473526
7504.74238926891
7504.57190696824
7504.40140045224
7504.23086972254
7504.06031478079
7503.88973562862
7503.71913226768
7503.54850469962
7503.37785292606
7503.20717694867
7503.03647676906
7502.8657523889
7502.69500380983
7502.52423103348
7502.3534340615
7502.18261289553
7502.01176753722
7501.84089798821
7501.67000425015
7501.49908632468
7501.32814421344
7501.15717791809
7500.98618744026
7500.8151727816
7500.64413394376
7500.47307092838
7500.30198373712
7500.13087237161
7499.9597368335
7499.78857712444
7499.61739324608
7499.44618520006
7499.27495298803
7499.10369661165
7498.93241607255
7498.76111137239
7498.58978251281
7498.41842949547
7498.24705232201
7498.07565099408
7497.90422551333
7497.73277588142
7497.56130209998
7497.38980417068
7497.21828209515
7497.04673587506
7496.87516551206
7496.70357100779
7496.5319523639
7496.36030958205
7496.18864266389
7496.01695161107
7495.84523642525
7495.67349710807
7495.50173366119
7495.32994608626
7495.15813438494
7494.98629855887
7494.81443860972
7494.64255453913
7494.47064634876
7494.29871404027
7494.12675761531
7493.95477707553
7493.78277242259
7493.61074365814
7493.43869078385
