1434.09579663969
1434.09424892356
1434.09780061164
1434.10135185161
1434.10490264167
1434.10845298002
1434.11200286489
1434.11555229446
1434.11910126695
1434.12264978057
1434.12619783353
1434.12974542402
1434.13329255027
1434.13683921048
1434.14038540286
1434.14393112563
1434.14747637699
1434.15102115516
1434.15456545834
1434.15810928476
1434.16165263262
1434.16519550014
1434.16873788553
1434.17227978701
1434.17582120279
1434.17936213109
1434.18290257013
1434.18644251813
1434.18998197329
1434.19352093384
1434.197059398
1434.20059736398
1434.20413483002
1434.20767179431
1434.2112082551
1434.21474421059
1434.21827965901
1434.22181459859
1434.22534902754
1434.22888294409
1434.23241634646
1434.23594923288
1434.23948160156
1434.24301345075
1434.24654477866
1434.25007558352
1434.25360586355
1434.25713561699
1434.26066484206
1434.26419353699
1434.26772170001
1434.27124932935
1434.27477642324
1434.27830297991
1434.28182899759
1434.28535447451
1434.2888794089
1434.29240379901
1434.29592764305
1434.29945093927
1434.3029736859
1434.30649588118
1434.31001752333
1434.31353861059
1434.31705914121
1434.32057911342
1434.32409852546
1434.32761737555
1434.33113566195
1434.33465338289
1434.33817053662
1434.34168712136
1434.34520313537
1434.34871857687
1434.35223344413
1434.35574773536
1434.35926144883
1434.36277458277
1434.36628713543
1434.36979910505
1434.37331048987
1434.37682128815
1434.38033149812
1434.38384111803
1434.38735014614
1434.39085858068
1434.39436641991
1434.39787366207
1434.40138030541
1434.40488634819
1434.40839178864
1434.41189662503
1434.41540085561
1434.41890447862
1434.42240749232
1434.42590989495
1434.42941168479
1434.43291286007
1434.43641341905
1434.43991335998
1434.44341268113
1434.44691138075
1434.45040945709
1434.45390690841
1434.45740373297
1434.46089992903
1434.46439549484
1434.46789042866
1434.47138472876
1434.47487839339
1434.47837142081
1434.48186380929
1434.48535555708
1434.48884666246
1434.49233712367
1434.49582693899
1434.49931610667
1434.50280462499
1434.50629249221
1434.50977970659
1434.51326626639
1434.51675216989
1434.52023741535
1434.52372200105
1434.52720592523
1434.53068918618
1434.53417178217
1434.53765371146
1434.54113497232
1434.54461556303
1434.54809548185
1434.55157472706
1434.55505329693
1434.55853118973
1434.56200840374
1434.56548493722
1434.56896078846
1434.57243595572
1434.57591043729
1434.57938423144
1434.58285733644
1434.58632975057
1434.58980147211
1434.59327249934
1434.59674283053
1434.60021246397
1434.60368139794
1434.6071496307
1434.61061716056
1434.61408398578
1434.61755010464
1434.62101551544
1434.62448021644
1434.62794420595
1434.63140748223
1434.63487004358
1434.63833188827
1434.6417930146
1434.64525342084
1434.6487131053
1434.65217206624
1434.65563030197
1434.65908781076
1434.66254459091
1434.66600064071
1434.66945595844
1434.67291054239
1434.67636439087
1434.67981750214
1434.68326987452
1434.68672150629
1434.69017239574
1434.69362254117
1434.69707194086
1434.70052059312
1434.70396849625
1434.70741564852
1434.71086204825
1434.71430769372
1434.71775258324
1434.7211967151
1434.7246400876
1434.72808269903
1434.73152454771
1434.73496563192
1434.73840594996
1434.74184550015
1434.74528428077
1434.74872229013
1434.75215952654
1434.75559598829
1434.75903167368
1434.76246658103
1434.76590070864
1434.76933405481
1434.77276661784
1434.77619839605
1434.77962938773
1434.7830595912
1434.78648900477
1434.78991762673
1434.79334545541
1434.7967724891
1434.80019872613
1434.80362416479
1434.8070488034
1434.81047264028
1434.81389567372
1434.81731790205
1434.82073932358
1434.82415993662
1434.82757973949
1434.83099873049
1434.83441690795
1434.83783427017
1434.84125081548
1434.8446665422
1434.84808144863
1434.8514955331
1434.85490879393
1434.85832122942
1434.86173283791
1434.86514361771
1434.86855356715
1434.87196268454
1434.8753709682
1434.87877841646
1434.88218502763
1434.88559080005
1434.88899573203
1434.8923998219
1434.89580306799
1434.89920546861
1434.90260702209
1434.90600772677
1434.90940758096
1434.91280658299
1434.9162047312
1434.9196020239
1434.92299845944
1434.92639403613
1434.9297887523
1434.9331826063
1434.93657559644
1434.93996772106
1434.94335897849
1434.94674936706
1434.95013888512
1434.95352753098
1434.95691530298
1434.96030219947
1434.96368821877
1434.96707335921
1434.97045761915
1434.9738409969
1434.97722349081
1434.98060509922
1434.98398582047
1434.98736565289
1434.99074459482
1434.99412264461
1434.99749980058
1435.0008760611
1435.00425142449
1435.00762588909
1435.01099945326
1435.01437211533
1435.01774387365
1435.02111472656
1435.0244846724
1435.02785370953
1435.03122183628
1435.03458905101
1435.03795535205
1435.04132073776
1435.04468520649
1435.04804875658
1435.05141138638
1435.05477309424
1435.05813387851
1435.06149373755
1435.0648526697
1435.06821067331
1435.07156774674
1435.07492388833
1435.07827909645
1435.08163336945
1435.08498670567
1435.08833910349
1435.09169056124
1435.09504107728
1435.09839064998
1435.10173927769
1435.10508695877
1435.10843369156
1435.11177947445
1435.11512430577
1435.1184681839
1435.12181110718
1435.12515307399
1435.12849408269
1435.13183413163
1435.13517321917
1435.13851134369
1435.14184850353
1435.14518469708
1435.14851992269
1435.15185417872
1435.15518746355
1435.15851977553
1435.16185111304
1435.16518147443
1435.16851085809
1435.17183926237
1435.17516668565
1435.1784931263
1435.18181858267
1435.18514305315
1435.18846653611
1435.19178902991
1435.19511053294
1435.19843104355
1435.20175056012
1435.20506908104
1435.20838660466
1435.21170312937
1435.21501865354
1435.21833317554
1435.22164669376
1435.22495920656
1435.22827071233
1435.23158120945
1435.23489069628
1435.23819917122
1435.24150663263
1435.24481307891
1435.24811850842
1435.25142291956
1435.2547263107
1435.25802868022
1435.26133002651
1435.26463034794
1435.26792964292
1435.2712279098
1435.27452514699
1435.27782135287
1435.28111652582
1435.28441066423
1435.28770376649
1435.29099583097
1435.29428685608
1435.2975768402
1435.30086578172
1435.30415367902
1435.3074405305
1435.31072633455
1435.31401108956
1435.31729479392
1435.32057744603
1435.32385904427
1435.32713958703
1435.33041907273
1435.33369749973
1435.33697486645
1435.34025117128
1435.34352641261
1435.34680058883
1435.35007369836
1435.35334573958
1435.35661671089
1435.35988661068
1435.36315543737
1435.36642318935
1435.36968986502
1435.37295546278
1435.37621998102
1435.37948341817
1435.3827457726
1435.38600704274
1435.38926722697
1435.39252632371
1435.39578433136
1435.39904124833
1435.40229707301
1435.40555180382
1435.40880543917
1435.41205797745
1435.41530941709
1435.41855975647
1435.42180899403
1435.42505712815
1435.42830415726
1435.43155007977
1435.43479489408
1435.4380385986
1435.44128119176
1435.44452267195
1435.4477630376
1435.45100228712
1435.45424041891
1435.45747743141
1435.46071332301
1435.46394809214
1435.46718173722
1435.47041425666
1435.47364564887
1435.47687591228
1435.4801050453
1435.48333304636
1435.48655991386
1435.48978564624
1435.49301024192
1435.4962336993
1435.49945601682
1435.5026771929
1435.50589722596
1435.50911611442
1435.51233385672
1435.51555045126
1435.51876589648
1435.5219801908
1435.52519333265
1435.52840532045
1435.53161615263
1435.53482582763
1435.53803434386
1435.54124169975
1435.54444789374
1435.54765292426
1435.55085678973
1435.55405948858
1435.55726101926
1435.56046138018
1435.56366056978
1435.56685858649
1435.57005542876
1435.573251095
1435.57644558366
1435.57963889317
1435.58283102197
1435.58602196849
1435.58921173117
1435.59240030845
1435.59558769876
1435.59877390055
1435.60195891224
1435.60514273229
1435.60832535913
1435.6115067912
1435.61468702694
1435.6178660648
1435.62104390321
1435.62422054063
1435.62739597548
1435.63057020622
1435.63374323129
1435.63691504913
1435.6400856582
1435.64325505693
1435.64642324377
1435.64959021717
1435.65275597558
1435.65592051744
1435.6590838412
1435.66224594532
1435.66540682824
1435.66856648841
1435.67172492429
1435.67488213432
1435.67803811695
1435.68119287065
1435.68434639385
1435.68749868502
1435.69064974261
1435.69379956507
1435.69694815086
1435.70009549843
1435.70324160624
1435.70638647275
1435.70953009641
1435.71267247569
1435.71581360903
1435.7189534949
1435.72209213176
1435.72522951807
1435.72836565228
1435.73150053287
1435.73463415828
1435.73776652699
1435.74089763745
1435.74402748813
1435.7471560775
1435.75028340401
1435.75340946613
1435.75653426232
1435.75965779106
1435.76278005081
1435.76590104003
1435.7690207572
1435.77213920078
1435.77525636924
1435.77837226104
1435.78148687467
1435.78460020858
1435.78771226125
1435.79082303115
1435.79393251676
1435.79704071654
1435.80014762896
1435.80325325251
1435.80635758565
1435.80946062686
1435.81256237462
1435.8156628274
1435.81876198367
1435.82185984191
1435.82495640061
1435.82805165823
1435.83114561326
1435.83423826417
1435.83732960945
1435.84041964757
1435.84350837702
1435.84659579627
1435.84968190381
1435.85276669812
1435.85585017768
1435.85893234098
1435.86201318649
1435.86509271271
1435.86817091811
1435.87124780119
1435.87432336043
1435.87739759431
1435.88047050133
1435.88354207997
1435.88661232871
1435.88968124605
1435.89274883048
1435.89581508048
1435.89887999455
1435.90194357117
1435.90500580884
1435.90806670605
1435.9111262613
1435.91418447306
1435.91724133985
1435.92029686015
1435.92335103246
1435.92640385526
1435.92945532707
1435.93250544637
1435.93555421166
1435.93860162144
1435.94164767421
1435.94469236845
1435.94773570269
1435.9507776754
1435.9538182851
1435.95685753028
1435.95989540945
1435.9629319211
1435.96596706373
1435.96900083586
1435.97203323599
1435.97506426261
1435.97809391423
1435.98112218936
1435.98414908651
1435.98717460417
1435.99019874085
1435.99322149507
1435.99624286533
1435.99926285014
1436.002281448
1436.00529865743
1436.00831447693
1436.01132890502
1436.01434194021
1436.017353581
1436.02036382592
1436.02337267346
1436.02638012216
1436.02938617051
1436.03239081703
1436.03539406025
1436.03839589867
1436.0413963308
1436.04439535518
1436.0473929703
1436.05038917469
1436.05338396688
1436.05637734536
1436.05936930868
1436.06235985534
1436.06534898386
1436.06833669277
1436.07132298058
1436.07430784583
1436.07729128702
1436.08027330269
1436.08325389136
1436.08623305155
1436.08921078178
1436.09218708058
1436.09516194648
1436.09813537801
1436.10110737368
1436.10407793203
1436.10704705158
1436.11001473087
1436.11298096841
1436.11594576275
1436.11890911241
1436.12187101591
1436.12483147181
1436.12779047861
1436.13074803486
1436.13370413909
1436.13665878983
1436.13961198562
1436.14256372498
1436.14551400646
1436.14846282859
1436.15141018991
1436.15435608895
1436.15730052425
1436.16024349435
1436.16318499778
1436.16612503309
1436.16906359881
1436.17200069348
1436.17493631564
1436.17787046385
1436.18080313662
1436.18373433252
1436.18666405007
1436.18959228783
1436.19251904433
1436.19544431813
1436.19836810776
1436.20129041177
1436.20421122871
1436.20713055712
1436.21004839555
1436.21296474255
1436.21587959666
1436.21879295644
1436.22170482043
1436.22461518719
1436.22752405525
1436.23043142318
1436.23333728953
1436.23624165284
1436.23914451167
1436.24204586457
1436.2449457101
1436.24784404681
1436.25074087325
1436.25363618798
1436.25652998955
1436.25942227653
1436.26231304746
1436.26520230091
1436.26809003543
1436.27097624958
1436.27386094192
1436.27674411101
1436.27962575541
1436.28250587368
1436.28538446438
1436.28826152607
1436.29113705732
1436.29401105669
1436.29688352274
1436.29975445403
1436.30262384913
1436.30549170661
1436.30835802502
1436.31122280294
1436.31408603894
1436.31694773157
1436.31980787941
1436.32266648103
1436.32552353499
1436.32837903987
1436.33123299422
1436.33408539664
1436.33693624568
1436.33978553991
1436.34263327791
1436.34547945826
1436.34832407952
1436.35116714026
1436.35400863907
1436.35684857452
1436.35968694518
1436.36252374963
1436.36535898644
1436.3681926542
1436.37102475148
1436.37385527685
1436.3766842289
1436.37951160621
1436.38233740735
1436.38516163091
1436.38798427546
1436.39080533959
1436.39362482189
1436.39644272092
1436.39925903528
1436.40207376355
1436.40488690432
1436.40769845616
1436.41050841767
1436.41331678742
1436.41612356402
1436.41892874603
1436.42173233206
1436.42453432068
1436.42733471049
1436.43013350008
1436.43293068803
1436.43572627293
1436.43852025339
1436.44131262798
1436.4441033953
1436.44689255395
1436.44968010251
1436.45246603957
1436.45525036375
1436.45803307361
1436.46081416777
1436.46359364482
1436.46637150336
1436.46914774197
1436.47192235927
1436.47469535384
1436.47746672429
1436.48023646921
1436.4830045872
1436.48577107687
1436.48853593681
1436.49129916563
1436.49406076193
1436.49682072431
1436.49957905137
1436.50233574171
1436.50509079395
1436.50784420668
1436.51059597851
1436.51334610805
1436.5160945939
1436.51884143467
1436.52158662896
1436.52433017539
1436.52707207256
1436.52981231908
1436.53255091357
1436.53528785462
1436.53802314085
1436.54075677088
1436.54348874331
1436.54621905676
1436.54894770984
1436.55167470116
1436.55440002933
1436.55712369298
1436.55984569071
1436.56256602115
1436.5652846829
1436.56800167459
1436.57071699483
1436.57343064224
1436.57614261543
1436.57885291304
1436.58156153367
1436.58426847594
1436.58697373848
1436.58967731991
1436.59237921885
1436.59507943393
1436.59777796375
1436.60047480696
1436.60316996216
1436.60586342799
1436.60855520308
1436.61124528604
1436.6139336755
1436.61662037009
1436.61930536844
1436.62198866917
1436.62467027091
1436.6273501723
1436.63002837196
1436.63270486851
1436.6353796606
1436.63805274685
1436.6407241259
1436.64339379637
1436.6460617569
1436.64872800612
1436.65139254267
1436.65405536518
1436.65671647228
1436.65937586261
1436.66203353481
1436.66468948752
1436.66734371936
1436.66999622898
1436.67264701502
1436.67529607611
1436.6779434109
1436.68058901802
1436.68323289612
1436.68587504383
1436.68851545981
1436.69115414268
1436.69379109109
1436.69642630369
1436.69905977911
1436.70169151602
1436.70432151304
1436.70694976882
1436.70957628201
1436.71220105126
1436.71482407522
1436.71744535252
1436.72006488183
1436.72268266178
1436.72529869104
1436.72791296824
1436.73052549203
1436.73313626108
1436.73574527403
1436.73835252953
1436.74095802623
1436.7435617628
1436.74616373787
1436.74876395012
1436.75136239818
1436.75395908072
1436.7565539964
1436.75914714386
1436.76173852177
1436.76432812879
1436.76691596357
1436.76950202477
1436.77208631105
1436.77466882107
1436.7772495535
1436.77982850698
1436.78240568019
1436.78498107178
1436.78755468042
1436.79012650478
1436.79269654351
1436.79526479528
1436.79783125875
1436.80039593259
1436.80295881547
1436.80551990606
1436.80807920301
1436.810636705
1436.81319241069
1436.81574631876
1436.81829842788
1436.8208487367
1436.82339724391
1436.82594394818
1436.82848884817
1436.83103194256
1436.83357323002
1436.83611270923
1436.83865037886
1436.84118623757
1436.84372028406
1436.84625251699
1436.84878293504
1436.85131153688
1436.8538383212
1436.85636328666
1436.85888643196
1436.86140775576
1436.86392725675
1436.86644493361
1436.86896078501
1436.87147480964
1436.87398700618
1436.87649737332
1436.87900590973
1436.88151261409
1436.8840174851
1436.88652052143
1436.88902172178
1436.89152108482
1436.89401860924
1436.89651429374
1436.89900813699
1436.90150013768
1436.90399029451
1436.90647860615
1436.90896507131
1436.91144968867
1436.91393245692
1436.91641337475
1436.91889244085
1436.92136965392
1436.92384501265
1436.92631851573
1436.92879016185
1436.93125994972
1436.93372787802
1436.93619394545
1436.93865815071
1436.94112049249
1436.94358096949
1436.94603958041
1436.94849632394
1436.95095119879
1436.95340420366
1436.95585533724
1436.95830459824
1436.96075198535
1436.96319749728
1436.96564113273
1436.9680828904
1436.970522769
1436.97296076723
1436.9753968838
1436.9778311174
1436.98026346675
1436.98269393055
1436.98512250751
1436.98754919634
1436.98997399574
1436.99239690441
1436.99481792109
1436.99723704446
1436.99965427324
1437.00206960614
1437.00448304187
1437.00689457915
1437.00930421668
1437.01171195318
1437.01411778736
1437.01652171794
1437.01892374363
1437.02132386314
1437.0237220752
1437.02611837851
1437.0285127718
1437.03090525378
1437.03329582317
1437.03568447869
1437.03807121905
1437.04045604298
1437.0428389492
1437.04521993642
1437.04759900338
1437.04997614878
1437.05235137135
1437.05472466982
1437.05709604291
1437.05946548935
1437.06183300785
1437.06419859714
1437.06656225595
1437.06892398301
1437.07128377704
1437.07364163677
1437.07599756092
1437.07835154823
1437.08070359742
1437.08305370723
1437.08540187639
1437.08774810362
1437.09009238765
1437.09243472722
1437.09477512107
1437.09711356792
1437.0994500665
1437.10178461556
1437.10411721383
1437.10644786003
1437.10877655292
1437.11110329121
1437.11342807366
1437.11575089899
1437.11807176596
1437.12039067328
1437.12270761971
1437.12502260399
1437.12733562485
1437.12964668103
1437.13195577128
1437.13426289434
1437.13656804895
1437.13887123385
1437.1411724478
1437.14347168952
1437.14576895777
1437.14806425129
1437.15035756883
1437.15264890914
1437.15493827095
1437.15722565303
1437.15951105411
1437.16179447295
1437.1640759083
1437.1663553589
1437.1686328235
1437.17090830086
1437.17318178974
1437.17545328887
1437.17772279701
1437.17999031292
1437.18225583535
1437.18451936305
1437.18678089479
1437.18904042931
1437.19129796537
1437.19355350172
1437.19580703713
1437.19805857036
1437.20030810015
1437.20255562527
1437.20480114449
1437.20704465655
1437.20928616022
1437.21152565426
1437.21376313743
1437.2159986085
1437.21823206623
1437.22046350937
1437.2226929367
1437.22492034698
1437.22714573897
1437.22936911145
1437.23159046316
1437.2338097929
1437.23602709941
1437.23824238147
1437.24045563784
1437.2426668673
1437.24487606862
1437.24708324055
1437.24928838189
1437.25149149139
1437.25369256783
1437.25589160999
1437.25808861662
1437.26028358651
1437.26247651844
1437.26466741117
1437.26685626348
1437.26904307415
1437.27122784195
1437.27341056567
1437.27559124407
1437.27776987594
1437.27994646005
1437.28212099518
1437.28429348012
1437.28646391364
1437.28863229452
1437.29079862156
1437.29296289352
1437.29512510918
1437.29728526735
1437.29944336679
1437.30159940629
1437.30375338464
1437.30590530061
1437.30805515301
1437.31020294061
1437.3123486622
1437.31449231657
1437.3166339025
1437.3187734188
1437.32091086423
1437.3230462376
1437.3251795377
1437.32731076331
1437.32943991323
1437.33156698625
1437.33369198116
1437.33581489676
1437.33793573183
1437.34005448518
1437.3421711556
1437.34428574189
1437.34639824283
1437.34850865723
1437.35061698389
1437.3527232216
1437.35482736916
1437.35692942537
1437.35902938903
1437.36112725893
1437.36322303389
1437.3653167127
1437.36740829416
1437.36949777707
1437.37158516025
1437.37367044248
1437.37575362258
1437.37783469935
1437.37991367159
1437.38199053812
1437.38406529773
1437.38613794924
1437.38820849145
1437.39027692317
1437.3923432432
1437.39440745036
1437.39646954346
1437.39852952131
1437.40058738271
1437.40264312648
1437.40469675144
1437.40674825639
1437.40879764014
1437.41084490151
1437.41289003932
1437.41493305238
1437.4169739395
1437.41901269951
1437.42104933121
1437.42308383342
1437.42511620497
1437.42714644467
1437.42917455133
1437.43120052379
1437.43322436085
1437.43524606134
1437.43726562408
1437.43928304789
1437.44129833159
1437.44331147401
1437.44532247397
1437.44733133029
1437.4493380418
1437.45134260732
1437.45334502568
1437.45534529571
1437.45734341622
1437.45933938605
1437.46133320403
1437.46332486898
1437.46531437974
1437.46730173513
1437.46928693398
1437.47126997513
1437.4732508574
1437.47522957963
1437.47720614064
1437.47918053928
1437.48115277438
1437.48312284476
1437.48509074927
1437.48705648674
1437.489020056
1437.4909814559
1437.49294068526
1437.49489774293
1437.49685262774
1437.49880533854
1437.50075587416
1437.50270423344
1437.50465041522
1437.50659441835
1437.50853624166
1437.510475884
1437.5124133442
1437.51434862112
1437.5162817136
1437.51821262047
1437.52014134059
1437.5220678728
1437.52399221595
1437.52591436888
1437.52783433045
1437.52975209949
1437.53166767485
1437.5335810554
1437.53549223996
1437.53740122741
1437.53930801658
1437.54121260632
1437.54311499549
1437.54501518295
1437.54691316754
1437.54880894811
1437.55070252353
1437.55259389264
1437.5544830543
1437.55637000737
1437.5582547507
1437.56013728316
1437.56201760359
1437.56389571085
1437.56577160381
1437.56764528132
1437.56951674224
1437.57138598544
1437.57325300976
1437.57511781409
1437.57698039727
1437.57884075817
1437.58069889565
1437.58255480858
1437.58440849582
1437.58625995624
1437.5881091887
1437.58995619206
1437.5918009652
1437.59364350698
1437.59548381626
1437.59732189193
1437.59915773283
1437.60099133786
1437.60282270586
1437.60465183573
1437.60647872632
1437.6083033765
1437.61012578516
1437.61194595116
1437.61376387338
1437.61557955069
1437.61739298196
1437.61920416607
1437.6210131019
1437.62281978832
1437.62462422422
1437.62642640845
1437.62822633991
1437.63002401748
1437.63181944002
1437.63361260643
1437.63540351558
1437.63719216636
1437.63897855763
1437.6407626883
1437.64254455723
1437.64432416331
1437.64610150543
1437.64787658247
1437.64964939332
1437.65141993685
1437.65318821196
1437.65495421753
1437.65671795246
1437.65847941562
1437.6602386059
1437.6619955222
1437.66375016341
1437.66550252841
1437.66725261609
1437.66900042535
1437.67074595507
1437.67248920416
1437.6742301715
1437.67596885598
1437.67770525651
1437.67943937196
1437.68117120125
1437.68290074327
1437.6846279969
1437.68635296105
1437.68807563462
1437.68979601651
1437.6915141056
1437.69322990081
1437.69494340103
1437.69665460516
1437.6983635121
1437.70007012076
1437.70177443003
1437.70347643882
1437.70517614604
1437.70687355057
1437.70856865134
1437.71026144725
1437.71195193719
1437.71364012008
1437.71532599482
1437.71700956032
1437.71869081549
1437.72036975924
1437.72204639047
1437.72372070809
1437.72539271102
1437.72706239817
1437.72872976844
1437.73039482075
1437.73205755401
1437.73371796713
1437.73537605903
1437.73703182862
1437.73868527481
1437.74033639653
1437.74198519268
1437.74363166219
1437.74527580396
1437.74691761693
1437.74855709999
1437.75019425209
1437.75182907212
1437.75346155902
1437.7550917117
1437.75671952909
1437.7583450101
1437.75996815366
1437.76158895869
1437.76320742412
1437.76482354886
1437.76643733184
1437.768048772
1437.76965786824
1437.7712646195
1437.77286902471
1437.7744710828
1437.77607079268
1437.77766815329
1437.77926316356
1437.78085582242
1437.7824461288
1437.78403408162
1437.78561967982
1437.78720292234
1437.7887838081
1437.79036233604
1437.79193850509
1437.79351231418
1437.79508376226
1437.79665284825
1437.79821957109
1437.79978392971
1437.80134592307
1437.80290555008
1437.8044628097
1437.80601770085
1437.80757022249
1437.80912037354
1437.81066815295
1437.81221355966
1437.81375659261
1437.81529725075
1437.81683553302
1437.81837143835
1437.8199049657
1437.82143611401
1437.82296488222
1437.82449126928
1437.82601527414
1437.82753689574
1437.82905613303
1437.83057298496
1437.83208745048
1437.83359952853
1437.83510921807
1437.83661651805
1437.83812142741
1437.83962394511
1437.8411240701
1437.84262180133
1437.84411713776
1437.84561007834
1437.84710062203
1437.84858876777
1437.85007451453
1437.85155786126
1437.85303880692
1437.85451735046
1437.85599349085
1437.85746722704
1437.85893855798
1437.86040748265
1437.861874
1437.86333810898
1437.86479980857
1437.86625909772
1437.8677159754
1437.86917044057
1437.87062249219
1437.87207212923
1437.87351935064
1437.87496415541
1437.87640654249
1437.87784651085
1437.87928405945
1437.88071918727
1437.88215189327
1437.88358217642
1437.88501003569
1437.88643547005
1437.88785847848
1437.88927905993
1437.89069721339
1437.89211293782
1437.89352623221
1437.89493709551
1437.89634552671
1437.89775152479
1437.8991550887
1437.90055621744
1437.90195490998
1437.90335116529
1437.90474498236
1437.90613636015
1437.90752529766
1437.90891179385
1437.91029584771
1437.91167745822
1437.91305662435
1437.9144333451
1437.91580761944
1437.91717944636
1437.91854882484
1437.91991575385
1437.9212802324
1437.92264225946
1437.92400183401
1437.92535895505
1437.92671362156
1437.92806583252
1437.92941558694
1437.93076288378
1437.93210772205
1437.93345010073
1437.93479001882
1437.9361274753
1437.93746246916
1437.9387949994
1437.94012506502
1437.94145266499
1437.94277779832
1437.944100464
1437.94542066103
1437.94673838839
1437.9480536451
1437.94936643014
1437.9506767425
1437.9519845812
1437.95328994522
1437.95459283357
1437.95589324525
1437.95719117925
1437.95848663457
1437.95977961023
1437.96107010521
1437.96235811852
1437.96364364917
1437.96492669615
1437.96620725848
1437.96748533515
1437.96876092517
1437.97003402756
1437.9713046413
1437.97257276542
1437.97383839892
1437.9751015408
1437.97636219008
1437.97762034577
1437.97887600687
1437.98012917239
1437.98137984135
1437.98262801276
1437.98387368563
1437.98511685898
1437.98635753181
1437.98759570314
1437.98883137199
1437.99006453737
1437.99129519829
1437.99252335378
1437.99374900284
1437.99497214451
1437.99619277779
1437.9974109017
1437.99862651527
1437.9998396175
1438.00105020743
1438.00225828408
1438.00346384646
1438.0046668936
1438.00586742452
1438.00706543824
1438.00826093379
1438.0094539102
1438.01064436648
1438.01183230166
1438.01301771478
1438.01420060484
1438.0153809709
1438.01655881196
1438.01773412706
1438.01890691523
1438.0200771755
1438.0212449069
1438.02241010846
1438.02357277921
1438.02473291818
1438.02589052441
1438.02704559693
1438.02819813477
1438.02934813697
1438.03049560256
1438.03164053058
1438.03278292006
1438.03392277004
1438.03506007956
1438.03619484766
1438.03732707337
1438.03845675573
1438.03958389378
1438.04070848657
1438.04183053313
1438.04295003251
1438.04406698374
1438.04518138587
1438.04629323795
1438.04740253901
1438.0485092881
1438.04961348427
1438.05071512656
1438.05181421401
1438.05291074568
1438.05400472061
1438.05509613784
1438.05618499644
1438.05727129544
1438.05835503389
1438.05943621085
1438.06051482537
1438.06159087649
1438.06266436327
1438.06373528476
1438.06480364002
1438.0658694281
1438.06693264804
1438.06799329892
1438.06905137978
1438.07010688967
1438.07115982766
1438.0722101928
1438.07325798416
1438.07430320078
1438.07534584172
1438.07638590606
1438.07742339284
1438.07845830112
1438.07949062998
1438.08052037846
1438.08154754564
1438.08257213057
1438.08359413232
1438.08461354996
1438.08563038254
1438.08664462913
1438.08765628881
1438.08866536062
1438.08967184365
1438.09067573696
1438.09167703962
1438.0926757507
1438.09367186926
1438.09466539438
1438.09565632512
1438.09664466056
1438.09763039977
1438.09861354183
1438.0995940858
1438.10057203075
1438.10154737577
1438.10252011993
1438.1034902623
1438.10445780195
1438.10542273798
1438.10638506944
1438.10734479542
1438.108301915
1438.10925642725
1438.11020833126
1438.11115762611
1438.11210431087
1438.11304838463
1438.11398984646
1438.11492869546
1438.1158649307
1438.11679855127
1438.11772955624
1438.11865794472
1438.11958371577
1438.12050686849
1438.12142740197
1438.12234531528
1438.12326060752
1438.12417327778
1438.12508332514
1438.12599074869
1438.12689554753
1438.12779772074
1438.12869726742
1438.12959418665
1438.13048847753
1438.13138013916
1438.13226917061
1438.133155571
1438.13403933941
1438.13492047494
1438.13579897668
1438.13667484374
1438.1375480752
1438.13841867016
1438.13928662773
1438.14015194701
1438.14101462708
1438.14187466705
1438.14273206603
1438.1435868231
1438.14443893739
1438.14528840797
1438.14613523397
1438.14697941448
1438.1478209486
1438.14865983545
1438.14949607412
1438.15032966373
1438.15116060337
1438.15198889216
1438.15281452919
1438.15363751359
1438.15445784446
1438.15527552091
1438.15609054204
1438.15690290698
1438.15771261482
1438.15851966469
1438.15932405568
1438.16012578693
1438.16092485753
1438.16172126661
1438.16251501327
1438.16330609664
1438.16409451583
1438.16488026995
1438.16566335812
1438.16644377946
1438.1672215331
1438.16799661813
1438.16876903369
1438.1695387789
1438.17030585287
1438.17107025473
1438.1718319836
1438.1725910386
1438.17334741885
1438.17410112347
1438.1748521516
1438.17560050235
1438.17634617486
1438.17708916824
1438.17782948162
1438.17856711412
1438.17930206489
1438.18003433304
1438.1807639177
1438.18149081801
1438.18221503309
1438.18293656207
1438.18365540408
1438.18437155826
1438.18508502373
1438.18579579964
1438.18650388511
1438.18720927928
1438.18791198128
1438.18861199024
1438.18930930531
1438.19000392562
1438.1906958503
1438.1913850785
1438.19207160935
1438.19275544199
1438.19343657556
1438.1941150092
1438.19479074204
1438.19546377324
1438.19613410193
1438.19680172726
1438.19746664836
1438.19812886438
1438.19878837447
1438.19944517777
1438.20009927342
1438.20075066057
1438.20139933837
1438.20204530596
1438.20268856249
1438.20332910712
1438.20396693898
1438.20460205722
1438.205234461
1438.20586414947
1438.20649112178
1438.20711537708
1438.20773691452
1438.20835573326
1438.20897183244
1438.20958521123
1438.21019586877
1438.21080380423
1438.21140901675
1438.2120115055
1438.21261126963
1438.21320830829
1438.21380262066
1438.21439420588
1438.21498306311
1438.21556919153
1438.21615259027
1438.21673325851
1438.21731119541
1438.21788640013
1438.21845887184
1438.21902860969
1438.21959561285
1438.22015988048
1438.22072141176
1438.22128020584
1438.2218362619
1438.2223895791
1438.2229401566
1438.22348799358
1438.2240330892
1438.22457544264
1438.22511505306
1438.22565191963
1438.22618604153
1438.22671741793
1438.22724604799
1438.2277719309
1438.22829506583
1438.22881545194
1438.22933308842
1438.22984797444
1438.23036010917
1438.2308694918
1438.23137612149
1438.23187999743
1438.2323811188
1438.23287948477
1438.23337509452
1438.23386794724
1438.2343580421
1438.23484537829
1438.23532995498
1438.23581177136
1438.23629082662
1438.23676711993
1438.23724065048
1438.23771141745
1438.23817942004
1438.23864465742
1438.23910712878
1438.23956683332
1438.24002377021
1438.24047793864
1438.24092933781
1438.24137796691
1438.24182382511
1438.24226691163
1438.24270722564
1438.24314476633
1438.24357953291
1438.24401152456
1438.24444074048
1438.24486717986
1438.24529084189
1438.24571172578
1438.24612983071
1438.24654515589
1438.24695770051
1438.24736746376
1438.24777444486
1438.24817864299
1438.24858005736
1438.24897868716
1438.2493745316
1438.24976758988
1438.2501578612
1438.25054534476
1438.25093003976
1438.25131194542
1438.25169106093
1438.2520673855
1438.25244091833
1438.25281165863
1438.25317960561
1438.25354475848
1438.25390711643
1438.25426667869
1438.25462344446
1438.25497741294
1438.25532858336
1438.25567695491
1438.25602252682
1438.25636529829
1438.25670526854
1438.25704243678
1438.25737680222
1438.25770836408
1438.25803712157
1438.25836307391
1438.25868622032
1438.25900656
1438.25932409219
1438.25963881609
1438.25995073093
1438.26025983592
1438.26056613028
1438.26086961324
1438.26117028402
1438.26146814183
1438.26176318591
1438.26205541546
1438.26234482972
1438.26263142791
1438.26291520925
1438.26319617297
1438.2634743183
1438.26374964446
1438.26402215067
1438.26429183617
1438.26455870018
1438.26482274194
1438.26508396066
1438.26534235559
1438.26559792595
1438.26585067097
1438.26610058989
1438.26634768193
1438.26659194633
1438.26683338232
1438.26707198914
1438.26730776603
1438.2675407122
1438.26777082691
1438.26799810939
1438.26822255888
1438.26844417461
1438.26866295582
1438.26887890175
1438.26909201164
1438.26930228473
1438.26950972026
1438.26971431748
1438.26991607561
1438.27011499391
1438.27031107162
1438.27050430799
1438.27069470225
1438.27088225365
1438.27106696143
1438.27124882485
1438.27142784315
1438.27160401557
1438.27177734137
1438.27194781979
1438.27211545008
1438.27228023149
1438.27244216327
1438.27260124468
1438.27275747495
1438.27291085335
1438.27306137913
1438.27320905154
1438.27335386983
1438.27349583326
1438.27363494109
1438.27377119256
1438.27390458693
1438.27403512347
1438.27416280143
1438.27428762006
1438.27440957863
1438.27452867639
1438.27464491261
1438.27475828654
1438.27486879744
1438.27497644458
1438.27508122722
1438.27518314462
1438.27528219604
1438.27537838075
1438.27547169802
1438.2755621471
1438.27564972726
1438.27573443777
1438.2758162779
1438.27589524692
1438.27597134408
1438.27604456867
1438.27611491994
1438.27618239717
1438.27624699964
1438.2763087266
1438.27636757733
1438.27642355111
1438.27647664721
1438.2765268649
1438.27657420345
1438.27661866214
1438.27666024025
1438.27669893705
1438.27673475181
1438.27676768381
1438.27679773234
1438.27682489667
1438.27684917607
1438.27687056983
1438.27688907723
1438.27690469755
1438.27691743006
1438.27692727406
1438.27693422882
1438.27693829363
1438.27693946776
1438.27693775051
1438.27693314116
1438.27692563899
1438.2769152433
1438.27690195336
1438.27688576846
1438.27686668789
1438.27684471095
1438.27681983691
1438.27679206507
1438.27676139472
1438.27672782515
1438.27669135564
1438.2766519855
1438.27660971402
1438.27656454048
1438.27651646419
1438.27646548443
1438.2764116005
1438.2763548117
1438.27629511732
1438.27623251667
1438.27616700902
1438.2760985937
1438.27602726998
1438.27595303718
1438.27587589459
1438.27579584151
1438.27571287725
1438.2756270011
1438.27553821237
1438.27544651035
1438.27535189436
1438.2752543637
1438.27515391767
1438.27505055557
1438.27494427672
1438.27483508042
1438.27472296597
1438.27460793268
1438.27448997987
1438.27436910683
1438.27424531288
1438.27411859734
1438.2739889595
1438.27385639868
1438.2737209142
1438.27358250536
1438.27344117147
1438.27329691186
1438.27314972584
1438.27299961271
1438.2728465718
1438.27269060242
1438.27253170388
1438.27236987552
1438.27220511663
1438.27203742655
1438.27186680458
1438.27169325005
1438.27151676229
1438.2713373406
1438.27115498431
1438.27096969275
1438.27078146523
1438.27059030109
1438.27039619963
1438.27019916019
1438.26999918209
1438.26979626466
1438.26959040723
1438.26938160911
1438.26916986964
1438.26895518815
1438.26873756396
1438.2685169964
1438.26829348481
1438.26806702851
1438.26783762683
1438.26760527911
1438.26736998467
1438.26713174286
1438.266890553
1438.26664641442
1438.26639932647
1438.26614928848
1438.26589629978
1438.26564035971
1438.2653814676
1438.2651196228
1438.26485482464
1438.26458707246
1438.2643163656
1438.2640427034
1438.2637660852
1438.26348651034
1438.26320397817
1438.26291848802
1438.26263003924
1438.26233863117
1438.26204426316
1438.26174693455
1438.26144664468
1438.26114339291
1438.26083717857
1438.26052800103
1438.26021585961
1438.25990075368
1438.25958268258
1438.25926164566
1438.25893764227
1438.25861067176
1438.25828073348
1438.25794782679
1438.25761195104
1438.25727310558
1438.25693128976
1438.25658650294
1438.25623874447
1438.25588801372
1438.25553431003
1438.25517763276
1438.25481798127
1438.25445535492
1438.25408975306
1438.25372117506
1438.25334962028
1438.25297508807
1438.2525975778
1438.25221708882
1438.25183362051
1438.25144717222
1438.25105774332
1438.25066533317
1438.25026994113
1438.24987156657
1438.24947020886
1438.24906586737
1438.24865854145
1438.24824823048
1438.24783493382
1438.24741865085
1438.24699938094
1438.24657712344
1438.24615187775
1438.24572364322
1438.24529241922
1438.24485820514
1438.24442100034
1438.2439808042
1438.24353761608
1438.24309143538
1438.24264226145
1438.24219009369
1438.24173493145
1438.24127677413
1438.2408156211
1438.24035147174
1438.23988432542
1438.23941418153
1438.23894103945
1438.23846489855
1438.23798575823
1438.23750361786
1438.23701847682
1438.23653033449
1438.23603919027
1438.23554504354
1438.23504789367
1438.23454774007
1438.2340445821
1438.23353841917
1438.23302925066
1438.23251707595
1438.23200189443
1438.2314837055
1438.23096250854
1438.23043830295
1438.22991108811
1438.22938086342
1438.22884762827
1438.22831138206
1438.22777212416
1438.22722985399
1438.22668457094
1438.22613627439
1438.22558496376
1438.22503063842
1438.22447329779
1438.22391294125
1438.22334956821
1438.22278317807
1438.22221377022
1438.22164134407
1438.22106589901
1438.22048743445
1438.2199059498
1438.21932144444
1438.21873391779
1438.21814336925
1438.21754979823
1438.21695320412
1438.21635358634
1438.21575094429
1438.21514527737
1438.21453658501
1438.21392486659
1438.21331012154
1438.21269234926
1438.21207154916
1438.21144772066
1438.21082086315
1438.21019097607
1438.20955805881
1438.20892211078
1438.20828313142
1438.20764112012
1438.2069960763
1438.20634799938
1438.20569688878
1438.2050427439
1438.20438556418
1438.20372534901
1438.20306209784
1438.20239581006
1438.20172648511
1438.2010541224
1438.20037872135
1438.19970028139
1438.19901880193
1438.19833428241
1438.19764672223
1438.19695612083
1438.19626247764
1438.19556579207
1438.19486606355
1438.19416329151
1438.19345747537
1438.19274861457
1438.19203670852
1438.19132175667
1438.19060375843
1438.18988271324
1438.18915862053
1438.18843147973
1438.18770129027
1438.18696805158
1438.1862317631
1438.18549242426
1438.18475003449
1438.18400459324
1438.18325609992
1438.18250455399
1438.18174995487
1438.18099230201
1438.18023159484
1438.1794678328
1438.17870101533
1438.17793114187
1438.17715821186
1438.17638222473
1438.17560317994
1438.17482107692
1438.17403591512
1438.17324769397
1438.17245641293
1438.17166207143
1438.17086466893
1438.17006420486
1438.16926067868
1438.16845408983
1438.16764443776
1438.16683172192
1438.16601594175
1438.1651970967
1438.16437518623
1438.16355020978
1438.16272216681
1438.16189105677
1438.16105687911
1438.16021963328
1438.15937931874
1438.15853593494
1438.15768948133
1438.15683995738
1438.15598736253
1438.15513169624
1438.15427295798
1438.15341114719
1438.15254626334
1438.15167830589
1438.15080727429
1438.14993316801
1438.1490559865
1438.14817572924
1438.14729239567
1438.14640598526
1438.14551649748
1438.14462393179
1438.14372828766
1438.14282956454
1438.14192776191
1438.14102287923
1438.14011491597
1438.13920387159
1438.13828974557
1438.13737253737
1438.13645224646
1438.13552887232
1438.13460241441
1438.1336728722
1438.13274024516
1438.13180453277
1438.13086573451
1438.12992384984
1438.12897887823
1438.12803081917
1438.12707967213
1438.12612543659
1438.12516811201
1438.12420769789
1438.12324419369
1438.12227759889
1438.12130791298
1438.12033513543
1438.11935926573
1438.11838030335
1438.11739824778
1438.1164130985
1438.11542485499
1438.11443351673
1438.11343908321
1438.11244155391
1438.11144092833
1438.11043720593
1438.10943038622
1438.10842046867
1438.10740745278
1438.10639133803
1438.10537212392
1438.10434980992
1438.10332439554
1438.10229588026
1438.10126426357
1438.10022954497
1438.09919172394
1438.09815079998
1438.09710677259
1438.09605964126
1438.09500940548
1438.09395606475
1438.09289961857
1438.09184006642
1438.09077740782
1438.08971164225
1438.08864276922
1438.08757078822
1438.08649569876
1438.08541750033
1438.08433619244
1438.08325177459
1438.08216424627
1438.081073607
1438.07997985628
1438.0788829936
1438.07778301848
1438.07667993042
1438.07557372892
1438.0744644135
1438.07335198365
1438.0722364389
1438.07111777873
1438.06999600268
1438.06887111023
1438.06774310091
1438.06661197422
1438.06547772968
1438.0643403668
1438.06319988509
1438.06205628406
1438.06090956323
1438.05975972211
1438.05860676022
1438.05745067707
1438.05629147218
1438.05512914506
1438.05396369524
1438.05279512223
1438.05162342555
1438.05044860472
1438.04927065925
1438.04808958868
1438.04690539251
1438.04571807028
1438.0445276215
1438.0433340457
1438.0421373424
1438.04093751113
1438.0397345514
1438.03852846276
1438.03731924471
1438.03610689679
1438.03489141852
1438.03367280944
1438.03245106907
1438.03122619694
1438.02999819258
1438.02876705552
1438.02753278529
1438.02629538143
1438.02505484346
1438.02381117091
1438.02256436333
1438.02131442024
1438.02006134118
1438.01880512569
1438.01754577329
1438.01628328354
1438.01501765595
1438.01374889008
1438.01247698545
1438.01120194162
1438.00992375811
1438.00864243447
1438.00735797024
1438.00607036496
1438.00477961816
1438.00348572941
1438.00218869823
1438.00088852417
1437.99958520677
1437.99827874559
1437.99696914016
1437.99565639003
1437.99434049475
1437.99302145387
1437.99169926693
1437.99037393348
1437.98904545307
1437.98771382526
1437.98637904958
1437.9850411256
1437.98370005287
1437.98235583093
1437.98100845934
1437.97965793765
1437.97830426542
1437.9769474422
1437.97558746755
1437.97422434103
1437.97285806218
1437.97148863057
1437.97011604575
1437.96874030729
1437.96736141474
1437.96597936766
1437.96459416561
1437.96320580815
1437.96181429485
1437.96041962527
1437.95902179896
1437.95762081549
1437.95621667443
1437.95480937535
1437.95339891779
1437.95198530134
1437.95056852556
1437.94914859001
1437.94772549426
1437.94629923788
1437.94486982044
1437.94343724151
1437.94200150066
1437.94056259746
1437.93912053148
1437.93767530229
1437.93622690946
1437.93477535257
1437.9333206312
1437.93186274491
1437.93040169328
1437.92893747588
1437.9274700923
1437.92599954211
1437.92452582488
1437.9230489402
1437.92156888764
1437.92008566678
1437.9185992772
1437.91710971849
1437.91561699022
1437.91412109197
1437.91262202333
1437.91111978388
1437.90961437321
1437.90810579089
1437.90659403651
1437.90507910966
1437.90356100993
1437.90203973689
1437.90051529015
1437.89898766927
1437.89745687386
1437.89592290351
1437.89438575779
1437.89284543631
1437.89130193865
1437.88975526441
1437.88820541317
1437.88665238453
1437.88509617808
1437.88353679342
1437.88197423014
1437.88040848784
1437.87883956611
1437.87726746454
1437.87569218275
1437.87411372031
1437.87253207684
1437.87094725192
1437.86935924517
1437.86776805617
1437.86617368453
1437.86457612985
1437.86297539174
1437.86137146979
1437.85976436361
1437.85815407281
1437.85654059698
1437.85492393573
1437.85330408867
1437.8516810554
1437.85005483553
1437.84842542867
1437.84679283442
1437.8451570524
1437.84351808221
1437.84187592346
1437.84023057577
1437.83858203874
1437.83693031199
1437.83527539513
1437.83361728777
1437.83195598952
1437.8302915
1437.82862381883
1437.82695294562
1437.82527887998
1437.82360162153
1437.82192116989
1437.82023752468
1437.81855068552
1437.81686065202
1437.8151674238
1437.81347100049
1437.8117713817
1437.81006856706
1437.80836255619
1437.80665334871
1437.80494094425
1437.80322534242
1437.80150654286
1437.79978454519
1437.79805934903
1437.79633095401
1437.79459935976
1437.79286456591
1437.79112657208
1437.7893853779
1437.78764098301
1437.78589338702
1437.78414258959
1437.78238859032
1437.78063138886
1437.77887098484
1437.7771073779
1437.77534056766
1437.77357055376
1437.77179733583
1437.77002091352
1437.76824128645
1437.76645845427
1437.76467241661
1437.76288317311
1437.76109072341
1437.75929506715
1437.75749620396
1437.75569413349
1437.75388885539
1437.75208036928
1437.75026867482
1437.74845377164
1437.7466356594
1437.74481433772
1437.74298980627
1437.74116206469
1437.73933111261
1437.73749694969
1437.73565957558
1437.73381898992
1437.73197519236
1437.73012818256
1437.72827796015
1437.7264245248
1437.72456787614
1437.72270801384
1437.72084493755
1437.71897864691
1437.71710914159
1437.71523642123
1437.7133604855
1437.71148133404
1437.70959896651
1437.70771338257
1437.70582458188
1437.70393256409
1437.70203732887
1437.70013887586
1437.69823720474
1437.69633231515
1437.69442420677
1437.69251287925
1437.69059833226
1437.68868056545
1437.6867595785
1437.68483537106
1437.6829079428
1437.68097729339
1437.67904342249
1437.67710632976
1437.67516601488
1437.67322247751
1437.67127571732
1437.66932573399
1437.66737252716
1437.66541609653
1437.66345644176
1437.66149356251
1437.65952745847
1437.65755812931
1437.65558557469
1437.6536097943
1437.6516307878
1437.64964855487
1437.64766309519
1437.64567440843
1437.64368249428
1437.6416873524
1437.63968898248
1437.63768738419
1437.63568255721
1437.63367450123
1437.63166321593
1437.62964870097
1437.62763095606
1437.62560998087
1437.62358577507
1437.62155833837
1437.61952767043
1437.61749377095
1437.61545663962
1437.61341627611
1437.61137268011
1437.60932585131
1437.6072757894
1437.60522249407
1437.60316596501
1437.60110620191
1437.59904320445
1437.59697697233
1437.59490750523
1437.59283480287
1437.59075886491
1437.58867969106
1437.58659728102
1437.58451163447
1437.58242275112
1437.58033063066
1437.57823527277
1437.57613667718
1437.57403484356
1437.57192977162
1437.56982146106
1437.56770991157
1437.56559512287
1437.56347709464
1437.56135582659
1437.55923131842
1437.55710356984
1437.55497258055
1437.55283835025
1437.55070087864
1437.54856016544
1437.54641621034
1437.54426901306
1437.5421185733
1437.53996489077
1437.53780796518
1437.53564779623
1437.53348438364
1437.53131772712
1437.52914782637
1437.52697468111
1437.52479829105
1437.5226186559
1437.52043577538
1437.51824964919
1437.51606027707
1437.51386765871
1437.51167179383
1437.50947268216
1437.50727032341
1437.50506471729
1437.50285586352
1437.50064376183
1437.49842841193
1437.49620981354
1437.49398796638
1437.49176287018
1437.48953452466
1437.48730292953
1437.48506808452
1437.48282998936
1437.48058864377
1437.47834404747
1437.4760962002
1437.47384510167
1437.47159075161
1437.46933314975
1437.46707229582
1437.46480818955
1437.46254083067
1437.4602702189
1437.45799635398
1437.45571923563
1437.4534388636
1437.45115523761
1437.44886835739
1437.44657822268
1437.44428483321
1437.44198818872
1437.43968828895
1437.43738513362
1437.43507872248
1437.43276905526
1437.43045613171
1437.42813995155
1437.42582051453
1437.4234978204
1437.42117186888
1437.41884265971
1437.41651019266
1437.41417446744
1437.41183548381
1437.40949324151
1437.40714774029
1437.40479897988
1437.40244696004
1437.40009168051
1437.39773314104
1437.39537134137
1437.39300628125
1437.39063796043
1437.38826637866
1437.38589153569
1437.38351343127
1437.38113206515
1437.37874743708
1437.37635954682
1437.37396839411
1437.37157397871
1437.36917630037
1437.36677535885
1437.36437115391
1437.36196368529
1437.35955295276
1437.35713895608
1437.35472169499
1437.35230116926
1437.34987737865
1437.34745032292
1437.34502000183
1437.34258641513
1437.34014956259
1437.33770944398
1437.33526605905
1437.33281940756
1437.33036948929
1437.32791630399
1437.32545985144
1437.32300013139
1437.32053714361
1437.31807088788
1437.31560136395
1437.3131285716
1437.31065251059
1437.30817318069
1437.30569058168
1437.30320471333
1437.3007155754
1437.29822316767
1437.29572748991
1437.29322854189
1437.29072632339
1437.28822083418
1437.28571207404
1437.28320004273
1437.28068474005
1437.27816616577
1437.27564431965
1437.27311920149
1437.27059081105
1437.26805914813
1437.26552421249
1437.26298600393
1437.26044452221
1437.25789976713
1437.25535173846
1437.25280043599
1437.2502458595
1437.24768800877
1437.2451268836
1437.24256248376
1437.23999480904
1437.23742385924
1437.23484963413
1437.2322721335
1437.22969135714
1437.22710730485
1437.22451997641
1437.22192937162
1437.21933549025
1437.21673833211
1437.21413789699
1437.21153418468
1437.20892719497
1437.20631692766
1437.20370338254
1437.20108655941
1437.19846645807
1437.19584307831
1437.19321641992
1437.19058648271
1437.18795326647
1437.18531677101
1437.18267699612
1437.18003394161
1437.17738760727
1437.1747379929
1437.17208509832
1437.16942892331
1437.16676946769
1437.16410673126
1437.16144071382
1437.15877141518
1437.15609883515
1437.15342297352
1437.15074383012
1437.14806140474
1437.14537569719
1437.14268670729
1437.13999443484
1437.13729887966
1437.13460004155
1437.13189792032
1437.12919251579
1437.12648382778
1437.12377185608
1437.12105660053
1437.11833806092
1437.11561623709
1437.11289112884
1437.11016273598
1437.10743105835
1437.10469609575
1437.101957848
1437.09921631492
1437.09647149634
1437.09372339206
1437.09097200192
1437.08821732573
1437.08545936332
1437.08269811451
1437.07993357911
1437.07716575696
1437.07439464789
1437.0716202517
1437.06884256824
1437.06606159733
1437.06327733878
1437.06048979244
1437.05769895813
1437.05490483568
1437.05210742492
1437.04930672567
1437.04650273778
1437.04369546106
1437.04088489535
1437.03807104049
1437.03525389631
1437.03243346264
1437.02960973931
1437.02678272616
1437.02395242303
1437.02111882976
1437.01828194617
1437.01544177211
1437.01259830741
1437.00975155192
1437.00690150547
1437.00404816791
1437.00119153906
1436.99833161879
1436.99546840692
1436.99260190329
1436.98973210776
1436.98685902017
1436.98398264036
1436.98110296817
1436.97822000345
1436.97533374605
1436.97244419581
1436.96955135258
1436.96665521621
1436.96375578655
1436.96085306345
1436.95794704675
1436.95503773631
1436.95212513198
1436.9492092336
1436.94629004104
1436.94336755415
1436.94044177277
1436.93751269677
1436.93458032599
1436.9316446603
1436.92870569955
1436.92576344359
1436.92281789229
1436.91986904549
1436.91691690307
1436.91396146488
1436.91100273077
1436.90804070061
1436.90507537427
1436.90210675159
1436.89913483245
1436.89615961671
1436.89318110423
1436.89019929487
1436.8872141885
1436.88422578498
1436.88123408419
1436.87823908598
1436.87524079022
1436.87223919679
1436.86923430555
1436.86622611637
1436.86321462912
1436.86019984366
1436.85718175988
1436.85416037764
1436.85113569682
1436.84810771728
1436.8450764389
1436.84204186156
1436.83900398512
1436.83596280947
1436.83291833448
1436.82987056003
1436.82681948599
1436.82376511224
1436.82070743866
1436.81764646513
1436.81458219153
1436.81151461774
1436.80844374363
1436.8053695691
1436.80229209402
1436.79921131828
1436.79612724176
1436.79303986433
1436.7899491859
1436.78685520634
1436.78375792554
1436.78065734338
1436.77755345976
1436.77444627455
1436.77133578765
1436.76822199895
1436.76510490834
1436.7619845157
1436.75886082093
1436.75573382391
1436.75260352455
1436.74946992273
1436.74633301835
1436.7431928113
1436.74004930147
1436.73690248876
1436.73375237306
1436.73059895428
1436.72744223231
1436.72428220704
1436.72111887838
1436.71795224622
1436.71478231047
1436.71160907101
1436.70843252776
1436.70525268061
1436.70206952947
1436.69888307424
1436.69569331483
1436.69250025112
1436.68930388304
1436.68610421048
1436.68290123336
1436.67969495157
1436.67648536502
1436.67327247363
1436.67005627729
1436.66683677593
1436.66361396944
1436.66038785774
1436.65715844073
1436.65392571834
1436.65068969047
1436.64745035703
1436.64420771794
1436.6409617731
1436.63771252244
1436.63445996588
1436.63120410331
1436.62794493467
1436.62468245986
1436.62141667881
1436.61814759144
1436.61487519765
1436.61159949738
1436.60832049054
1436.60503817704
1436.60175255683
1436.5984636298
1436.59517139589
1436.59187585502
1436.58857700712
1436.5852748521
1436.58196938989
1436.57866062042
1436.57534854362
1436.5720331594
1436.56871446771
1436.56539246845
1436.56206716158
1436.558738547
1436.55540662466
1436.55207139448
1436.5487328564
1436.54539101034
1436.54204585624
1436.53869739403
1436.53534562365
1436.53199054502
1436.52863215809
1436.52527046278
1436.52190545904
1436.51853714681
1436.51516552601
1436.51179059659
1436.50841235848
1436.50503081162
1436.50164595596
1436.49825779143
1436.49486631798
1436.49147153555
1436.48807344407
1436.48467204349
1436.48126733376
1436.47785931482
1436.47444798661
1436.47103334908
1436.46761540217
1436.46419414583
1436.46076958001
1436.45734170466
1436.45391051972
1436.45047602515
1436.44703822088
1436.44359710688
1436.4401526831
1436.43670494948
1436.43325390597
1436.42979955254
1436.42634188913
1436.42288091569
1436.41941663219
1436.41594903858
1436.4124781348
1436.40900392083
1436.40552639661
1436.40204556211
1436.39856141727
1436.39507396207
1436.39158319646
1436.3880891204
1436.38459173385
1436.38109103677
1436.37758702913
1436.37407971088
1436.370569082
1436.36705514244
1436.36353789216
1436.36001733114
1436.35649345934
1436.35296627673
1436.34943578327
1436.34590197893
1436.34236486367
1436.33882443748
1436.33528070031
1436.33173365213
1436.32818329292
1436.32462962266
1436.3210726413
1436.31751234882
1436.3139487452
1436.31038183041
1436.30681160443
1436.30323806722
1436.29966121877
1436.29608105905
1436.29249758803
1436.2889108057
1436.28532071204
1436.28172730701
1436.27813059061
1436.27453056281
1436.27092722359
1436.26732057293
1436.26371061082
1436.26009733723
1436.25648075215
1436.25286085557
1436.24923764747
1436.24561112782
1436.24198129663
1436.23834815387
1436.23471169953
1436.2310719336
1436.22742885606
1436.22378246692
1436.22013276614
1436.21647975373
1436.21282342967
1436.20916379396
1436.20550084659
1436.20183458754
1436.19816501682
1436.19449213441
1436.19081594032
1436.18713643453
1436.18345361704
1436.17976748784
1436.17607804694
1436.17238529433
1436.16868923
1436.16498985397
1436.16128716621
1436.15758116675
1436.15387185557
1436.15015923267
1436.14644329807
1436.14272405175
1436.13900149373
1436.13527562401
1436.13154644258
1436.12781394946
1436.12407814465
1436.12033902816
1436.11659659999
1436.11285086016
1436.10910180866
1436.1053494455
1436.1015937707
1436.09783478427
1436.09407248621
1436.09030687654
1436.08653795527
1436.0827657224
1436.07899017796
1436.07521132196
1436.0714291544
1436.06764367531
1436.0638548847
1436.06006278258
1436.05626736897
1436.0524686439
1436.04866660737
1436.0448612594
1436.04105260002
1436.03724062924
1436.03342534708
1436.02960675357
1436.02578484873
1436.02195963257
1436.01813110512
1436.0142992664
1436.01046411644
1436.00662565526
1436.00278388289
1435.99893879935
1435.99509040468
1435.99123869888
1435.987383682
1435.98352535406
1435.97966371509
1435.97579876512
1435.97193050417
1435.96805893229
1435.9641840495
1435.96030585583
1435.95642435132
1435.952539536
1435.9486514099
1435.94475997305
1435.9408652255
1435.93696716728
1435.93306579842
1435.92916111896
1435.92525312893
1435.92134182838
1435.91742721735
1435.91350929587
1435.90958806399
1435.90566352174
1435.90173566916
1435.8978045063
1435.8938700332
1435.88993224991
1435.88599115645
1435.88204675289
1435.87809903927
1435.87414801562
1435.87019368201
1435.86623603846
1435.86227508504
1435.85831082178
1435.85434324874
1435.85037236597
1435.84639817352
1435.84242067143
1435.83843985975
1435.83445573855
1435.83046830787
1435.82647756776
1435.82248351828
1435.81848615949
1435.81448549143
1435.81048151416
1435.80647422774
1435.80246363222
1435.79844972766
1435.79443251413
1435.79041199167
1435.78638816035
1435.78236102022
1435.77833057136
1435.77429681381
1435.77025974764
1435.76621937291
1435.76217568968
1435.75812869802
1435.754078398
1435.75002478966
1435.74596787309
1435.74190764835
1435.7378441155
1435.73377727461
1435.72970712575
1435.72563366899
1435.72155690439
1435.71747683203
1435.71339345197
1435.70930676428
1435.70521676905
1435.70112346633
1435.69702685621
1435.69292693875
1435.68882371402
1435.68471718212
1435.6806073431
1435.67649419704
1435.67237774403
1435.66825798413
1435.66413491742
1435.66000854399
1435.65587886391
1435.65174587727
1435.64760958413
1435.64346998458
1435.63932707871
1435.63518086659
1435.63103134831
1435.62687852395
1435.6227223936
1435.61856295733
1435.61440021524
1435.6102341674
1435.60606481391
1435.60189215485
1435.59771619031
1435.59353692038
1435.58935434514
1435.58516846469
1435.58097927911
1435.5767867885
1435.57259099295
1435.56839189254
1435.56418948737
1435.55998377754
1435.55577476313
1435.55156244425
1435.54734682098
1435.54312789342
1435.53890566167
1435.53468012582
1435.53045128598
1435.52621914223
1435.52198369468
1435.51774494343
1435.51350288857
1435.50925753021
1435.50500886845
1435.50075690339
1435.49650163513
1435.49224306377
1435.48798118942
1435.48371601218
1435.47944753216
1435.47517574945
1435.47090066418
1435.46662227644
1435.46234058634
1435.45805559399
1435.45376729949
1435.44947570296
1435.44518080451
1435.44088260424
1435.43658110227
1435.4322762987
1435.42796819365
1435.42365678724
1435.41934207957
1435.41502407076
1435.41070276093
1435.40637815018
1435.40205023864
1435.39771902642
1435.39338451363
1435.38904670041
1435.38470558685
1435.38036117309
1435.37601345924
1435.37166244542
1435.36730813175
1435.36295051835
1435.35858960535
1435.35422539287
1435.34985788103
1435.34548706995
1435.34111295977
1435.33673555059
1435.33235484255
1435.32797083578
1435.32358353041
1435.31919292655
1435.31479902433
1435.3104018239
1435.30600132537
1435.30159752887
1435.29719043454
1435.2927800425
1435.2883663529
1435.28394936585
1435.2795290815
1435.27510549997
1435.27067862141
1435.26624844594
1435.2618149737
1435.25737820482
1435.25293813945
1435.24849477772
1435.24404811977
1435.23959816574
1435.23514491576
1435.23068836998
1435.22622852853
1435.22176539156
1435.21729895921
1435.21282923161
1435.20835620892
1435.20387989128
1435.19940027882
1435.1949173717
1435.19043117006
1435.18594167405
1435.18144888381
1435.17695279948
1435.17245342122
1435.16795074918
1435.1634447835
1435.15893552433
1435.15442297182
1435.14990712613
1435.14538798741
1435.1408655558
1435.13633983146
1435.13181081454
1435.12727850519
1435.12274290358
1435.11820400985
1435.11366182417
1435.10911634668
1435.10456757754
1435.10001551692
1435.09546016496
1435.09090152183
1435.08633958769
1435.0817743627
1435.07720584701
1435.07263404079
1435.0680589442
1435.06348055741
1435.05889888056
1435.05431391384
1435.0497256574
1435.04513411141
1435.04053927603
1435.03594115143
1435.03133973778
1435.02673503523
1435.02212704397
1435.01751576416
1435.01290119596
1435.00828333955
1435.0036621951
1434.99903776278
1434.99441004276
1434.98977903521
1434.9851447403
1434.98050715822
1434.97586628912
1434.97122213319
1434.9665746906
1434.96192396153
1434.95726994616
1434.95261264465
1434.94795205719
1434.94328818396
1434.93862102513
1434.93395058089
1434.92927685141
1434.92459983688
1434.91991953747
1434.91523595337
1434.91054908476
1434.90585893183
1434.90116549475
1434.89646877372
1434.89176876891
1434.88706548051
1434.88235890871
1434.87764905369
1434.87293591565
1434.86821949477
1434.86349979123
1434.85877680524
1434.85405053697
1434.84932098662
1434.84458815437
1434.83985204043
1434.83511264498
1434.83036996822
1434.82562401033
1434.82087477152
1434.81612225197
1434.81136645189
1434.80660737146
1434.80184501089
1434.79707937038
1434.79231045011
1434.78753825029
1434.78276277112
1434.77798401279
1434.77320197551
1434.76841665948
1434.7636280649
1434.75883619196
1434.75404104088
1434.74924261186
1434.74444090509
1434.73963592079
1434.73482765916
1434.73001612041
1434.72520130473
1434.72038321235
1434.71556184345
1434.71073719827
1434.70590927699
1434.70107807984
1434.69624360701
1434.69140585873
1434.6865648352
1434.68172053664
1434.67687296325
1434.67202211525
1434.66716799285
1434.66231059627
1434.65744992572
1434.65258598142
1434.64771876358
1434.64284827242
1434.63797450816
1434.63309747101
1434.6282171612
1434.62333357893
1434.61844672444
1434.61355659794
1434.60866319965
1434.60376652979
1434.59886658859
1434.59396337627
1434.58905689305
1434.58414713915
1434.5792341148
1434.57431782023
1434.56939825565
1434.56447542131
1434.55954931741
1434.5546199442
1434.5496873019
1434.54475139073
1434.53981221093
1434.53486976272
1434.52992404634
1434.52497506202
1434.52002280999
1434.51506729048
1434.51010850373
1434.50514644996
1434.50018112942
1434.49521254233
1434.49024068894
1434.48526556947
1434.48028718417
1434.47530553327
1434.47032061701
1434.46533243562
1434.46034098936
1434.45534627845
1434.45034830313
1434.44534706366
1434.44034256026
1434.43533479318
1434.43032376267
1434.42530946896
1434.42029191231
1434.41527109294
1434.41024701112
1434.40521966708
1434.40018906107
1434.39515519334
1434.39011806414
1434.38507767371
1434.3800340223
1434.37498711016
1434.36993693755
1434.3648835047
1434.35982681188
1434.35476685933
1434.3497036473
1434.34463717606
1434.33956744585
1434.33449445692
1434.32941820954
1434.32433870395
1434.31925594042
1434.31416991919
1434.30908064053
1434.30398810469
1434.29889231193
1434.29379326252
1434.2886909567
1434.28358539475
1434.27847657691
1434.27336450346
1434.26824917464
1434.26313059074
1434.25800875201
1434.2528836587
1434.2477553111
1434.24262370945
1434.23748885404
1434.23235074512
1434.22720938295
1434.22206476782
1434.21691689998
1434.2117657797
1434.20661140726
1434.20145378292
1434.19629290695
1434.19112877963
1434.18596140122
1434.18079077199
1434.17561689223
1434.1704397622
1434.16525938218
1434.16007575244
1434.15488887326
1434.14969874491
1434.14450536766
1434.1393087418
1434.13410886761
1434.12890574536
1434.12369937532
1434.11848975779
1434.11327689303
1434.10806078133
1434.10284142297
1434.09761881824
1434.09239296741
1434.08716387076
1434.08193152859
1434.07669594117
1434.07145710879
1434.06621503174
1434.06096971029
1434.05572114474
1434.05046933538
1434.04521428249
1434.03995598636
1434.03469444727
1434.02942966553
1434.02416164141
1434.01889037521
1434.01361586722
1434.00833811774
1434.00305712705
1433.99777289544
1433.99248542322
1433.98719471067
1433.98190075809
1433.97660356578
1433.97130313403
1433.96599946313
1433.9606925534
1433.95538240511
1433.95006901858
1433.9447523941
1433.93943253197
1433.93410943248
1433.92878309595
1433.92345352267
1433.91812071295
1433.91278466708
1433.90744538538
1433.90210286814
1433.89675711566
1433.89140812826
1433.88605590624
1433.88070044991
1433.87534175956
1433.86997983552
1433.86461467808
1433.85924628756
1433.85387466426
1433.8484998085
1433.84312172058
1433.83774040082
1433.83235584952
1433.826968067
1433.82157705358
1433.81618280956
1433.81078533526
1433.805384631
1433.79998069708
1433.79457353383
1433.78916314156
1433.78374952058
1433.77833267122
1433.7729125938
1433.76748928862
1433.76206275602
1433.75663299631
1433.7512000098
1433.74576379683
1433.74032435772
1433.73488169278
1433.72943580233
1433.72398668671
1433.71853434624
1433.71307878124
1433.70761999203
1433.70215797894
1433.6966927423
1433.69122428244
1433.68575259968
1433.68027769435
1433.67479956677
1433.66931821729
1433.66383364622
1433.6583458539
1433.65285484066
1433.64736060684
1433.64186315275
1433.63636247874
1433.63085858515
1433.62535147229
1433.61984114052
1433.61432759015
1433.60881082154
1433.60329083501
1433.59776763091
1433.59224120956
1433.58671157132
1433.58117871651
1433.57564264547
1433.57010335856
1433.5645608561
1433.55901513844
1433.55346620591
1433.54791405887
1433.54235869765
1433.53680012261
1433.53123833407
1433.52567333239
1433.52010511791
1433.51453369098
1433.50895905194
1433.50338120115
1433.49780013894
1433.49221586567
1433.48662838168
1433.48103768733
1433.47544378296
1433.46984666893
1433.46424634559
1433.45864281328
1433.45303607236
1433.44742612319
1433.44181296611
1433.43619660148
1433.43057702965
1433.42495425099
1433.41932826584
1433.41369907457
1433.40806667752
1433.40243107506
1433.39679226754
1433.39115025533
1433.38550503877
1433.37985661825
1433.3742049941
1433.3685501667
1433.3628921364
1433.35723090357
1433.35156646857
1433.34589883177
1433.34022799352
1433.33455395419
1433.32887671415
1433.32319627377
1433.3175126334
1433.31182579342
1433.30613575419
1433.30044251608
1433.29474607947
1433.28904644471
1433.28334361218
1433.27763758225
1433.27192835529
1433.26621593168
1433.26050031177
1433.25478149596
1433.2490594846
1433.24333427808
1433.23760587676
1433.23187428103
1433.22613949125
1433.22040150781
1433.21466033108
1433.20891596144
1433.20316839927
1433.19741764494
1433.19166369884
1433.18590656134
1433.18014623282
1433.17438271367
1433.16861600426
1433.16284610499
1433.15707301622
1433.15129673834
1433.14551727175
1433.13973461681
1433.13394877393
1433.12815974347
1433.12236752583
1433.1165721214
1433.11077353055
1433.10497175369
1433.09916679119
1433.09335864345
1433.08754731086
1433.0817327938
1433.07591509267
1433.07009420785
1433.06427013975
1433.05844288875
1433.05261245524
1433.04677883962
1433.04094204228
1433.03510206362
1433.02925890403
1433.02341256391
1433.01756304365
1433.01171034366
1433.00585446432
1432.99999540604
1432.99413316921
1432.98826775424
1432.98239916152
1432.97652739146
1432.97065244446
1432.96477432091
1432.95889302122
1432.95300854579
1432.94712089503
1432.94123006934
1432.93533606912
1432.92943889477
1432.92353854672
1432.91763502535
1432.91172833108
1432.90581846431
1432.89990542546
1432.89398921492
1432.88806983311
1432.88214728045
1432.87622155733
1432.87029266417
1432.86436060138
1432.85842536937
1432.85248696856
1432.84654539935
1432.84060066217
1432.83465275742
1432.82870168552
1432.82274744689
1432.81679004194
1432.81082947108
1432.80486573474
1432.79889883333
1432.79292876727
1432.78695553698
1432.78097914288
1432.77499958538
1432.76901686491
1432.76303098189
1432.75704193674
1432.75104972988
1432.74505436173
1432.73905583273
1432.73305414328
1432.72704929382
1432.72104128477
1432.71503011656
1432.7090157896
1432.70299830434
1432.69697766119
1432.69095386059
1432.68492690295
1432.67889678872
1432.67286351831
1432.66682709217
1432.66078751071
1432.65474477438
1432.6486988836
1432.6426498388
1432.63659764042
1432.63054228889
1432.62448378465
1432.61842212812
1432.61235731975
1432.60628935997
1432.60021824921
1432.59414398792
1432.58806657653
1432.58198601547
1432.57590230519
1432.56981544612
1432.5637254387
1432.55763228338
1432.5515359806
1432.54543653079
1432.5393339344
1432.53322819186
1432.52711930363
1432.52100727015
1432.51489209185
1432.50877376919
1432.5026523026
1432.49652769255
1432.49039993946
1432.48426904379
1432.47813500598
1432.47199782649
1432.46585750576
1432.45971404423
1432.45356744237
1432.44741770062
1432.44126481942
1432.43510879924
1432.42894964052
1432.42278734371
1432.41662190927
1432.41045333766
1432.40428162931
1432.3981067847
1432.39192880427
1432.38574768848
1432.37956343779
1432.37337605265
1432.36718553352
1432.36099188085
1432.35479509511
1432.34859517676
1432.34239212625
1432.33618594405
1432.32997663061
1432.32376418639
1432.31754861186
1432.31132990748
1432.30510807372
1432.29888311103
1432.29265501987
1432.28642380072
1432.28018945404
1432.2739519803
1432.26771137995
1432.26146765347
1432.25522080132
1432.24897082397
1432.24271772189
1432.23646149555
1432.23020214541
1432.22393967196
1432.21767407565
1432.21140535695
1432.20513351635
1432.19885855431
1432.1925804713
1432.18629926779
1432.18001494427
1432.1737275012
1432.16743693907
1432.16114325833
1432.15484645948
1432.14854654298
1432.14224350931
1432.13593735896
1432.12962809239
1432.12331571009
1432.11700021254
1432.11068160021
1432.10435987359
1432.09803503315
1432.09170707938
1432.08537601276
1432.07904183377
1432.0727045429
1432.06636414062
1432.06002062742
1432.05367400379
1432.04732427021
1432.04097142716
1432.03461547513
1432.02825641461
1432.02189424609
1432.01552897005
1432.00916058698
1432.00278909737
1431.99641450171
1431.99003680048
1431.98365599418
1431.97727208331
1431.97088506834
1431.96449494977
1431.9581017281
1431.95170540382
1431.94530597741
1431.93890344938
1431.93249782022
1431.92608909043
1431.91967726049
1431.91326233091
1431.90684430218
1431.9004231748
1431.89399894926
1431.88757162607
1431.88114120573
1431.87470768872
1431.86827107556
1431.86183136674
1431.85538856277
1431.84894266414
1431.84249367135
1431.83604158492
1431.82958640533
1431.8231281331
1431.81666676873
1431.81020231272
1431.80373476558
1431.79726412781
1431.79079039993
1431.78431358242
1431.77783367581
1431.77135068061
1431.76486459731
1431.75837542642
1431.75188316847
1431.74538782394
1431.73888939337
1431.73238787725
1431.72588327609
1431.71937559042
1431.71286482074
1431.70635096756
1431.6998340314
1431.69331401277
1431.68679091218
1431.68026473015
1431.6737354672
1431.66720312384
1431.66066770059
1431.65412919795
1431.64758761646
1431.64104295663
1431.63449521898
1431.62794440402
1431.62139051227
1431.61483354426
1431.60827350051
1431.60171038153
1431.59514418784
1431.58857491998
1431.58200257846
1431.5754271638
1431.56884867653
1431.56226711717
1431.55568248624
1431.54909478428
1431.5425040118
1431.53591016933
1431.5293132574
1431.52271327654
1431.51611022726
1431.50950411011
1431.5028949256
1431.49628267428
1431.48966735665
1431.48304897327
1431.47642752465
1431.46980301132
1431.46317543383
1431.45654479269
1431.44991108845
1431.44327432163
1431.43663449277
1431.42999160241
1431.42334565107
1431.41669663929
1431.4100445676
1431.40338943655
1431.39673124667
1431.39006999849
1431.38340569256
1431.3767383294
1431.37006790956
1431.36339443358
1431.35671790199
1431.35003831534
1431.34335567416
1431.336669979
1431.3299812304
1431.3232894289
1431.31659457503
1431.30989666935
1431.30319571239
1431.2964917047
1431.28978464683
1431.28307453931
1431.2763613827
1431.26964517753
1431.26292592435
1431.25620362372
1431.24947827617
1431.24274988226
1431.23601844252
1431.22928395752
1431.22254642779
1431.2158058539
1431.20906223637
1431.20231557578
1431.19556587266
1431.18881312757
1431.18205734106
1431.17529851368
1431.16853664599
1431.16177173853
1431.15500379187
1431.14823280654
1431.14145878312
1431.13468172214
1431.12790162418
1431.12111848978
1431.11433231949
1431.10754311389
1431.10075087351
1431.09395559893
1431.0871572907
1431.08035594937
1431.07355157551
1431.06674416967
1431.05993373241
1431.0531202643
1431.0463037659
1431.03948423776
1431.03266168044
1431.02583609452
1431.01900748055
1431.01217583909
1431.00534117071
1430.99850347597
1430.99166275544
1430.98481900968
1430.97797223925
1430.97112244472
1430.96426962666
1430.95741378563
1430.9505549222
1430.94369303693
1430.9368281304
1430.92996020317
1430.92308925582
1430.9162152889
1430.90933830299
1430.90245829866
1430.89557527648
1430.88868923701
1430.88180018084
1430.87490810853
1430.86801302065
1430.86111491778
1430.85421380049
1430.84730966935
1430.84040252493
1430.83349236782
1430.82657919858
1430.81966301778
1430.81274382601
1430.80582162384
1430.79889641185
1430.7919681906
1430.78503696069
1430.77810272268
1430.77116547715
1430.76422522469
1430.75728196587
1430.75033570126
1430.74338643146
1430.73643415703
1430.72947887856
1430.72252059662
1430.71555931181
1430.7085950247
1430.70162773587
1430.69465744591
1430.68768415539
1430.6807078649
1430.67372857502
1430.66674628634
1430.65976099944
1430.6527727149
1430.64578143332
1430.63878715527
1430.63178988133
1430.62478961211
1430.61778634817
1430.61078009012
1430.60377083853
1430.59675859399
1430.5897433571
1430.58272512843
1430.57570390858
1430.56867969813
1430.56165249768
1430.55462230782
1430.54758912913
1430.5405529622
1430.53351380763
1430.52647166601
1430.51942653793
1430.51237842397
1430.50532732473
1430.49827324081
1430.4912161728
1430.48415612128
1430.47709308686
1430.47002707012
1430.46295807167
1430.45588609209
1430.44881113198
1430.44173319193
1430.43465227254
1430.42756837441
1430.42048149813
1430.4133916443
1430.40629881352
1430.39920300637
1430.39210422347
1430.3850024654
1430.37789773276
1430.37079002616
1430.36367934619
1430.35656569345
1430.34944906854
1430.34232947206
1430.3352069046
1430.32808136678
1430.32095285918
1430.31382138241
1430.30668693708
1430.29954952377
1430.2924091431
1430.28526579566
1430.27811948206
1430.27097020289
1430.26381795877
1430.2566627503
1430.24950457807
1430.24234344269
1430.23517934476
1430.2280122849
1430.22084226369
1430.21366928175
1430.20649333969
1430.1993144381
1430.19213257759
1430.18494775877
1430.17775998224
1430.17056924861
1430.16337555848
1430.15617891247
1430.14897931117
1430.14177675519
1430.13457124515
1430.12736278164
1430.12015136528
1430.11293699667
1430.10571967642
1430.09849940514
1430.09127618343
1430.08405001191
1430.07682089119
1430.06958882187
1430.06235380455
1430.05511583986
1430.0478749284
1430.04063107078
1430.0333842676
1430.02613451949
1430.01888182704
1430.01162619087
1430.00436761159
1429.99710608981
1429.98984162613
1429.98257422118
1429.97530387556
1429.96803058988
1429.96075436475
1429.95347520078
1429.94619309859
1429.93890805879
1429.93162008198
1429.92432916878
1429.9170353198
1429.90973853566
1429.90243881696
1429.89513616431
1429.88783057833
1429.88052205964
1429.87321060883
1429.86589622653
1429.85857891334
1429.85125866988
1429.84393549676
1429.83660939459
1429.82928036399
1429.82194840557
1429.81461351993
1429.8072757077
1429.79993496948
1429.79259130588
1429.78524471752
1429.77789520501
1429.77054276897
1429.76318741
1429.75582912871
1429.74846792572
1429.74110380165
1429.73373675709
1429.72636679267
1429.71899390899
1429.71161810667
1429.70423938632
1429.69685774855
1429.68947319397
1429.68208572319
1429.67469533682
1429.66730203548
1429.65990581977
1429.6525066903
1429.64510464769
1429.63769969254
1429.63029182547
1429.62288104709
1429.61546735799
1429.6080507588
1429.60063125012
1429.59320883256
1429.58578350673
1429.57835527324
1429.57092413269
1429.56349008569
1429.55605313285
1429.54861327478
1429.54117051208
1429.53372484535
1429.52627627522
1429.51882480227
1429.51137042711
1429.50391315036
1429.49645297261
1429.48898989446
1429.48152391652
1429.4740550394
1429.46658326369
1429.45910859
1429.45163101892
1429.44415055107
1429.43666718703
1429.42918092741
1429.4216917728
1429.41419972381
1429.40670478103
1429.39920694506
1429.39170621649
1429.38420259593
1429.37669608396
1429.36918668118
1429.36167438818
1429.35415920555
1429.34664113389
1429.33912017379
1429.33159632583
1429.32406959061
1429.31653996871
1429.30900746073
1429.30147206723
1429.29393378883
1429.28639262608
1429.27884857958
1429.27130164992
1429.26375183766
1429.25619914339
1429.24864356769
1429.24108511113
1429.2335237743
1429.22595955776
1429.21839246208
1429.21082248785
1429.20324963562
1429.19567390597
1429.18809529946
1429.18051381667
1429.17292945814
1429.16534222446
1429.15775211616
1429.15015913382
1429.142563278
1429.13496454924
1429.12736294809
1429.11975847512
1429.11215113086
1429.10454091587
1429.09692783069
1429.08931187586
1429.08169305192
1429.07407135941
1429.06644679886
1429.05881937081
1429.05118907578
1429.0435559143
1429.0359198869
1429.0282809941
1429.02063923641
1429.01299461435
1429.00534712843
1428.99769677916
1428.99004356705
1428.9823874926
1428.9747285563
1428.96706675865
1428.95940210014
1428.95173458125
1428.94406420247
1428.93639096428
1428.92871486714
1428.92103591153
1428.91335409791
1428.90566942673
1428.89798189846
1428.89029151354
1428.88259827241
1428.87490217551
1428.86720322327
1428.85950141611
1428.85179675446
1428.84408923872
1428.83637886929
1428.82866564659
1428.82094957098
1428.81323064287
1428.80550886261
1428.79778423058
1428.79005674713
1428.7823264126
1428.77459322734
1428.76685719167
1428.75911830591
1428.75137657036
1428.74363198532
1428.73588455106
1428.72813426786
1428.72038113598
1428.71262515565
1428.7048663271
1428.69710465054
1428.68934012617
1428.68157275417
1428.67380253469
1428.66602946789
1428.65825355387
1428.65047479275
1428.64269318459
1428.63490872946
1428.62712142739
1428.61933127837
1428.61153828239
1428.60374243939
1428.59594374928
1428.58814221195
1428.58033782723
1428.57253059494
1428.56472051484
1428.55690758665
1428.54909181004
1428.54127318464
1428.53345171001
1428.52562738566
1428.51780021103
1428.50997018551
1428.50213730838
1428.49430157886
1428.48646299609
1428.47862155908
1428.47077726677
1428.46293011796
1428.45508011131
1428.44722724536
1428.43937151847
1428.43151292883
1428.42365147442
1428.415787153
1428.40791996207
1428.40004989885
1428.39217696019
1428.3843011426
1428.37642244212
1428.36854085426
1428.36065637393
1428.3527689953
1428.34487871166
1428.33698551524
1428.32908939692
1428.32119034593
1428.3132883494
1428.30538339166
1428.29747545335
1428.28956450996
1428.28165052961
1428.27373346922
1428.26581326756
1428.25788983061
1428.24996299346
1428.24203235013
1428.23409265485
-1428.22587495964
