1086.31205289317
1086.28916821788
1086.26629432613
1086.24343121963
1086.22057890005
1086.19773736911
1086.17490662849
1086.15208667988
1086.12927752497
1086.10647916546
1086.08369160303
1086.06091483937
1086.03814887618
1086.01539371513
1085.99264935791
1085.96991580622
1085.94719306173
1085.92448112613
1085.9017800011
1085.87908968833
1085.85641018949
1085.83374150628
1085.81108364036
1085.78843659342
1085.76580036714
1085.74317496319
1085.72056038325
1085.69795662901
1085.67536370212
1085.65278160428
1085.63021033715
1085.60764990241
1085.58510030173
1085.56256153678
1085.54003360923
1085.51751652075
1085.49501027302
1085.4725148677
1085.45003030645
1085.42755659095
1085.40509372287
1085.38264170386
1085.3602005356
1085.33777021974
1085.31535075796
1085.2929421519
1085.27054440324
1085.24815751364
1085.22578148475
1085.20341631824
1085.18106201577
1085.15871857898
1085.13638600954
1085.11406430911
1085.09175347934
1085.06945352189
1085.0471644384
1085.02488623054
1085.00261889995
1084.98036244829
1084.95811687721
1084.93588218836
1084.91365838338
1084.89144546393
1084.86924343165
1084.84705228819
1084.8248720352
1084.80270267433
1084.7805442072
1084.75839663548
1084.73625996081
1084.71413418482
1084.69201930916
1084.66991533546
1084.64782226538
1084.62574010054
1084.60366884259
1084.58160849316
1084.5595590539
1084.53752052643
1084.51549291239
1084.49347621342
1084.47147043115
1084.44947556721
1084.42749162324
1084.40551860087
1084.38355650172
1084.36160532743
1084.33966507963
1084.31773575995
1084.29581737
1084.27390991143
1084.25201338585
1084.23012779489
1084.20825314017
1084.18638942332
1084.16453664597
1084.14269480973
1084.12086391622
1084.09904396707
1084.07723496389
1084.0554369083
1084.03364980193
1084.01187364639
1083.99010844329
1083.96835419425
1083.94661090089
1083.92487856483
1083.90315718766
1083.88144677101
1083.85974731649
1083.83805882571
1083.81638130029
1083.79471474182
1083.77305915191
1083.75141453219
1083.72978088425
1083.7081582097
1083.68654651014
1083.66494578719
1083.64335604244
1083.6217772775
1083.60020949396
1083.57865269344
1083.55710687754
1083.53557204784
1083.51404820596
1083.49253535349
1083.47103349203
1083.44954262317
1083.42806274851
1083.40659386966
1083.38513598819
1083.36368910571
1083.34225322381
1083.32082834408
1083.29941446811
1083.2780115975
1083.25661973383
1083.23523887869
1083.21386903368
1083.19251020037
1083.17116238035
1083.14982557522
1083.12849978655
1083.10718501594
1083.08588126496
1083.06458853519
1083.04330682823
1083.02203614564
1083.00077648902
1082.97952785994
1082.95829025998
1082.93706369071
1082.91584815372
1082.89464365058
1082.87345018287
1082.85226775216
1082.83109636003
1082.80993600805
1082.78878669779
1082.76764843083
1082.74652120873
1082.72540503306
1082.7042999054
1082.68320582732
1082.66212280037
1082.64105082614
1082.61998990618
1082.59894004206
1082.57790123535
1082.5568734876
1082.53585680039
1082.51485117527
1082.49385661381
1082.47287311757
1082.4519006881
1082.43093932697
1082.40998903573
1082.38904981595
1082.36812166917
1082.34720459696
1082.32629860087
1082.30540368245
1082.28451984327
1082.26364708486
1082.24278540879
1082.2219348166
1082.20109530985
1082.18026689008
1082.15944955884
1082.13864331769
1082.11784816817
1082.09706411182
1082.07629115019
1082.05552928483
1082.03477851728
1082.01403884909
1081.99331028179
1081.97259281693
1081.95188645604
1081.93119120068
1081.91050705238
1081.88983401267
1081.8691720831
1081.8485212652
1081.82788156051
1081.80725297056
1081.7866354969
1081.76602914104
1081.74543390453
1081.7248497889
1081.70427679567
1081.68371492639
1081.66316418258
1081.64262456576
1081.62209607747
1081.60157871924
1081.58107249259
1081.56057739904
1081.54009344013
1081.51962061738
1081.4991589323
1081.47870838643
1081.45826898128
1081.43784071838
1081.41742359924
1081.39701762539
1081.37662279835
1081.35623911962
1081.33586659074
1081.31550521321
1081.29515498856
1081.27481591829
1081.25448800392
1081.23417124696
1081.21386564893
1081.19357121134
1081.1732879357
1081.15301582351
1081.13275487629
1081.11250509555
1081.09226648279
1081.07203903952
1081.05182276725
1081.03161766747
1081.01142374171
1080.99124099145
1080.97106941821
1080.95090902348
1080.93075980876
1080.91062177556
1080.89049492538
1080.87037925971
1080.85027478005
1080.8301814879
1080.81009938476
1080.79002847212
1080.76996875148
1080.74992022432
1080.72988289215
1080.70985675646
1080.68984181873
1080.66983808046
1080.64984554314
1080.62986420826
1080.6098940773
1080.58993515176
1080.56998743312
1080.55005092287
1080.53012562248
1080.51021153345
1080.49030865727
1080.4704169954
1080.45053654934
1080.43066732057
1080.41080931056
1080.3909625208
1080.37112695276
1080.35130260793
1080.33148948777
1080.31168759377
1080.29189692741
1080.27211749015
1080.25234928347
1080.23259230884
1080.21284656774
1080.19311206164
1080.17338879201
1080.15367676032
1080.13397596803
1080.11428641662
1080.09460810756
1080.0749410423
1080.05528522233
1080.03564064909
1080.01600732406
1079.9963852487
1079.97677442447
1079.95717485284
1079.93758653526
1079.9180094732
1079.89844366812
1079.87888912147
1079.85934583471
1079.8398138093
1079.82029304669
1079.80078354835
1079.78128531572
1079.76179835026
1079.74232265343
1079.72285822667
1079.70340507144
1079.68396318918
1079.66453258136
1079.6451132494
1079.62570519478
1079.60630841892
1079.58692292329
1079.56754870932
1079.54818577846
1079.52883413215
1079.50949377184
1079.49016469897
1079.47084691498
1079.45154042132
1079.43224521941
1079.41296131072
1079.39368869666
1079.37442737868
1079.35517735822
1079.3359386367
1079.31671121558
1079.29749509628
1079.27829028023
1079.25909676888
1079.23991456364
1079.22074366596
1079.20158407725
1079.18243579897
1079.16329883252
1079.14417317934
1079.12505884086
1079.1059558185
1079.08686411369
1079.06778372786
1079.04871466242
1079.0296569188
1079.01061049843
1078.99157540272
1078.9725516331
1078.95353919099
1078.93453807779
1078.91554829495
1078.89656984386
1078.87760272595
1078.85864694264
1078.83970249533
1078.82076938545
1078.80184761441
1078.78293718361
1078.76403809448
1078.74515034842
1078.72627394684
1078.70740889115
1078.68855518277
1078.66971282309
1078.65088181353
1078.6320621555
1078.61325385039
1078.59445689961
1078.57567130457
1078.55689706666
1078.5381341873
1078.51938266788
1078.5006425098
1078.48191371447
1078.46319628328
1078.44449021763
1078.42579551891
1078.40711218853
1078.38844022788
1078.36977963835
1078.35113042134
1078.33249257824
1078.31386611044
1078.29525101934
1078.27664730633
1078.25805497279
1078.23947402012
1078.2209044497
1078.20234626293
1078.18379946118
1078.16526404584
1078.1467400183
1078.12822737995
1078.10972613216
1078.09123627633
1078.07275781382
1078.05429074603
1078.03583507432
1078.01739080009
1077.99895792471
1077.98053644956
1077.96212637602
1077.94372770545
1077.92534043924
1077.90696457876
1077.88860012539
1077.87024708049
1077.85190544545
1077.83357522162
1077.81525641038
1077.79694901311
1077.77865303117
1077.76036846592
1077.74209531874
1077.72383359098
1077.70558328403
1077.68734439923
1077.66911693797
1077.65090090158
1077.63269629145
1077.61450310893
1077.59632135539
1077.57815103217
1077.55999214065
1077.54184468218
1077.52370865811
1077.5055840698
1077.48747091862
1077.46936920591
1077.45127893302
1077.43320010132
1077.41513271215
1077.39707676687
1077.37903226682
1077.36099921335
1077.34297760783
1077.32496745158
1077.30696874597
1077.28898149233
1077.27100569202
1077.25304134637
1077.23508845674
1077.21714702446
1077.19921705088
1077.18129853734
1077.16339148519
1077.14549589575
1077.12761177038
1077.1097391104
1077.09187791716
1077.074028192
1077.05618993624
1077.03836315123
1077.0205478383
1077.00274399878
1076.98495163401
1076.96717074531
1076.94940133402
1076.93164340148
1076.913896949
1076.89616197791
1076.87843848955
1076.86072648525
1076.84302596632
1076.82533693409
1076.80765938989
1076.78999333505
1076.77233877087
1076.7546956987
1076.73706411984
1076.71944403562
1076.70183544735
1076.68423835636
1076.66665276397
1076.64907867149
1076.63151608023
1076.61396499152
1076.59642540667
1076.57889732698
1076.56138075378
1076.54387568838
1076.52638213209
1076.50890008621
1076.49142955206
1076.47397053095
1076.45652302418
1076.43908703307
1076.42166255891
1076.40424960302
1076.38684816669
1076.36945825124
1076.35207985797
1076.33471298817
1076.31735764315
1076.30001382422
1076.28268153266
1076.26536076978
1076.24805153687
1076.23075383525
1076.21346766619
1076.196193031
1076.17892993097
1076.16167836739
1076.14443834156
1076.12720985478
1076.10999290832
1076.09278750349
1076.07559364157
1076.05841132385
1076.04124055162
1076.02408132617
1076.00693364878
1075.98979752074
1075.97267294334
1075.95555991785
1075.93845844557
1075.92136852777
1075.90429016574
1075.88722336075
1075.87016811408
1075.85312442703
1075.83609230085
1075.81907173684
1075.80206273627
1075.7850653004
1075.76807943053
1075.75110512792
1075.73414239384
1075.71719122958
1075.70025163639
1075.68332361555
1075.66640716833
1075.649502296
1075.63260899983
1075.61572728109
1075.59885714104
1075.58199858094
1075.56515160207
1075.54831620568
1075.53149239305
1075.51468016542
1075.49787952407
1075.48109047026
1075.46431300524
1075.44754713028
1075.43079284663
1075.41405015554
1075.39731905829
1075.38059955611
1075.36389165028
1075.34719534203
1075.33051063264
1075.31383752333
1075.29717601538
1075.28052611003
1075.26388780853
1075.24726111212
1075.23064602207
1075.21404253961
1075.19745066599
1075.18087040245
1075.16430175025
1075.14774471063
1075.13119928483
1075.11466547408
1075.09814327965
1075.08163270275
1075.06513374465
1075.04864640656
1075.03217068974
1075.01570659542
1074.99925412483
1074.98281327922
1074.96638405982
1074.94996646785
1074.93356050456
1074.91716617118
1074.90078346893
1074.88441239906
1074.86805296279
1074.85170516134
1074.83536899595
1074.81904446785
1074.80273157825
1074.7864303284
1074.7701407195
1074.75386275279
1074.73759642949
1074.72134175082
1074.70509871801
1074.68886733227
1074.67264759482
1074.65643950689
1074.64024306968
1074.62405828443
1074.60788515234
1074.59172367463
1074.57557385252
1074.55943568722
1074.54330917994
1074.5271943319
1074.5110911443
1074.49499961836
1074.47891975529
1074.4628515563
1074.44679502259
1074.43075015537
1074.41471695586
1074.39869542524
1074.38268556474
1074.36668737555
1074.35070085888
1074.33472601592
1074.31876284789
1074.30281135598
1074.28687154138
1074.27094340531
1074.25502694896
1074.23912217352
1074.22322908019
1074.20734767017
1074.19147794465
1074.17561990483
1074.15977355189
1074.14393888704
1074.12811591146
1074.11230462634
1074.09650503288
1074.08071713226
1074.06494092567
1074.04917641429
1074.03342359932
1074.01768248194
1074.00195306333
1073.98623534468
1073.97052932717
1073.95483501198
1073.93915240029
1073.92348149329
1073.90782229215
1073.89217479806
1073.87653901219
1073.86091493571
1073.84530256981
1073.82970191565
1073.81411297443
1073.79853574729
1073.78297023543
1073.76741644001
1073.75187436221
1073.73634400319
1073.72082536412
1073.70531844618
1073.68982325052
1073.67433977832
1073.65886803075
1073.64340800896
1073.62795971413
1073.61252314741
1073.59709830997
1073.58168520297
1073.56628382758
1073.55089418494
1073.53551627623
1073.5201501026
1073.5047956652
1073.4894529652
1073.47412200375
1073.45880278201
1073.44349530113
1073.42819956226
1073.41291556655
1073.39764331517
1073.38238280925
1073.36713404995
1073.35189703842
1073.3366717758
1073.32145826325
1073.30625650191
1073.29106649293
1073.27588823744
1073.2607217366
1073.24556699155
1073.23042400344
1073.21529277339
1073.20017330256
1073.18506559208
1073.16996964309
1073.15488545674
1073.13981303415
1073.12475237646
1073.10970348482
1073.09466636035
1073.07964100419
1073.06462741747
1073.04962560132
1073.03463555689
1073.01965728528
1073.00469078764
1072.9897360651
1072.97479311878
1072.95986194981
1072.94494255931
1072.93003494842
1072.91513911825
1072.90025506993
1072.88538280459
1072.87052232334
1072.8556736273
1072.84083671761
1072.82601159536
1072.81119826169
1072.79639671772
1072.78160696455
1072.76682900331
1072.75206283511
1072.73730846107
1072.72256588229
1072.70783509989
1072.69311611499
1072.67840892869
1072.66371354211
1072.64902995634
1072.63435817252
1072.61969819173
1072.60505001508
1072.59041364369
1072.57578907865
1072.56117632108
1072.54657537207
1072.53198623273
1072.51740890416
1072.50284338745
1072.48828968372
1072.47374779405
1072.45921771955
1072.44469946132
1072.43019302044
1072.41569839802
1072.40121559515
1072.38674461293
1072.37228545244
1072.35783811478
1072.34340260105
1072.32897891233
1072.3145670497
1072.30016701427
1072.28577880712
1072.27140242933
1072.25703788199
1072.2426851662
1072.22834428302
1072.21401523355
1072.19969801886
1072.18539264005
1072.17109909818
1072.15681739435
1072.14254752963
1072.1282895051
1072.11404332183
1072.09980898091
1072.08558648341
1072.0713758304
1072.05717702296
1072.04299006216
1072.02881494908
1072.01465168479
1072.00050027035
1071.98636070684
1071.97223299533
1071.95811713688
1071.94401313257
1071.92992098345
1071.9158406906
1071.90177225507
1071.88771567794
1071.87367096027
1071.85963810311
1071.84561710754
1071.8316079746
1071.81761070537
1071.80362530089
1071.78965176223
1071.77569009045
1071.76174028659
1071.74780235172
1071.73387628689
1071.71996209316
1071.70605977157
1071.69216932318
1071.67829074904
1071.6644240502
1071.6505692277
1071.63672628261
1071.62289521596
1071.6090760288
1071.59526872218
1071.58147329715
1071.56768975474
1071.553918096
1071.54015832198
1071.52641043371
1071.51267443223
1071.49895031859
1071.48523809382
1071.47153775897
1071.45784931507
1071.44417276315
1071.43050810426
1071.41685533942
1071.40321446967
1071.38958549604
1071.37596841957
1071.36236324129
1071.34876996222
1071.33518858341
1071.32161910586
1071.30806153062
1071.29451585871
1071.28098209116
1071.26746022898
1071.25395027322
1071.24045222488
1071.226966085
1071.21349185458
1071.20002953467
1071.18657912627
1071.1731406304
1071.15971404808
1071.14629938034
1071.13289662818
1071.11950579262
1071.10612687468
1071.09275987537
1071.0794047957
1071.06606163669
1071.05273039935
1071.03941108468
1071.02610369371
1071.01280822743
1070.99952468685
1070.98625307299
1070.97299338685
1070.95974562942
1070.94650980173
1070.93328590477
1070.92007393954
1070.90687390705
1070.89368580829
1070.88050964427
1070.86734541599
1070.85419312444
1070.84105277063
1070.82792435554
1070.81480788018
1070.80170334554
1070.78861075261
1070.77553010239
1070.76246139587
1070.74940463404
1070.73635981789
1070.72332694841
1070.7103060266
1070.69729705343
1070.68430002989
1070.67131495698
1070.65834183568
1070.64538066696
1070.63243145182
1070.61949419124
1070.6065688862
1070.59365553768
1070.58075414666
1070.56786471412
1070.55498724104
1070.5421217284
1070.52926817717
1070.51642658833
1070.50359696285
1070.49077930171
1070.47797360588
1070.46517987634
1070.45239811405
1070.43962831998
1070.42687049511
1070.41412464041
1070.40139075684
1070.38866884536
1070.37595890696
1070.36326094258
1070.3505749532
1070.33790093978
1070.32523890328
1070.31258884467
1070.2999507649
1070.28732466493
1070.27471054573
1070.26210840825
1070.24951825345
1070.23694008229
1070.22437389573
1070.21181969471
1070.19927748019
1070.18674725312
1070.17422901447
1070.16172276517
1070.14922850618
1070.13674623846
1070.12427596293
1070.11181768057
1070.09937139231
1070.08693709909
1070.07451480188
1070.0621045016
1070.0497061992
1070.03731989562
1070.02494559182
1070.01258328872
1070.00023298727
1069.98789468841
1069.97556839307
1069.9632541022
1069.95095181672
1069.93866153758
1069.92638326571
1069.91411700205
1069.90186274752
1069.88962050306
1069.8773902696
1069.86517204807
1069.85296583941
1069.84077164453
1069.82858946437
1069.81641929985
1069.8042611519
1069.79211502145
1069.77998090942
1069.76785881673
1069.75574874431
1069.74365069308
1069.73156466395
1069.71949065785
1069.7074286757
1069.69537871841
1069.68334078691
1069.6713148821
1069.65930100491
1069.64729915625
1069.63530933703
1069.62333154817
1069.61136579058
1069.59941206516
1069.58747037284
1069.57554071451
1069.56362309109
1069.55171750349
1069.53982395261
1069.52794243935
1069.51607296463
1069.50421552935
1069.4923701344
1069.4805367807
1069.46871546914
1069.45690620063
1069.44510897606
1069.43332379633
1069.42155066235
1069.409789575
1069.39804053518
1069.3863035438
1069.37457860174
1069.3628657099
1069.35116486917
1069.33947608044
1069.32779934461
1069.31613466255
1069.30448203517
1069.29284146335
1069.28121294798
1069.26959648994
1069.25799209013
1069.24639974942
1069.23481946869
1069.22325124884
1069.21169509074
1069.20015099528
1069.18861896334
1069.17709899578
1069.16559109351
1069.15409525738
1069.14261148828
1069.13113978709
1069.11968015467
1069.10823259191
1069.09679709967
1069.08537367883
1069.07396233027
1069.06256305484
1069.05117585343
1069.03980072689
1069.0284376761
1069.01708670193
1069.00574780524
1068.99442098689
1068.98310624776
1068.9718035887
1068.96051301057
1068.94923451425
1068.93796810059
1068.92671377044
1068.91547152467
1068.90424136414
1068.89302328971
1068.88181730223
1068.87062340255
1068.85944159153
1068.84827187003
1068.8371142389
1068.82596869899
1068.81483525115
1068.80371389623
1068.79260463508
1068.78150746855
1068.77042239748
1068.75934942274
1068.74828854515
1068.73723976556
1068.72620308483
1068.71517850378
1068.70416602327
1068.69316564414
1068.68217736722
1068.67120119336
1068.66023712339
1068.64928515816
1068.63834529849
1068.62741754523
1068.61650189922
1068.60559836127
1068.59470693224
1068.58382761294
1068.57296040422
1068.5621053069
1068.55126232181
1068.54043144979
1068.52961269166
1068.51880604824
1068.50801152037
1068.49722910887
1068.48645881456
1068.47570063827
1068.46495458082
1068.45422064303
1068.44349882572
1068.43278912972
1068.42209155584
1068.4114061049
1068.40073277772
1068.39007157511
1068.37942249789
1068.36878554688
1068.35816072289
1068.34754802673
1068.33694745921
1068.32635902115
1068.31578271335
1068.30521853663
1068.29466649179
1068.28412657964
1068.27359880099
1068.26308315664
1068.2525796474
1068.24208827408
1068.23160903747
1068.22114193837
1068.2106869776
1068.20024415595
1068.18981347421
1068.17939493319
1068.16898853369
1068.1585942765
1068.14821216242
1068.13784219225
1068.12748436677
1068.11713868678
1068.10680515308
1068.09648376645
1068.08617452769
1068.07587743758
1068.06559249692
1068.05531970649
1068.04505906708
1068.03481057948
1068.02457424446
1068.01435006283
1068.00413803535
1067.99393816281
1067.983750446
1067.97357488569
1067.96341148267
1067.9532602377
1067.94312115158
1067.93299422508
1067.92287945897
1067.91277685404
1067.90268641104
1067.89260813077
1067.88254201399
1067.87248806147
1067.86244627398
1067.8524166523
1067.84239919719
1067.83239390942
1067.82240078977
1067.81241983898
1067.80245105784
1067.7924944471
1067.78255000754
1067.7726177399
1067.76269764496
1067.75278972348
1067.74289397621
1067.73301040391
1067.72313900735
1067.71327978728
1067.70343274446
1067.69359787964
1067.68377519357
1067.67396468702
1067.66416636074
1067.65438021547
1067.64460625197
1067.63484447099
1067.62509487327
1067.61535745957
1067.60563223064
1067.59591918722
1067.58621833005
1067.57652965988
1067.56685317746
1067.55718888353
1067.54753677883
1067.5378968641
1067.52826914009
1067.51865360752
1067.50905026715
1067.4994591197
1067.48988016592
1067.48031340655
1067.4707588423
1067.46121647393
1067.45168630216
1067.44216832773
1067.43266255136
1067.42316897379
1067.41368759575
1067.40421841797
1067.39476144117
1067.38531666608
1067.37588409342
1067.36646372393
1067.35705555832
1067.34765959733
1067.33827584166
1067.32890429205
1067.31954494921
1067.31019781387
1067.30086288674
1067.29154016853
1067.28222965998
1067.27293136179
1067.26364527467
1067.25437139935
1067.24510973653
1067.23586028694
1067.22662305127
1067.21739803024
1067.20818522457
1067.19898463495
1067.1897962621
1067.18062010672
1067.17145616953
1067.16230445122
1067.1531649525
1067.14403767407
1067.13492261664
1067.12581978091
1067.11672916757
1067.10765077733
1067.09858461089
1067.08953066894
1067.08048895219
1067.07145946132
1067.06244219703
1067.05343716003
1067.04444435099
1067.03546377062
1067.0264954196
1067.01753929863
1067.0085954084
1066.99966374958
1066.99074432289
1066.98183712899
1066.97294216858
1066.96405944233
1066.95518895095
1066.9463306951
1066.93748467548
1066.92865089275
1066.91982934762
1066.91102004074
1066.90222297281
1066.8934381445
1066.88466555649
1066.87590520945
1066.86715710406
1066.858421241
1066.84969762093
1066.84098624453
1066.83228711248
1066.82360022543
1066.81492558407
1066.80626318906
1066.79761304107
1066.78897514077
1066.78034948882
1066.77173608588
1066.76313493263
1066.75454602973
1066.74596937783
1066.7374049776
1066.7288528297
1066.7203129348
1066.71178529354
1066.70326990659
1066.69476677461
1066.68627589824
1066.67779727815
1066.669330915
1066.66087680942
1066.65243496209
1066.64400537364
1066.63558804473
1066.627182976
1066.61879016812
1066.61040962172
1066.60204133746
1066.59368531597
1066.58534155791
1066.57701006391
1066.56869083463
1066.5603838707
1066.55208917277
1066.54380674148
1066.53553657746
1066.52727868136
1066.51903305381
1066.51079969545
1066.50257860691
1066.49436978884
1066.48617324187
1066.47798896662
1066.46981696374
1066.46165723385
1066.45350977758
1066.44537459557
1066.43725168844
1066.42914105682
1066.42104270134
1066.41295662262
1066.40488282129
1066.39682129798
1066.3887720533
1066.38073508788
1066.37271040234
1066.3646979973
1066.35669787338
1066.3487100312
1066.34073447138
1066.33277119453
1066.32482020127
1066.31688149222
1066.30895506798
1066.30104092918
1066.29313907642
1066.28524951032
1066.27737223149
1066.26950724053
1066.26165453806
1066.25381412468
1066.24598600101
1066.23817016763
1066.23036662517
1066.22257537422
1066.21479641539
1066.20702974928
1066.1992753765
1066.19153329763
1066.18380351329
1066.17608602406
1066.16838083056
1066.16068793336
1066.15300733308
1066.14533903031
1066.13768302563
1066.13003931964
1066.12240791294
1066.11478880612
1066.10718199976
1066.09958749446
1066.0920052908
1066.08443538937
1066.07687779076
1066.06933249555
1066.06179950433
1066.05427881769
1066.0467704362
1066.03927436045
1066.03179059101
1066.02431912848
1066.01685997342
1066.00941312642
1066.00197858805
1065.99455635889
1065.98714643952
1065.97974883051
1065.97236353244
1065.96499054587
1065.95762987138
1065.95028150954
1065.94294546092
1065.93562172609
1065.92831030562
1065.92101120007
1065.91372441002
1065.90644993602
1065.89918777864
1065.89193793845
1065.884700416
1065.87747521186
1065.8702623266
1065.86306176076
1065.85587351491
1065.84869758961
1065.84153398542
1065.83438270288
1065.82724374256
1065.82011710501
1065.81300279079
1065.80590080044
1065.79881113452
1065.79173379357
1065.78466877816
1065.77761608882
1065.7705757261
1065.76354769056
1065.75653198274
1065.74952860318
1065.74253755243
1065.73555883102
1065.72859243952
1065.72163837844
1065.71469664834
1065.70776724976
1065.70085018322
1065.69394544928
1065.68705304847
1065.68017298132
1065.67330524837
1065.66644985015
1065.6596067872
1065.65277606004
1065.64595766922
1065.63915161525
1065.63235789868
1065.62557652002
1065.6188074798
1065.61205077856
1065.60530641681
1065.59857439509
1065.59185471391
1065.5851473738
1065.57845237528
1065.57176971888
1065.5650994051
1065.55844143448
1065.55179580752
1065.54516252476
1065.53854158669
1065.53193299385
1065.52533674673
1065.51875284587
1065.51218129176
1065.50562208493
1065.49907522587
1065.49254071511
1065.48601855315
1065.4795087405
1065.47301127767
1065.46652616515
1065.46005340347
1065.45359299312
1065.4471449346
1065.44070922842
1065.43428587508
1065.42787487508
1065.42147622892
1065.4150899371
1065.40871600011
1065.40235441846
1065.39600519264
1065.38966832314
1065.38334381046
1065.37703165509
1065.37073185752
1065.36444441825
1065.35816933777
1065.35190661656
1065.34565625511
1065.33941825391
1065.33319261345
1065.32697933422
1065.32077841669
1065.31458986136
1065.3084136687
1065.30224983919
1065.29609837332
1065.28995927158
1065.28383253443
1065.27771816235
1065.27161615583
1065.26552651533
1065.25944924134
1065.25338433433
1065.24733179478
1065.24129162314
1065.23526381991
1065.22924838554
1065.22324532051
1065.21725462529
1065.21127630034
1065.20531034613
1065.19935676313
1065.19341555181
1065.18748671262
1065.18157024603
1065.1756661525
1065.1697744325
1065.16389508649
1065.15802811491
1065.15217351824
1065.14633129694
1065.14050145144
1065.13468398223
1065.12887888974
1065.12308617443
1065.11730583676
1065.11153787717
1065.10578229612
1065.10003909406
1065.09430827144
1065.08858982871
1065.08288376631
1065.07719008469
1065.07150878429
1065.06583986556
1065.06018332895
1065.0545391749
1065.04890740384
1065.04328801622
1065.03768101248
1065.03208639306
1065.0265041584
1065.02093430893
1065.01537684508
1065.0098317673
1065.00429907603
1064.99877877168
1064.99327085469
1064.98777532551
1064.98229218455
1064.97682143224
1064.97136306902
1064.96591709531
1064.96048351154
1064.95506231814
1064.94965351552
1064.94425710412
1064.93887308436
1064.93350145665
1064.92814222143
1064.9227953791
1064.9174609301
1064.91213887483
1064.90682921371
1064.90153194717
1064.89624707561
1064.89097459946
1064.88571451912
1064.88046683501
1064.87523154754
1064.87000865711
1064.86479816415
1064.85960006906
1064.85441437224
1064.84924107411
1064.84408017506
1064.83893167551
1064.83379557586
1064.82867187652
1064.82356057787
1064.81846168034
1064.81337518431
1064.80830109018
1064.80323939836
1064.79819010924
1064.79315322322
1064.7881287407
1064.78311666206
1064.77811698771
1064.77312971803
1064.76815485342
1064.76319239427
1064.75824234096
1064.7533046939
1064.74837945346
1064.74346662003
1064.738566194
1064.73367817576
1064.72880256568
1064.72393936416
1064.71908857157
1064.7142501883
1064.70942421473
1064.70461065123
1064.69980949819
1064.69502075598
1064.69024442498
1064.68548050557
1064.68072899812
1064.675989903
1064.67126322059
1064.66654895126
1064.66184709538
1064.65715765332
1064.65248062545
1064.64781601214
1064.64316381375
1064.63852403066
1064.63389666322
1064.62928171181
1064.62467917678
1064.6200890585
1064.61551135733
1064.61094607363
1064.60639320777
1064.60185276009
1064.59732473096
1064.59280912073
1064.58830592976
1064.58381515841
1064.57933680702
1064.57487087596
1064.57041736558
1064.56597627621
1064.56154760823
1064.55713136197
1064.55272753778
1064.54833613601
1064.54395715702
1064.53959060113
1064.5352364687
1064.53089476008
1064.5265654756
1064.5222486156
1064.51794418043
1064.51365217042
1064.50937258593
1064.50510542727
1064.50085069479
1064.49660838884
1064.49237850973
1064.4881610578
1064.4839560334
1064.47976343685
1064.47558326847
1064.47141552862
1064.4672602176
1064.46311733575
1064.4589868834
1064.45486886088
1064.4507632685
1064.4466701066
1064.44258937549
1064.43852107551
1064.43446520697
1064.43042177019
1064.4263907655
1064.42237219321
1064.41836605364
1064.4143723471
1064.41039107392
1064.4064222344
1064.40246582887
1064.39852185764
1064.39459032101
1064.3906712193
1064.38676455282
1064.38287032188
1064.37898852678
1064.37511916784
1064.37126224536
1064.36741775965
1064.36358571101
1064.35976609974
1064.35595892615
1064.35216419054
1064.34838189321
1064.34461203446
1064.34085461459
1064.33710963389
1064.33337709267
1064.32965699122
1064.32594932983
1064.3222541088
1064.31857132843
1064.31490098899
1064.3112430908
1064.30759763412
1064.30396461927
1064.30034404651
1064.29673591615
1064.29314022846
1064.28955698374
1064.28598618226
1064.28242782431
1064.27888191018
1064.27534844014
1064.27182741448
1064.26831883347
1064.26482269739
1064.26133900653
1064.25786776116
1064.25440896155
1064.25096260798
1064.24752870073
1064.24410724006
1064.24069822625
1064.23730165957
1064.23391754029
1064.23054586867
1064.227186645
1064.22383986953
1064.22050554253
1064.21718366427
1064.21387423501
1064.21057725501
1064.20729272454
1064.20402064386
1064.20076101323
1064.19751383291
1064.19427910315
1064.19105682421
1064.18784699636
1064.18464961985
1064.18146469493
1064.17829222185
1064.17513220087
1064.17198463225
1064.16884951622
1064.16572685305
1064.16261664298
1064.15951888625
1064.15643358312
1064.15336073384
1064.15030033864
1064.14725239777
1064.14421691148
1064.14119388
1064.13818330359
1064.13518518247
1064.13219951689
1064.12922630709
1064.1262655533
1064.12331725576
1064.1203814147
1064.11745803037
1064.11454710299
1064.1116486328
1064.10876262003
1064.10588906491
1064.10302796767
1064.10017932853
1064.09734314774
1064.0945194255
1064.09170816206
1064.08890935762
1064.08612301243
1064.08334912669
1064.08058770064
1064.0778387345
1064.07510222847
1064.0723781828
1064.06966659768
1064.06696747334
1064.06428081
1064.06160660786
1064.05894486716
1064.05629558809
1064.05365877087
1064.05103441571
1064.04842252283
1064.04582309242
1064.04323612471
1064.0406616199
1064.03809957819
1064.03554999979
1064.03301288491
1064.03048823374
1064.0279760465
1064.02547632338
1064.02298906459
1064.02051427032
1064.01805194077
1064.01560207615
1064.01316467664
1064.01073974244
1064.00832727376
1064.00592727078
1064.00353973369
1064.00116466269
1063.99880205797
1063.99645191972
1063.99411424813
1063.99178904339
1063.98947630568
1063.98717603519
1063.98488823211
1063.98261289661
1063.9803500289
1063.97809962913
1063.97586169751
1063.9736362342
1063.97142323939
1063.96922271325
1063.96703465597
1063.96485906772
1063.96269594868
1063.96054529901
1063.9584071189
1063.95628140852
1063.95416816804
1063.95206739762
1063.94997909745
1063.94790326768
1063.94583990849
1063.94378902004
1063.9417506025
1063.93972465603
1063.9377111808
1063.93571017698
1063.93372164471
1063.93174558417
1063.92978199551
1063.9278308789
1063.92589223448
1063.92396606243
1063.92205236289
1063.92015113602
1063.91826238197
1063.9163861009
1063.91452229296
1063.9126709583
1063.91083209708
1063.90900570943
1063.90719179551
1063.90539035547
1063.90360138945
1063.90182489761
1063.90006088007
1063.89830933699
1063.89657026851
1063.89484367477
1063.89312955591
1063.89142791207
1063.8897387434
1063.88806205002
1063.88639783207
1063.88474608969
1063.88310682302
1063.88148003219
1063.87986571733
1063.87826387857
1063.87667451604
1063.87509762988
1063.87353322021
1063.87198128717
1063.87044183087
1063.86891485144
1063.86740034901
1063.86589832371
1063.86440877565
1063.86293170496
1063.86146711176
1063.86001499617
1063.8585753583
1063.85714819828
1063.85573351623
1063.85433131225
1063.85294158648
1063.85156433901
1063.85019956996
1063.84884727945
1063.84750746758
1063.84618013447
1063.84486528023
1063.84356290496
1063.84227300877
1063.84099559177
1063.83973065406
1063.83847819576
1063.83723821695
1063.83601071775
1063.83479569825
1063.83359315856
1063.83240309878
1063.831225519
1063.83006041932
1063.82890779984
1063.82776766066
1063.82664000186
1063.82552482355
1063.82442212581
1063.82333190874
1063.82225417243
1063.82118891696
1063.82013614244
1063.81909584893
1063.81806803654
1063.81705270534
1063.81604985543
1063.81505948688
1063.81408159978
1063.81311619421
1063.81216327026
1063.81122282799
1063.81029486749
1063.80937938885
1063.80847639213
1063.80758587741
1063.80670784476
1063.80584229427
1063.804989226
1063.80414864003
1063.80332053642
1063.80250491525
1063.80170177659
1063.8009111205
1063.80013294705
1063.79936725631
1063.79861404834
1063.79787332321
1063.79714508098
1063.79642932172
1063.79572604547
1063.79503525231
1063.7943569423
1063.79369111549
1063.79303777193
1063.79239691169
1063.79176853482
1063.79115264138
1063.79054923142
1063.78995830498
1063.78937986213
1063.78881390292
1063.78826042738
1063.78771943558
1063.78719092755
1063.78667490335
1063.78617136302
1063.7856803066
1063.78520173414
1063.78473564569
1063.78428204127
1063.78384092094
1063.78341228473
1063.78299613268
1063.78259246484
1063.78220128122
1063.78182258188
1063.78145636684
1063.78110263615
1063.78076138982
1063.7804326279
1063.78011635041
1063.77981255739
1063.77952124886
1063.77924242485
1063.77897608539
1063.7787222305
1063.77848086021
1063.77825197454
1063.77803557351
1063.77783165715
1063.77764022548
1063.77746127852
1063.77729481628
1063.77714083878
1063.77699934605
1063.77687033809
1063.77675381492
1063.77664977655
1063.77655822301
1063.77647915429
1063.77641257042
1063.77635847139
1063.77631685723
1063.77628772793
1063.7762710835
1063.77626692396
1063.7762752493
1063.77629605953
1063.77632935465
1063.77637513467
1063.77643339958
1063.77650414939
1063.77658738409
1063.77668310368
1063.77679130817
1063.77691199753
1063.77704517178
1063.7771908309
1063.77734897489
1063.77751960374
1063.77770271744
1063.77789831598
1063.77810639934
1063.77832696753
1063.77856002052
1063.7788055583
1063.77906358086
1063.77933408818
1063.77961708024
1063.77991255702
1063.78022051852
1063.78054096469
1063.78087389554
1063.78121931103
1063.78157721113
1063.78194759584
1063.78233046512
1063.78272581894
1063.78313365728
1063.78355398012
1063.78398678742
1063.78443207915
1063.78488985528
1063.78536011578
1063.78584286062
1063.78633808977
1063.78684580318
1063.78736600083
1063.78789868267
1063.78844384867
1063.78900149879
1063.78957163299
1063.79015425123
1063.79074935347
1063.79135693966
1063.79197700976
1063.79260956373
1063.79325460152
1063.79391212308
1063.79458212837
1063.79526461733
1063.79595958992
1063.79666704609
1063.79738698578
1063.79811940895
1063.79886431553
1063.79962170547
1063.80039157873
1063.80117393523
1063.80196877493
1063.80277609776
1063.80359590366
1063.80442819258
1063.80527296445
1063.80613021921
1063.80699995679
1063.80788217714
1063.80877688018
1063.80968406585
1063.81060373407
1063.81153588479
1063.81248051794
1063.81343763343
1063.8144072312
1063.81538931118
1063.81638387329
1063.81739091746
1063.81841044361
1063.81944245167
1063.82048694155
1063.82154391318
1063.82261336648
1063.82369530137
1063.82478971777
1063.82589661559
1063.82701599475
1063.82814785516
1063.82929219675
1063.83044901941
1063.83161832307
1063.83280010764
1063.83399437302
1063.83520111913
1063.83642034587
1063.83765205315
1063.83889624088
1063.84015290896
1063.8414220573
1063.84270368579
1063.84399779435
1063.84530438287
1063.84662345125
1063.84795499939
1063.8492990272
1063.85065553456
1063.85202452137
1063.85340598753
1063.85479993293
1063.85620635747
1063.85762526104
1063.85905664353
1063.86050050482
1063.86195684481
1063.86342566339
1063.86490696044
1063.86640073585
1063.8679069895
1063.86942572129
1063.87095693108
1063.87250061877
1063.87405678423
1063.87562542734
1063.87720654799
1063.87880014605
1063.88040622139
1063.88202477391
1063.88365580346
1063.88529930992
1063.88695529317
1063.88862375308
1063.89030468952
1063.89199810235
1063.89370399146
1063.8954223567
1063.89715319794
1063.89889651505
1063.90065230789
1063.90242057634
1063.90420132024
1063.90599453946
1063.90780023387
1063.90961840332
1063.91144904767
1063.91329216678
1063.91514776051
1063.91701582871
1063.91889637124
1063.92078938794
1063.92269487869
1063.92461284331
1063.92654328167
1063.92848619362
1063.930441579
1063.93240943767
1063.93438976946
1063.93638257422
1063.93838785181
1063.94040560206
1063.94243582481
1063.94447851992
1063.9465336872
1063.94860132652
1063.9506814377
1063.95277402059
1063.95487907502
1063.95699660082
1063.95912659783
1063.96126906589
1063.96342400482
1063.96559141446
1063.96777129463
1063.96996364518
1063.97216846592
1063.97438575669
1063.9766155173
1063.97885774759
1063.98111244738
1063.9833796165
1063.98565925476
1063.98795136199
1063.990255938
1063.99257298262
1063.99490249567
1063.99724447696
1063.9995989263
1064.00196584352
1064.00434522843
1064.00673708084
1064.00914140057
1064.01155818742
1064.0139874412
1064.01642916173
1064.01888334881
1064.02135000225
1064.02382912185
1064.02632070743
1064.02882475878
1064.03134127571
1064.03387025802
1064.0364117055
1064.03896561797
1064.04153199522
1064.04411083705
1064.04670214325
1064.04930591363
1064.05192214797
1064.05455084607
1064.05719200772
1064.05984563271
1064.06251172084
1064.0651902719
1064.06788128567
1064.07058476194
1064.0733007005
1064.07602910113
1064.07876996363
1064.08152328776
1064.08428907332
1064.08706732009
1064.08985802784
1064.09266119637
1064.09547682543
1064.09830491483
1064.10114546432
1064.10399847368
1064.1068639427
1064.10974187114
1064.11263225878
1064.11553510538
1064.11845041072
1064.12137817457
1064.1243183967
1064.12727107686
1064.13023621484
1064.13321381039
1064.13620386328
1064.13920637328
1064.14222134013
1064.14524876362
1064.14828864349
1064.1513409795
1064.15440577142
1064.157483019
1064.160572722
1064.16367488016
1064.16678949326
1064.16991656103
1064.17305608323
1064.17620805961
1064.17937248993
1064.18254937393
1064.18573871135
1064.18894050195
1064.19215474548
1064.19538144167
1064.19862059026
1064.20187219102
1064.20513624366
1064.20841274794
1064.2117017036
1064.21500311037
1064.21831696799
1064.22164327621
1064.22498203474
1064.22833324333
1064.23169690172
1064.23507300962
1064.23846156679
1064.24186257294
1064.24527602781
1064.24870193112
1064.2521402826
1064.25559108198
1064.25905432898
1064.26253002334
1064.26601816476
1064.26951875297
1064.2730317877
1064.27655726867
1064.28009519559
1064.28364556818
1064.28720838616
1064.29078364924
1064.29437135715
1064.29797150958
1064.30158410627
1064.30520914692
1064.30884663123
1064.31249655892
1064.31615892971
1064.31983374329
1064.32352099937
1064.32722069767
1064.33093283787
1064.3346574197
1064.33839444284
1064.34214390701
1064.3459058119
1064.34968015721
1064.35346694265
1064.3572661679
1064.36107783266
1064.36490193664
1064.36873847952
1064.372587461
1064.37644888077
1064.38032273852
1064.38420903395
1064.38810776673
1064.39201893657
1064.39594254314
1064.39987858614
1064.40382706524
1064.40778798014
1064.41176133051
1064.41574711604
1064.4197453364
1064.42375599129
1064.42777908037
1064.43181460333
1064.43586255984
1064.43992294958
1064.44399577222
1064.44808102743
1064.4521787149
1064.45628883429
1064.46041138527
1064.46454636751
1064.46869378068
1064.47285362444
1064.47702589847
1064.48121060243
1064.48540773599
1064.4896172988
1064.49383929053
1064.49807371084
1064.50232055939
1064.50657983584
1064.51085153986
1064.51513567108
1064.51943222918
1064.52374121381
1064.52806262461
1064.53239646126
1064.53674272338
1064.54110141065
1064.5454725227
1064.54985605918
1064.55425201975
1064.55866040406
1064.56308121173
1064.56751444243
1064.57196009579
1064.57641817146
1064.58088866908
1064.58537158829
1064.58986692873
1064.59437469003
1064.59889487184
1064.60342747379
1064.60797249552
1064.61252993666
1064.61709979684
1064.6216820757
1064.62627677287
1064.63088388797
1064.63550342065
1064.64013537051
1064.6447797372
1064.64943652034
1064.65410571955
1064.65878733446
1064.66348136468
1064.66818780985
1064.67290666958
1064.67763794349
1064.68238163121
1064.68713773234
1064.69190624651
1064.69668717333
1064.70148051241
1064.70628626337
1064.71110442582
1064.71593499938
1064.72077798365
1064.72563337824
1064.73050118276
1064.73538139682
1064.74027402002
1064.74517905197
1064.75009649227
1064.75502634053
1064.75996859635
1064.76492325933
1064.76989032906
1064.77486980515
1064.7798616872
1064.7848659748
1064.78988266755
1064.79491176504
1064.79995326687
1064.80500717263
1064.81007348191
1064.81515219429
1064.82024330938
1064.82534682676
1064.83046274601
1064.83559106673
1064.84073178849
1064.84588491088
1064.85105043349
1064.8562283559
1064.86141867768
1064.86662139843
1064.87183651771
1064.8770640351
1064.88230395019
1064.88755626254
1064.89282097174
1064.89809807735
1064.90338757895
1064.90868947611
1064.9140037684
1064.91933045539
1064.92466953666
1064.93002101175
1064.93538488025
1064.94076114172
1064.94614979572
1064.95155084182
1064.95696427957
1064.96239010854
1064.96782832829
1064.97327893838
1064.97874193837
1064.9842173278
1064.98970510625
1064.99520527326
1065.00071782838
1065.00624277118
1065.01178010119
1065.01732981798
1065.02289192109
1065.02846641007
1065.03405328447
1065.03965254383
1065.0452641877
1065.05088821562
1065.05652462714
1065.0621734218
1065.06783459914
1065.0735081587
1065.07919410002
1065.08489242263
1065.09060312608
1065.09632620989
1065.10206167362
1065.10780951678
1065.11356973891
1065.11934233954
1065.1251273182
1065.13092467443
1065.13673440775
1065.14255651768
1065.14839100377
1065.15423786552
1065.16009710246
1065.16596871412
1065.17185270002
1065.17774905969
1065.18365779263
1065.18957889837
1065.19551237643
1065.20145822632
1065.20741644756
1065.21338703967
1065.21937000215
1065.22536533452
1065.2313730363
1065.23739310699
1065.2434255461
1065.24947035314
1065.25552752762
1065.26159706905
1065.26767897692
1065.27377325074
1065.27987989003
1065.28599889426
1065.29213026296
1065.29827399562
1065.30443009174
1065.31059855081
1065.31677937233
1065.3229725558
1065.32917810072
1065.33539600657
1065.34162627284
1065.34786889904
1065.35412388465
1065.36039122916
1065.36667093205
1065.37296299282
1065.37926741095
1065.38558418593
1065.39191331723
1065.39825480435
1065.40460864676
1065.41097484395
1065.41735339539
1065.42374430057
1065.43014755895
1065.43656317003
1065.44299113327
1065.44943144814
1065.45588411412
1065.46234913069
1065.46882649731
1065.47531621346
1065.4818182786
1065.4883326922
1065.49485945373
1065.50139856265
1065.50795001843
1065.51451382054
1065.52108996843
1065.52767846156
1065.5342792994
1065.54089248141
1065.54751800705
1065.55415587577
1065.56080608702
1065.56746864027
1065.57414353497
1065.58083077057
1065.58753034652
1065.59424226227
1065.60096651728
1065.60770311099
1065.61445204286
1065.62121331231
1065.62798691881
1065.6347728618
1065.64157114072
1065.64838175501
1065.65520470412
1065.66203998748
1065.66888760453
1065.67574755471
1065.68261983747
1065.68950445222
1065.69640139842
1065.70331067549
1065.71023228286
1065.71716621998
1065.72411248626
1065.73107108114
1065.73804200404
1065.7450252544
1065.75202083164
1065.75902873518
1065.76604896445
1065.77308151888
1065.78012639788
1065.78718360087
1065.79425312728
1065.80133497652
1065.80842914801
1065.81553564118
1065.82265445542
1065.82978559017
1065.83692904482
1065.8440848188
1065.85125291152
1065.85843332238
1065.8656260508
1065.87283109618
1065.88004845792
1065.88727813545
1065.89452012815
1065.90177443544
1065.90904105672
1065.91631999138
1065.92361123884
1065.93091479848
1065.93823066971
1065.94555885192
1065.95289934451
1065.96025214688
1065.96761725842
1065.97499467852
1065.98238440657
1065.98978644197
1065.99720078411
1066.00462743237
1066.01206638614
1066.01951764481
1066.02698120776
1066.03445707438
1066.04194524405
1066.04944571615
1066.05695849007
1066.06448356518
1066.07202094086
1066.0795706165
1066.08713259146
1066.09470686513
1066.10229343688
1066.10989230608
1066.1175034721
1066.12512693432
1066.1327626921
1066.14041074482
1066.14807109185
1066.15574373254
1066.16342866627
1066.1711258924
1066.1788354103
1066.18655721933
1066.19429131884
1066.20203770821
1066.20979638678
1066.21756735393
1066.22535060899
1066.23314615135
1066.24095398033
1066.24877409531
1066.25660649564
1066.26445118065
1066.27230814972
1066.28017740218
1066.28805893739
1066.29595275469
1066.30385885343
1066.31177723296
1066.31970789261
1066.32765083174
1066.33560604968
1066.34357354577
1066.35155331937
1066.35954536979
1066.36754969639
1066.3755662985
1066.38359517545
1066.39163632658
1066.39968975122
1066.40775544871
1066.41583341837
1066.42392365955
1066.43202617155
1066.44014095372
1066.44826800538
1066.45640732586
1066.46455891447
1066.47272277056
1066.48089889343
1066.4890872824
1066.49728793681
1066.50550085597
1066.51372603919
1066.52196348579
1066.5302131951
1066.53847516642
1066.54674939907
1066.55503589236
1066.5633346456
1066.57164565811
1066.57996892919
1066.58830445815
1066.5966522443
1066.60501228694
1066.61338458539
1066.62176913894
1066.63016594689
1066.63857500856
1066.64699632323
1066.65542989022
1066.66387570881
1066.67233377831
1066.680804098
1066.6892866672
1066.69778148519
1066.70628855126
1066.71480786471
1066.72333942482
1066.73188323089
1066.74043928221
1066.74900757806
1066.75758811773
1066.7661809005
1066.77478592567
1066.78340319251
1066.7920327003
1066.80067444833
1066.80932843587
1066.81799466221
1066.82667312662
1066.83536382839
1066.84406676677
1066.85278194106
1066.86150935051
1066.87024899441
1066.87900087203
1066.88776498264
1066.8965413255
1066.90532989988
1066.91413070505
1066.92294374027
1066.93176900482
1066.94060649795
1066.94945621893
1066.95831816701
1066.96719234146
1066.97607874153
1066.98497736649
1066.99388821559
1067.00281128809
1067.01174658324
1067.02069410029
1067.0296538385
1067.03862579712
1067.0476099754
1067.05660637258
1067.06561498793
1067.07463582067
1067.08366887007
1067.09271413536
1067.10177161578
1067.11084131059
1067.11992321902
1067.1290173403
1067.13812367369
1067.14724221842
1067.15637297373
1067.16551593884
1067.17467111301
1067.18383849545
1067.19301808541
1067.20220988211
1067.21141388478
1067.22063009266
1067.22985850498
1067.23909912095
1067.24835193981
1067.25761696077
1067.26689418307
1067.27618360593
1067.28548522857
1067.2947990502
1067.30412507005
1067.31346328734
1067.32281370128
1067.33217631109
1067.34155111598
1067.35093811517
1067.36033730788
1067.3697486933
1067.37917227066
1067.38860803915
1067.398055998
1067.4075161464
1067.41698848357
1067.42647300871
1067.43596972101
1067.44547861969
1067.45499970395
1067.46453297298
1067.47407842599
1067.48363606217
1067.49320588073
1067.50278788085
1067.51238206173
1067.52198842257
1067.53160696255
1067.54123768088
1067.55088057673
1067.56053564931
1067.57020289779
1067.57988232137
1067.58957391923
1067.59927769055
1067.60899363452
1067.61872175033
1067.62846203715
1067.63821449416
1067.64797912054
1067.65775591548
1067.66754487815
1067.67734600772
1067.68715930336
1067.69698476426
1067.70682238959
1067.71667217851
1067.7265341302
1067.73640824383
1067.74629451856
1067.75619295356
1067.766103548
1067.77602630105
1067.78596121186
1067.79590827959
1067.80586750342
1067.81583888249
1067.82582241598
1067.83581810303
1067.84582594281
1067.85584593446
1067.86587807715
1067.87592237003
1067.88597881225
1067.89604740296
1067.90612814131
1067.91622102646
1067.92632605754
1067.93644323371
1067.94657255411
1067.95671401788
1067.96686762418
1067.97703337214
1067.9872112609
1067.9974012896
1068.00760345739
1068.01781776339
1068.02804420676
1068.03828278661
1068.0485335021
1068.05879635234
1068.06907133647
1068.07935845363
1068.08965770294
1068.09996908354
1068.11029259454
1068.12062823508
1068.13097600428
1068.14133590127
1068.15170792517
1068.1620920751
1068.17248835018
1068.18289674954
1068.19331727228
1068.20374991754
1068.21419468442
1068.22465157204
1068.23512057951
1068.24560170595
1068.25609495047
1068.26660031219
1068.2771177902
1068.28764738362
1068.29818909156
1068.30874291312
1068.3193088474
1068.32988689352
1068.34047705057
1068.35107931766
1068.36169369388
1068.37232017834
1068.38295877014
1068.39360946837
1068.40427227212
1068.4149471805
1068.42563419259
1068.43633330749
1068.4470445243
1068.45776784209
1068.46850325997
1068.47925077701
1068.49001039231
1068.50078210495
1068.51156591402
1068.5223618186
1068.53316981777
1068.54398991061
1068.55482209621
1068.56566637364
1068.57652274198
1068.58739120031
1068.5982717477
1068.60916438323
1068.62006910597
1068.63098591499
1068.64191480937
1068.65285578818
1068.66380885047
1068.67477399533
1068.68575122182
1068.696740529
1068.70774191593
1068.71875538169
1068.72978092533
1068.74081854591
1068.75186824249
1068.76293001414
1068.7740038599
1068.78508977885
1068.79618777002
1068.80729783247
1068.81841996526
1068.82955416745
1068.84070043807
1068.85185877618
1068.86302918082
1068.87421165105
1068.88540618592
1068.89661278445
1068.90783144571
1068.91906216873
1068.93030495255
1068.94155979621
1068.95282669876
1068.96410565922
1068.97539667665
1068.98669975006
1068.99801487851
1069.00934206101
1069.02068129661
1069.03203258433
1069.04339592321
1069.05477131227
1069.06615875054
1069.07755823705
1069.08896977081
1069.10039335087
1069.11182897624
1069.12327664593
1069.13473635899
1069.14620811441
1069.15769191122
1069.16918774844
1069.18069562509
1069.19221554017
1069.20374749271
1069.21529148171
1069.22684750619
1069.23841556516
1069.24999565763
1069.2615877826
1069.27319193908
1069.28480812608
1069.2964363426
1069.30807658765
1069.31972886023
1069.33139315933
1069.34306948397
1069.35475783313
1069.36645820582
1069.37817060104
1069.38989501777
1069.40163145501
1069.41337991176
1069.42514038701
1069.43691287975
1069.44869738896
1069.46049391364
1069.47230245278
1069.48412300535
1069.49595557035
1069.50780014676
1069.51965673355
1069.53152532973
1069.54340593425
1069.55529854611
1069.56720316428
1069.57911978773
1069.59104841545
1069.60298904641
1069.61494167958
1069.62690631393
1069.63888294844
1069.65087158207
1069.6628722138
1069.67488484258
1069.6869094674
1069.6989460872
1069.71099470096
1069.72305530765
1069.73512790621
1069.74721249562
1069.75930907483
1069.77141764279
1069.78353819848
1069.79567074084
1069.80781526882
1069.81997178139
1069.83214027749
1069.84432075608
1069.8565132161
1069.86871765651
1069.88093407624
1069.89316247426
1069.9054028495
1069.91765520091
1069.92991952744
1069.94219582801
1069.95448410158
1069.96678434709
1069.97909656347
1069.99142074965
1070.00375690459
1070.0161050272
1070.02846511643
1070.04083717121
1070.05322119046
1070.06561717313
1070.07802511813
1070.0904450244
1070.10287689087
1070.11532071645
1070.12777650007
1070.14024424066
1070.15272393714
1070.16521558843
1070.17771919344
1070.19023475111
1070.20276226034
1070.21530172005
1070.22785312915
1070.24041648657
1070.25299179121
1070.26557904198
1070.27817823779
1070.29078937756
1070.3034124602
1070.31604748459
1070.32869444967
1070.34135335432
1070.35402419745
1070.36670697797
1070.37940169477
1070.39210834676
1070.40482693282
1070.41755745187
1070.4302999028
1070.44305428449
1070.45582059585
1070.46859883577
1070.48138900314
1070.49419109685
1070.50700511578
1070.51983105883
1070.53266892489
1070.54551871283
1070.55838042155
1070.57125404992
1070.58413959683
1070.59703706116
1070.60994644179
1070.6228677376
1070.63580094746
1070.64874607025
1070.66170310484
1070.67467205012
1070.68765290494
1070.70064566819
1070.71365033874
1070.72666691544
1070.73969539717
1070.7527357828
1070.76578807119
1070.77885226121
1070.79192835172
1070.80501634157
1070.81811622964
1070.83122801478
1070.84435169585
1070.8574872717
1070.8706347412
1070.88379410319
1070.89696535653
1070.91014850007
1070.92334353267
1070.93655045317
1070.94976926042
1070.96299995328
1070.97624253057
1070.98949699116
1071.00276333389
1071.01604155759
1071.02933166111
1071.04263364329
1071.05594750297
1071.06927323899
1071.08261085018
1071.09596033538
1071.10932169342
1071.12269492314
1071.13608002336
1071.14947699293
1071.16288583067
1071.1763065354
1071.18973910596
1071.20318354117
1071.21663983985
1071.23010800083
1071.24358802293
1071.25707990498
1071.27058364579
1071.28409924418
1071.29762669897
1071.31116600897
1071.32471717301
1071.33828018988
1071.35185505842
1071.36544177742
1071.37904034571
1071.39265076208
1071.40627302535
1071.41990713432
1071.4335530878
1071.44721088459
1071.4608805235
1071.47456200332
1071.48825532287
1071.50196048093
1071.51567747631
1071.5294063078
1071.54314697421
1071.55689947431
1071.57066380692
1071.58443997081
1071.59822796478
1071.61202778763
1071.62583943814
1071.63966291509
1071.65349821727
1071.66734534348
1071.68120429248
1071.69507506307
1071.70895765402
1071.72285206413
1071.73675829215
1071.75067633688
1071.76460619709
1071.77854787155
1071.79250135904
1071.80646665834
1071.8204437682
1071.83443268741
1071.84843341473
1071.86244594894
1071.87647028879
1071.89050643305
1071.90455438049
1071.91861412987
1071.93268567996
1071.94676902951
1071.96086417728
1071.97497112203
1071.98908986252
1072.0032203975
1072.01736272574
1072.03151684597
1072.04568275696
1072.05986045746
1072.0740499462
1072.08825122196
1072.10246428346
1072.11668912946
1072.1309257587
1072.14517416993
1072.15943436188
1072.1737063333
1072.18799008293
1072.20228560951
1072.21659291178
1072.23091198846
1072.2452428383
1072.25958546003
1072.27393985239
1072.28830601409
1072.30268394388
1072.31707364049
1072.33147510263
1072.34588832904
1072.36031331845
1072.37475006957
1072.38919858112
1072.40365885184
1072.41813088044
1072.43261466564
1072.44711020616
1072.46161750071
1072.47613654801
1072.49066734678
1072.50520989572
1072.51976419355
1072.53433023898
1072.54890803071
1072.56349756746
1072.57809884794
1072.59271187084
1072.60733663488
1072.62197313875
1072.63662138115
1072.6512813608
1072.66595307638
1072.6806365266
1072.69533171015
1072.71003862572
1072.72475727202
1072.73948764773
1072.75422975155
1072.76898358217
1072.78374913827
1072.79852641855
1072.81331542169
1072.82811614638
1072.8429285913
1072.85775275513
1072.87258863656
1072.88743623427
1072.90229554694
1072.91716657324
1072.93204931185
1072.94694376145
1072.96184992071
1072.97676778831
1072.99169736292
1073.0066386432
1073.02159162784
1073.03655631549
1073.05153270482
1073.0665207945
1073.08152058319
1073.09653206956
1073.11155525227
1073.12659012997
1073.14163670134
1073.15669496502
1073.17176491967
1073.18684656396
1073.20193989653
1073.21704491603
1073.23216162113
1073.24729001046
1073.26243008268
1073.27758183644
1073.29274527039
1073.30792038316
1073.32310717341
1073.33830563978
1073.35351578091
1073.36873759543
1073.383971082
1073.39921623924
1073.4144730658
1073.42974156031
1073.4450217214
1073.46031354771
1073.47561703787
1073.49093219051
1073.50625900426
1073.52159747775
1073.5369476096
1073.55230939844
1073.56768284289
1073.58306794159
1073.59846469314
1073.61387309617
1073.62929314929
1073.64472485114
1073.66016820031
1073.67562319544
1073.69108983513
1073.70656811799
1073.72205804264
1073.73755960769
1073.75307281174
1073.76859765341
1073.7841341313
1073.79968224401
1073.81524199016
1073.83081336834
1073.84639637715
1073.86199101519
1073.87759728107
1073.89321517338
1073.90884469072
1073.92448583168
1073.94013859485
1073.95580297884
1073.97147898222
1073.98716660359
1074.00286584155
1074.01857669466
1074.03429916153
1074.05003324074
1074.06577893087
1074.0815362305
1074.09730513821
1074.11308565259
1074.12887777221
1074.14468149565
1074.16049682148
1074.17632374829
1074.19216227464
1074.2080123991
1074.22387412025
1074.23974743665
1074.25563234688
1074.2715288495
1074.28743694308
1074.30335662617
1074.31928789735
1074.33523075518
1074.35118519821
1074.36715122501
1074.38312883413
1074.39911802413
1074.41511879356
1074.43113114098
1074.44715506495
1074.46319056401
1074.47923763671
1074.49529628161
1074.51136649725
1074.52744828217
1074.54354163492
1074.55964655405
1074.5757630381
1074.59189108561
1074.60803069511
1074.62418186515
1074.64034459427
1074.656518881
1074.67270472387
1074.68890212142
1074.70511107218
1074.72133157468
1074.73756362746
1074.75380722903
1074.77006237793
1074.78632907268
1074.8026073118
1074.81889709382
1074.83519841727
1074.85151128065
1074.86783568249
1074.88417162132
1074.90051909563
1074.91687810395
1074.9332486448
1074.94963071668
1074.96602431811
1074.9824294476
1074.99884610365
1075.01527428477
1075.03171398947
1075.04816521626
1075.06462796363
1075.08110223009
1075.09758801414
1075.11408531428
1075.130594129
1075.14711445681
1075.1636462962
1075.18018964566
1075.19674450369
1075.21331086878
1075.22988873941
1075.24647811408
1075.26307899128
1075.27969136948
1075.29631524719
1075.31295062287
1075.32959749501
1075.3462558621
1075.36292572261
1075.37960707503
1075.39629991782
1075.41300424946
1075.42972006844
1075.44644737321
1075.46318616226
1075.47993643405
1075.49669818706
1075.51347141974
1075.53025613058
1075.54705231802
1075.56385998055
1075.58067911661
1075.59750972467
1075.61435180319
1075.63120535063
1075.64807036545
1075.6649468461
1075.68183479103
1075.69873419871
1075.71564506757
1075.73256739608
1075.74950118268
1075.76644642581
1075.78340312394
1075.80037127549
1075.81735087892
1075.83434193266
1075.85134443517
1075.86835838487
1075.88538378021
1075.90242061962
1075.91946890155
1075.93652862442
1075.95359978666
1075.97068238672
1075.98777642302
1076.00488189398
1076.02199879804
1076.03912713363
1076.05626689917
1076.07341809307
1076.09058071378
1076.1077547597
1076.12494022925
1076.14213712087
1076.15934543295
1076.17656516392
1076.19379631219
1076.21103887618
1076.22829285429
1076.24555824494
1076.26283504653
1076.28012325748
1076.29742287619
1076.31473390107
1076.33205633051
1076.34939016292
1076.36673539671
1076.38409203026
1076.40146006199
1076.41883949028
1076.43623031353
1076.45363253014
1076.4710461385
1076.488471137
1076.50590752403
1076.52335529797
1076.54081445722
1076.55828500017
1076.57576692519
1076.59326023067
1076.61076491499
1076.62828097654
1076.64580841369
1076.66334722481
1076.68089740829
1076.69845896251
1076.71603188583
1076.73361617662
1076.75121183326
1076.76881885412
1076.78643723757
1076.80406698196
1076.82170808568
1076.83936054708
1076.85702436452
1076.87469953637
1076.89238606099
1076.91008393673
1076.92779316195
1076.94551373502
1076.96324565427
1076.98098891807
1076.99874352477
1077.01650947272
1077.03428676026
1077.05207538575
1077.06987534753
1077.08768664395
1077.10550927334
1077.12334323406
1077.14118852444
1077.15904514282
1077.17691308754
1077.19479235694
1077.21268294935
1077.23058486311
1077.24849809654
1077.26642264798
1077.28435851577
1077.30230569821
1077.32026419366
1077.33823400042
1077.35621511682
1077.3742075412
1077.39221127186
1077.41022630712
1077.42825264532
1077.44629028475
1077.46433922375
1077.48239946062
1077.50047099368
1077.51855382123
1077.5366479416
1077.55475335308
1077.57287005399
1077.59099804262
1077.60913731729
1077.62728787631
1077.64544971796
1077.66362284055
1077.68180724238
1077.70000292176
1077.71820987696
1077.73642810629
1077.75465760805
1077.77289838052
1077.79115042199
1077.80941373076
1077.82768830511
1077.84597414333
1077.8642712437
1077.88257960451
1077.90089922404
1077.91923010057
1077.93757223238
1077.95592561774
1077.97429025494
1077.99266614224
1078.01105327793
1078.02945166028
1078.04786128755
1078.06628215801
1078.08471426994
1078.1031576216
1078.12161221125
1078.14007803716
1078.15855509759
1078.17704339081
1078.19554291507
1078.21405366862
1078.23257564974
1078.25110885666
1078.26965328765
1078.28820894096
1078.30677581484
1078.32535390754
1078.3439432173
1078.36254374238
1078.38115548102
1078.39977843146
1078.41841259194
1078.43705796071
1078.45571453601
1078.47438231607
1078.49306129913
1078.51175148343
1078.5304528672
1078.54916544867
1078.56788922608
1078.58662419765
1078.60537036161
1078.62412771618
1078.6428962596
1078.66167599009
1078.68046690587
1078.69926900515
1078.71808228617
1078.73690674713
1078.75574238626
1078.77458920177
1078.79344719187
1078.81231635478
1078.8311966887
1078.85008819185
1078.86899086244
1078.88790469866
1078.90682969873
1078.92576586085
1078.94471318322
1078.96367166404
1078.98264130152
1079.00162209384
1079.02061403921
1079.03961713581
1079.05863138186
1079.07765677552
1079.09669331501
1079.1157409985
1079.13479982418
1079.15386979024
1079.17295089487
1079.19204313624
1079.21114651255
1079.23026102196
1079.24938666266
1079.26852343282
1079.28767133063
1079.30683035425
1079.32600050187
1079.34518177164
1079.36437416175
1079.38357767035
1079.40279229562
1079.42201803573
1079.44125488883
1079.46050285309
1079.47976192667
1079.49903210773
1079.51831339443
1079.53760578492
1079.55690927737
1079.57622386992
1079.59554956073
1079.61488634795
1079.63423422973
1079.65359320421
1079.67296326954
1079.69234442388
1079.71173666535
1079.73113999211
1079.75055440229
1079.76997989404
1079.78941646549
1079.80886411477
1079.82832284003
1079.84779263939
1079.86727351099
1079.88676545295
1079.90626846341
1079.9257825405
1079.94530768233
1079.96484388704
1079.98439115274
1080.00394947756
1080.02351885962
1080.04309929703
1080.06269078792
1080.08229333039
1080.10190692257
1080.12153156256
1080.14116724847
1080.16081397842
1080.18047175051
1080.20014056285
1080.21982041355
1080.2395113007
1080.2592132224
1080.27892617677
1080.2986501619
1080.31838517588
1080.33813121681
1080.35788828279
1080.37765637191
1080.39743548226
1080.41722561192
1080.437026759
1080.45683892157
1080.47666209772
1080.49649628553
1080.51634148309
1080.53619768848
1080.55606489977
1080.57594311505
1080.59583233239
1080.61573254986
1080.63564376554
1080.6555659775
1080.67549918381
1080.69544338254
1080.71539857176
1080.73536474953
1080.75534191391
1080.77533006297
1080.79532919478
1080.81533930738
1080.83536039884
1080.85539246721
1080.87543551055
1080.89548952691
1080.91555451435
1080.93563047091
1080.95571739464
1080.9758152836
1080.99592413582
1081.01604394935
1081.03617472223
1081.05631645251
1081.07646913823
1081.09663277741
1081.11680736811
1081.13699290835
1081.15718939616
1081.17739682959
1081.19761520666
1081.2178445254
1081.23808478383
1081.25833597998
1081.27859811189
1081.29887117756
1081.31915517502
1081.33945010229
1081.3597559574
1081.38007273834
1081.40040044315
1081.42073906983
1081.4410886164
1081.46144908086
1081.48182046123
1081.50220275551
1081.52259596171
1081.54300007784
1081.56341510188
1081.58384103186
1081.60427786576
1081.62472560158
1081.64518423732
1081.66565377098
1081.68613420055
1081.70662552402
1081.72712773938
1081.74764084462
1081.76816483772
1081.78869971668
1081.80924547948
1081.82980212409
1081.8503696485
1081.87094805069
1081.89153732864
1081.91213748032
1081.93274850371
1081.95337039678
1081.9740031575
1081.99464678385
1082.01530127378
1082.03596662527
1082.05664283629
1082.07732990479
1082.09802782874
1082.1187366061
1082.13945623482
1082.16018671287
1082.18092803821
1082.20168020878
1082.22244322253
1082.24321707743
1082.26400177141
1082.28479730243
1082.30560366844
1082.32642086737
1082.34724889717
1082.36808775579
1082.38893744116
1082.40979795122
1082.43066928391
1082.45155143716
1082.47244440891
1082.49334819709
1082.51426279963
1082.53518821446
1082.5561244395
1082.57707147269
1082.59802931195
1082.61899795519
1082.63997740035
1082.66096764533
1082.68196868806
1082.70298052646
1082.72400315843
1082.7450365819
1082.76608079477
1082.78713579495
1082.80820158036
1082.82927814889
1082.85036549846
1082.87146362697
1082.89257253231
1082.91369221239
1082.93482266512
1082.95596388838
1082.97711588007
1082.99827863808
1083.01945216031
1083.04063644465
1083.06183148899
1083.08303729122
1083.10425384921
1083.12548116087
1083.14671922406
1083.16796803667
1083.18922759658
1083.21049790166
1083.2317789498
1083.25307073887
1083.27437326674
1083.29568653129
1083.31701053038
1083.33834526188
1083.35969072366
1083.38104691358
1083.40241382951
1083.42379146931
1083.44517983084
1083.46657891196
1083.48798871052
1083.50940922439
1083.53084045141
1083.55228238943
1083.57373503632
1083.59519838991
1083.61667244806
1083.63815720861
1083.6596526694
1083.68115882828
1083.70267568309
1083.72420323167
1083.74574147185
1083.76729040147
1083.78885001837
1083.81042032038
1083.83200130534
1083.85359297106
1083.87519531538
1083.89680833612
1083.91843203112
1083.94006639819
1083.96171143516
1083.98336713984
1084.00503351005
1084.02671054361
1084.04839823834
1084.07009659205
1084.09180560255
1084.11352526765
1084.13525558517
1084.1569965529
1084.17874816865
1084.20051043023
1084.22228333544
1084.24406688207
1084.26586106794
1084.28766589083
1084.30948134855
1084.33130743888
1084.35314415962
1084.37499150856
1084.39684948349
1084.41871808219
1084.44059730246
1084.46248714207
1084.48438759882
1084.50629867047
1084.52822035482
1084.55015264964
1084.5720955527
1084.59404906178
1084.61601317465
1084.63798788909
1084.65997320287
1084.68196911374
1084.70397561949
1084.72599271787
1084.74802040664
1084.77005868358
1084.79210754644
1084.81416699297
1084.83623702095
1084.85831762811
1084.88040881221
1084.90251057102
1084.92462290227
1084.94674580371
1084.9688792731
1084.99102330818
1085.01317790669
1085.03534306638
1085.05751878498
1085.07970506024
1085.10190188989
1085.12410927167
1085.14632720331
1085.16855568255
1085.19079470711
1085.21304427473
1085.23530438314
1085.25757503006
1085.27985621321
1085.30214793032
1085.32445017911
1085.3467629573
1085.36908626261
1085.39142009276
1085.41376444545
1085.43611931841
1085.45848470934
1085.48086061595
1085.50324703597
1085.52564396708
1085.548051407
1085.57046935342
1085.59289780407
1085.61533675662
1085.63778620879
1085.66024615826
1085.68271660275
1085.70519753993
1085.7276889675
1085.75019088316
1085.77270328459
1085.79522616948
1085.81775953552
1085.84030338039
1085.86285770178
1085.88542249736
1085.90799776482
1085.93058350183
1085.95317970608
1085.97578637523
1085.99840350696
1086.02103109895
1086.04366914886
1086.06631765436
1086.08897661312
1086.11164602281
1086.13432588108
1086.15701618561
1086.17971693405
1086.20242812407
1086.22514975331
1086.24788181944
1086.27062432012
1086.29337725299
1086.3161406157
1086.33891440592
1086.36169862128
1086.38449325943
1086.40729831802
1086.43011379469
1086.45293968709
1086.47577599285
1086.49862270962
1086.52147983503
1086.54434736672
1086.56722530233
1086.59011363948
1086.61301237581
1086.63592150895
1086.65884103652
1086.68177095616
1086.7047112655
1086.72766196214
1086.75062304373
1086.77359450787
1086.79657635219
1086.8195685743
1086.84257117183
1086.86558414239
1086.88860748358
1086.91164119303
1086.93468526835
1086.95773970713
1086.980804507
1087.00387966555
1087.0269651804
1087.05006104914
1087.07316726937
1087.0962838387
1087.11941075473
1087.14254801505
1087.16569561726
1087.18885355895
1087.21202183772
1087.23520045116
1087.25838939685
1087.28158867239
1087.30479827536
1087.32801820335
1087.35124845395
1087.37448902473
1087.39773991329
1087.42100111719
1087.44427263401
1087.46755446135
1087.49084659676
1087.51414903783
1087.53746178212
1087.56078482722
1087.58411817068
1087.60746181009
1087.630815743
1087.65417996699
1087.67755447961
1087.70093927844
1087.72433436103
1087.74773972494
1087.77115536774
1087.79458128698
1087.81801748022
1087.84146394502
1087.86492067893
1087.8883876795
1087.91186494428
1087.93535247083
1087.95885025669
1087.98235829941
1088.00587659654
1088.02940514563
1088.05294394421
1088.07649298983
1088.10005228003
1088.12362181235
1088.14720158434
1088.17079159352
1088.19439183744
1088.21800231362
1088.24162301961
1088.26525395294
1088.28889511114
1088.31254649174
1088.33620809226
1088.35987991024
1088.38356194321
1088.40725418868
1088.43095664419
1088.45466930726
1088.47839217541
1088.50212524616
1088.52586851704
1088.54962198555
1088.57338564923
1088.59715950558
1088.62094355212
1088.64473778637
1088.66854220584
1088.69235680805
1088.7161815905
1088.74001655071
1088.76386168618
1088.78771699443
1088.81158247296
1088.83545811928
1088.85934393089
1088.88323990531
1088.90714604003
1088.93106233255
1088.95498878038
1088.97892538103
1089.00287213198
1089.02682903074
1089.05079607481
1089.07477326168
1089.09876058886
1089.12275805383
1089.1467656541
1089.17078338715
1089.19481125048
1089.21884924159
1089.24289735796
1089.26695559709
1089.29102395646
1089.31510243357
1089.33919102591
1089.36328973096
1089.38739854621
1089.41151746914
1089.43564649726
1089.45978562803
1089.48393485894
1089.50809418749
1089.53226361115
1089.55644312741
1089.58063273374
1089.60483242764
1089.62904220658
1089.65326206804
1089.67749200951
1089.70173202846
1089.72598212238
1089.75024228874
1089.77451252503
1089.79879282872
1089.82308319728
1089.84738362821
1089.87169411897
1089.89601466704
1089.9203452699
1089.94468592503
1089.9690366299
1089.99339738199
1090.01776817878
1090.04214901773
1090.06653989633
1090.09094081206
1090.11535176238
1090.13977274477
1090.16420375671
1090.18864479568
1090.21309585914
1090.23755694457
1090.26202804946
1090.28650917127
1090.31100030748
1090.33550145557
1090.360012613
1090.38453377727
1090.40906494583
1090.43360611618
1090.45815728578
1090.48271845212
1090.50728961267
1090.53187076491
1090.55646190631
1090.58106303435
1090.60567414652
1090.6302952403
1090.65492631315
1090.67956736257
1090.70421838603
1090.72887938102
1090.75355034501
1090.7782312755
1090.80292216996
1090.82762302588
1090.85233384074
1090.87705461203
1090.90178533724
1090.92652601385
1090.95127663936
1090.97603721125
1091.00080772701
1091.02558818414
1091.05037858012
1091.07517891246
1091.09998917864
1091.12480937617
1091.14963950254
1091.17447955525
1091.19932953179
1091.22418942969
1091.24905924643
1091.27393897951
1091.29882862646
1091.32372818477
1091.34863765196
1091.37355702553
1091.398486303
1091.42342548188
1091.44837455969
1091.47333353396
1091.49830240219
1091.52328116192
1091.54826981066
1091.57326834595
1091.59827676531
1091.62329506627
1091.64832324638
1091.67336130315
1091.69840923414
1091.72346703689
1091.74853470893
1091.77361224782
1091.79869965109
1091.82379691632
1091.84890404104
1091.87402102281
1091.89914785921
1091.92428454778
1091.9494310861
1091.97458747174
1091.99975370227
1092.02492977526
1092.0501156883
1092.07531143896
1092.10051702484
1092.12573244353
1092.15095769262
1092.17619276971
1092.2014376724
1092.2266923983
1092.25195694501
1092.27723131016
1092.30251549135
1092.32780948622
1092.35311329239
1092.3784269075
1092.40375032917
1092.42908355505
1092.45442658279
1092.47977941004
1092.50514203445
1092.53051445369
1092.55589666542
1092.58128866732
1092.60669045706
1092.63210203233
1092.65752339081
1092.6829545302
1092.7083954482
1092.73384614252
1092.75930661087
1092.78477685097
1092.81025686055
1092.83574663733
1092.86124617906
1092.88675548349
1092.91227454836
1092.93780337144
1092.96334195049
1092.9888902833
1093.01444836763
1093.04001620129
1093.06559378206
1093.09118110777
1093.11677817621
1093.14238498522
1093.16800153262
1093.19362781625
1093.21926383397
1093.24490958362
1093.27056506309
1093.29623027023
1093.32190520295
1093.34758985913
1093.37328423667
1093.39898833351
1093.42470214755
1093.45042567674
1093.47615891903
1093.50190187237
1093.52765453472
1093.55341690408
1093.57918897844
1093.60497075578
1093.63076223415
1093.65656341155
1093.68237428603
1093.70819485564
1093.73402511846
1093.75986507255
1093.78571471602
1093.81157404696
1093.8374430635
1093.86332176377
1093.88921014593
1093.91510820813
1093.94101594855
1093.96693336539
1093.99286045685
1094.01879722117
1094.04474365659
1094.07069976136
1094.09666553376
1094.12264097208
1094.14862607463
1094.17462083974
1094.20062526576
1094.22663935104
1094.25266309398
1094.27869649298
1094.30473954646
1094.33079225285
1094.35685461063
1094.38292661828
1094.40900827431
1094.43509957723
1094.4612005256
1094.48731111798
1094.51343135298
1094.53956122921
1094.56570074531
1094.59184989995
1094.61800869181
1094.64417711961
1094.67035518209
1094.69654287802
1094.72274020619
1094.74894716542
1094.77516375457
1094.8013899725
1094.82762581812
1094.85387129038
1094.88012638822
1094.90639111066
1094.93266545672
1094.95894942545
1094.98524301594
1095.01154622733
1095.03785905877
1095.06418150945
1095.0905135786
1095.11685526549
1095.14320656941
1095.1695674897
1095.19593802573
1095.22231817693
1095.24870794275
1095.27510732268
1095.30151631625
1095.32793492305
1095.3543631427
1095.38080097485
1095.40724841923
1095.43370547558
1095.46017214371
1095.48664842347
1095.51313431475
1095.5396298175
1095.56613493173
1095.59264965748
1095.61917399485
1095.64570794401
1095.67225150516
1095.69880467857
1095.72536746457
1095.75193986355
1095.77852187594
1095.80511350225
1095.83171474306
1095.85832559898
1095.88494607073
1095.91157615906
1095.93821586481
1095.96486518888
1095.99152413223
1096.01819269593
1096.04487088108
1096.07155868889
1096.09825612062
1096.12496317764
1096.15167986137
1096.17840617333
1096.20514211513
1096.23188768846
1096.25864289509
1096.28540773689
1096.31218221583
1096.33896633397
1096.36576009345
1096.39256349653
1096.41937654558
1096.44619924304
1096.47303159149
1096.4998735936
1096.52672525217
1096.55358657009
1096.58045755039
1096.6073381962
1096.63422851079
1096.66112849755
1096.68803816
1096.71495750178
1096.74188652668
1096.76882523864
1096.7957736417
1096.82273174009
1096.84969953817
1096.87667704045
1096.90366425161
1096.93066117647
1096.95766782003
1096.98468418746
1097.01171028411
1097.03874611548
1097.06579168728
1097.0928470054
1097.11991207592
1097.14698690511
1097.17407149946
1097.20116586566
1097.2282700106
1097.25538394141
1097.28250766544
1097.30964119026
1097.33678452369
1097.36393767379
1097.39110064887
1097.4182734575
1097.44545610851
1097.47264861101
1097.49985097439
1097.52706320831
1097.55428532276
1097.58151732801
1097.60875923465
1097.63601105358
1097.66327279607
1097.69054447369
1097.71782609839
1097.74511768247
1097.7724192386
1097.79973077985
1097.82705231968
1097.85438387195
1097.88172545096
1097.90907707142
1097.93643874851
1097.96381049786
1097.99119233558
1098.01858427828
1098.04598634307
1098.07339854758
1098.10082090998
1098.12825344901
1098.15569618399
1098.18314913482
1098.21061232202
1098.23808576677
1098.26556949087
1098.29306351683
1098.32056786787
1098.34808256791
1098.37560764165
1098.40314311457
1098.43068901294
1098.45824536389
1098.48581219541
1098.51338953639
1098.54097741665
1098.56857586699
1098.59618491921
1098.62380460614
1098.6514349617
1098.67907602094
1098.70672782007
1098.73439039652
1098.76206378896
1098.78974803739
1098.81744318316
1098.84514926906
1098.87286633932
1098.90059443974
1098.9283336177
1098.95608392225
1098.98384540419
1099.01161811612
1099.03940211254
1099.06719744992
1099.09500418679
1099.12282238384
1099.15065210402
1099.1784934126
1099.20634637735
1099.23421106859
1099.26208755935
1099.28997592549
1099.31787624583
1099.34578860229
1099.37371308007
1099.40164976777
1099.42959875761
1099.45756014556
1099.48553403161
1099.51352051989
1099.54151971897
1099.56953174204
1099.5975567072
1099.62559473772
1099.65364596231
1099.68171051545
1099.70978853773
1099.73788017616
1099.76598558462
1099.7941049242
1099.82223836369
1099.85038608001
1099.87854825878
1099.90672509481
1099.93491679275
1099.96312356766
1099.99134564581
1100.01958326535
1100.04783667715
1100.07610614574
1100.10439195021
1100.13269438533
1100.16101376267
1100.18935041188
1100.21770468207
1100.24607694332
1100.2744675884
1100.30287703454
1100.3313057255
1100.35975413383
1100.3882227633
1100.41671215172
1100.44522287397
1100.47375554542
1100.50231082579
1100.53088942338
1100.55949209995
1100.58811967607
1100.6167730373
1100.64545314111
1100.67416102476
1100.70289781434
1100.73166473503
1100.76046312297
1100.7892944389
1100.81816028401
1100.84706241829
1100.87600278213
1100.90498352154
1100.93400701805
1100.96307592419
1100.99219320591
1101.02136219362
1101.05058664404
1101.07987081574
1101.10921956215
1101.1386384471
1101.16813388988
1101.19771334916
1101.22738555911
1101.25716083651
1101.28705148598
1101.31707234362
1101.34724151974
1101.37758143494
1101.4081203003
1101.43889429089
1101.46995084166
1101.50135383879
1101.53319217924
1101.56559469738
1101.5987580934
1101.63300417546
1101.66891252859
1101.70768700093
1101.75248662412
1101.8163771526
1102.10335845072
1104.67235903349
