344.461194927337
344.524148338976
344.587069035372
344.649957016577
344.712812282641
344.775634833615
344.838424669547
344.901181790487
344.963906196487
345.026597887593
345.089256863856
345.151883125325
345.214476672047
345.277037504072
345.339565621447
345.40206102422
345.46452371244
345.526953686153
345.589350945407
345.651715490249
345.714047320726
345.776346436884
345.838612838769
345.900846526428
345.963047499907
346.025215759252
346.087351304507
346.149454135719
346.211524252932
346.273561656191
346.33556634554
346.397538321025
346.459477582689
346.521384130576
346.58325796473
346.645099085195
346.706907492013
346.768683185229
346.830426164884
346.892136431021
346.953813983683
347.015458822912
347.07707094875
347.138650361239
347.20019706042
347.261711046334
347.323192319024
347.384640878529
347.44605672489
347.507439858148
347.568790278344
347.630107985516
347.691392979705
347.752645260951
347.813864829293
347.87505168477
347.936205827421
347.997327257285
348.0584159744
348.119471978806
348.180495270538
348.241485849637
348.302443716139
348.363368870082
348.424261311503
348.485121040439
348.545948056927
348.606742361004
348.667503952705
348.728232832068
348.788928999128
348.849592453921
348.910223196483
348.970821226848
349.031386545052
349.091919151131
349.152419045117
349.212886227047
349.273320696955
349.333722454873
349.394091500837
349.454427834881
349.514731457036
349.575002367337
349.635240565817
349.695446052509
349.755618827444
349.815758890656
349.875866242177
349.935940882039
349.995982810273
350.055992026911
350.115968531985
350.175912325525
350.235823407562
350.295701778128
350.355547437253
350.415360384967
350.4751406213
350.534888146282
350.594602959943
350.654285062312
350.713934453419
350.773551133292
350.833135101961
350.892686359455
350.952204905801
351.011690741028
351.071143865164
351.130564278237
351.189951980275
351.249306971304
351.308629251353
351.367918820448
351.427175678616
351.486399825884
351.545591262278
351.604749987824
351.663876002548
351.722969306477
351.782029899636
351.84105778205
351.900052953744
351.959015414743
352.017945165073
352.076842204758
352.135706533822
352.194538152289
352.253337060184
352.31210325753
352.370836744351
352.429537520669
352.48820558651
352.546840941894
352.605443586846
352.664013521388
352.722550745542
352.78105525933
352.839527062774
352.897966155897
352.956372538719
353.014746211263
353.073087173549
353.131395425598
353.189670967431
353.247913799069
353.306123920533
353.364301331841
353.422446033015
353.480558024074
353.538637305038
353.596683875926
353.654697736758
353.712678887552
353.770627328327
353.828543059102
353.886426079896
353.944276390726
354.002093991611
354.059878882569
354.117631063616
354.175350534771
354.233037296052
354.290691347474
354.348312689054
354.405901320811
354.463457242759
354.520980454916
354.578470957297
354.635928749919
354.693353832796
354.750746205945
354.808105869381
354.865432823119
354.922727067174
354.97998860156
355.037217426293
355.094413541386
355.151576946855
355.208707642712
355.265805628971
355.322870905647
355.379903472752
355.4369033303
355.493870478304
355.550804916777
355.60770664573
355.664575665178
355.721411975132
355.778215575603
355.834986466605
355.891724648148
355.948430120245
356.005102882906
356.061742936143
356.118350279966
356.174924914386
356.231466839415
356.287976055062
356.344452561337
356.40089635825
356.457307445812
356.513685824032
356.570031492919
356.626344452482
356.682624702732
356.738872243676
356.795087075322
356.851269197681
356.90741861076
356.963535314567
357.01961930911
357.075670594397
357.131689170435
357.187675037232
357.243628194795
357.299548643131
357.355436382248
357.41129141215
357.467113732846
357.522903344341
357.578660246642
357.634384439753
357.690075923682
357.745734698433
357.801360764013
357.856954120425
357.912514767676
357.96804270577
358.023537934711
358.079000454505
358.134430265154
358.189827366664
358.245191759039
358.300523442281
358.355822416396
358.411088681385
358.466322237252
358.521523084001
358.576691221633
358.631826650152
358.686929369561
358.74199937986
358.797036681054
358.852041273142
358.907013156128
358.961952330012
359.016858794797
359.071732550483
359.126573597071
359.181381934563
359.236157562958
359.290900482258
359.345610692462
359.400288193572
359.454932985586
359.509545068504
359.564124442327
359.618671107054
359.673185062683
359.727666309214
359.782114846647
359.836530674978
359.890913794208
359.945264204335
359.999581905356
360.05386689727
360.108119180074
360.162338753767
360.216525618345
360.270679773806
360.324801220148
360.378889957367
360.43294598546
360.486969304423
360.540959914254
360.594917814948
360.648843006501
360.70273548891
360.75659526217
360.810422326277
360.864216681226
360.917978327012
360.971707263631
361.025403491077
361.079067009345
361.13269781843
361.186295918326
361.239861309027
361.293393990527
361.346893962821
361.400361225901
361.453795779762
361.507197624397
361.560566759798
361.61390318596
361.667206902874
361.720477910534
361.773716208931
361.826921798059
361.88009467791
361.933234848475
361.986342309746
362.039417061716
362.092459104375
362.145468437715
362.198445061726
362.251388976401
362.30430018173
362.357178677703
362.410024464311
362.462837541544
362.515617909393
362.568365567847
362.621080516897
362.673762756531
362.72641228674
362.779029107512
362.831613218838
362.884164620705
362.936683313103
362.989169296021
363.041622569446
363.094043133368
363.146430987774
363.198786132653
363.251108567992
363.303398293778
363.355655310001
363.407879616646
363.460071213701
363.512230101153
363.564356278989
363.616449747195
363.668510505759
363.720538554666
363.772533893903
363.824496523456
363.87642644331
363.928323653452
363.980188153866
364.032019944539
364.083819025456
364.135585396601
364.18731905796
364.239020009517
364.290688251257
364.342323783165
364.393926605224
364.445496717419
364.497034119734
364.548538812152
364.600010794658
364.651450067234
364.702856629864
364.754230482532
364.805571625219
364.85688005791
364.908155780587
364.959398793231
365.010609095827
365.061786688355
365.112931570798
365.164043743137
365.215123205356
365.266169957434
365.317183999354
365.368165331097
365.419113952644
365.470029863976
365.520913065074
365.571763555918
365.622581336489
365.673366406767
365.724118766732
365.774838416365
365.825525355645
365.876179584553
365.926801103067
365.977389911167
366.027946008832
366.078469396042
366.128960072775
366.17941803901
366.229843294726
366.280235839901
366.330595674513
366.380922798542
366.431217211964
366.481478914759
366.531707906902
366.581904188373
366.632067759148
366.682198619205
366.73229676852
366.782362207072
366.832394934836
366.882394951789
366.932362257908
366.98229685317
367.032198737549
367.082067911024
367.131904373568
367.181708125159
367.231479165772
367.281217495382
367.330923113964
367.380596021495
367.430236217948
367.479843703298
367.529418477521
367.578960540591
367.628469892483
367.67794653317
367.727390462627
367.776801680827
367.826180187746
367.875525983355
367.92483906763
367.974119440543
368.023367102067
368.072582052176
368.121764290842
368.170913818039
368.220030633739
368.269114737915
368.318166130539
368.367184811582
368.416170781018
368.465124038819
368.514044584955
368.562932419399
368.611787542122
368.660609953096
368.709399652292
368.75815663968
368.806880915233
368.85557247892
368.904231330712
368.95285747058
369.001450898494
369.050011614424
369.098539618341
369.147034910214
369.195497490013
369.243927357708
369.292324513269
369.340688956664
369.389020687863
369.437319706835
369.485586013548
369.533819607973
369.582020490077
369.630188659829
369.678324117197
369.72642686215
369.774496894656
369.822534214682
369.870538822197
369.918510717167
369.966449899562
370.014356369347
370.062230126491
370.110071170961
370.157879502723
370.205655121744
370.253398027991
370.301108221431
370.34878570203
370.396430469755
370.444042524571
370.491621866445
370.539168495342
370.586682411229
370.63416361407
370.681612103832
370.729027880479
370.776410943978
370.823761294292
370.871078931388
370.918363855229
370.96561606578
371.012835563007
371.060022346873
371.107176417343
371.15429777438
371.201386417949
371.248442348014
371.295465564539
371.342456067486
371.38941385682
371.436338932503
371.4832312945
371.530090942772
371.576917877284
371.623712097998
371.670473604875
371.71720239788
371.763898476975
371.810561842121
371.857192493281
371.903790430417
371.95035565349
371.996888162463
372.043387957297
372.089855037954
372.136289404395
372.182691056581
372.229059994473
372.275396218033
372.32169972722
372.367970521997
372.414208602322
372.460413968158
372.506586619464
372.5527265562
372.598833778327
372.644908285804
372.690950078591
372.736959156649
372.782935519935
372.828879168411
372.874790102034
372.920668320765
372.966513824563
373.012326613385
373.058106687192
373.103854045942
373.149568689593
373.195250618104
373.240899831432
373.286516329537
373.332100112376
373.377651179908
373.423169532089
373.468655168877
373.514108090231
373.559528296108
373.604915786464
373.650270561258
373.695592620445
373.740881963983
373.78613859183
373.83136250394
373.876553700272
373.921712180781
373.966837945424
374.011930994156
374.056991326935
374.102018943715
374.147013844454
374.191976029105
374.236905497626
374.281802249971
374.326666286096
374.371497605956
374.416296209506
374.461062096701
374.505795267496
374.550495721845
374.595163459704
374.639798481027
374.684400785767
374.72897037388
374.773507245319
374.818011400039
374.862482837993
374.906921559135
374.951327563419
374.995700850798
375.040041421226
375.084349274656
375.128624411041
375.172866830335
375.217076532489
375.261253517458
375.305397785193
375.349509335648
375.393588168775
375.437634284526
375.481647682853
375.525628363709
375.569576327045
375.613491572814
375.657374100967
375.701223911456
375.745041004233
375.788825379248
375.832577036454
375.876295975801
375.91998219724
375.963635700724
376.007256486201
376.050844553624
376.094399902942
376.137922534107
376.181412447068
376.224869641777
376.268294118182
376.311685876235
376.355044915885
376.398371237083
376.441664839777
376.484925723917
376.528153889453
376.571349336335
376.614512064511
376.657642073932
376.700739364545
376.7438039363
376.786835789145
376.82983492303
376.872801337903
376.915735033713
376.958636010408
377.001504267936
377.044339806245
377.087142625284
377.129912725
377.172650105342
377.215354766257
377.258026707692
377.300665929596
377.343272431916
377.385846214599
377.428387277592
377.470895620842
377.513371244296
377.555814147902
377.598224331606
377.640601795355
377.682946539095
377.725258562772
377.767537866334
377.809784449726
377.851998312895
377.894179455786
377.936327878345
377.978443580519
378.020526562253
378.062576823493
378.104594364183
378.14657918427
378.188531283699
378.230450662416
378.272337320364
378.314191257489
378.356012473737
378.397800969051
378.439556743377
378.481279796659
378.522970128842
378.564627739869
378.606252629686
378.647844798236
378.689404245464
378.730930971313
378.772424975727
378.813886258651
378.855314820027
378.896710659799
378.938073777912
378.979404174307
379.020701848929
379.06196680172
379.103199032624
379.144398541584
379.185565328542
379.226699393441
379.267800736224
379.308869356834
379.349905255212
379.390908431302
379.431878885045
379.472816616384
379.51372162526
379.554593911617
379.595433475395
379.636240316536
379.677014434982
379.717755830676
379.758464503557
379.799140453568
379.839783680649
379.880394184743
379.92097196579
379.96151702373
380.002029358506
380.042508970058
380.082955858327
380.123370023252
380.163751464776
380.204100182837
380.244416177377
380.284699448336
380.324949995654
380.36516781927
380.405352919126
380.44550529516
380.485624947313
380.525711875524
380.565766079733
380.605787559879
380.645776315902
380.685732347741
380.725655655335
380.765546238624
380.805404097546
380.84522923204
380.885021642046
380.924781327501
380.964508288345
381.004202524517
381.043864035954
381.083492822595
381.123088884379
381.162652221243
381.202182833126
381.241680719965
381.2811458817
381.320578318267
381.359978029604
381.39934501565
381.438679276341
381.477980811615
381.517249621409
381.556485705662
381.595689064309
381.634859697289
381.673997604538
381.713102785993
381.752175241592
381.79121497127
381.830221974965
381.869196252613
381.908137804151
381.947046629516
381.985922728643
382.024766101469
382.06357674793
382.102354667962
382.141099861502
382.179812328484
382.218492068846
382.257139082523
382.29575336945
382.334334929563
382.372883762797
382.411399869089
382.449883248373
382.488333900585
382.526751825659
382.565137023532
382.603489494137
382.64180923741
382.680096253286
382.718350541699
382.756572102585
382.794760935877
382.832917041511
382.87104041942
382.909131069539
382.947188991803
382.985214186145
383.023206652499
383.061166390801
383.099093400983
383.13698768298
383.174849236724
383.212678062151
383.250474159194
383.288237527785
383.32596816786
383.36366607935
383.40133126219
383.438963716312
383.47656344165
383.514130438137
383.551664705706
383.58916624429
383.626635053821
383.664071134232
383.701474485457
383.738845107427
383.776183000075
383.813488163335
383.850760597137
383.888000301414
383.925207276099
383.962381521124
383.999523036421
384.036631821921
384.073707877557
384.110751203261
384.147761798964
384.184739664598
384.221684800095
384.258597205386
384.295476880403
384.332323825077
384.369138039339
384.405919523122
384.442668276355
384.47938429897
384.516067590898
384.55271815207
384.589335982417
384.625921081869
384.662473450359
384.698993087815
384.735479994169
384.771934169351
384.808355613292
384.844744325922
384.881100307172
384.917423556971
384.95371407525
384.989971861939
385.026196916968
385.062389240267
385.098548831765
385.134675691394
385.170769819082
385.206831214758
385.242859878354
385.278855809798
385.314819009019
385.350749475948
385.386647210513
385.422512212644
385.45834448227
385.49414401932
385.529910823723
385.565644895409
385.601346234305
385.637014840342
385.672650713447
385.708253853549
385.743824260578
385.779361934462
385.814866875129
385.850339082507
385.885778556526
385.921185297114
385.956559304198
385.991900577707
386.027209117569
386.062484923712
386.097727996065
386.132938334555
386.16811593911
386.203260809658
386.238372946126
386.273452348443
386.308499016535
386.343512950332
386.378494149759
386.413442614745
386.448358345216
386.483241341101
386.518091602326
386.552909128819
386.587693920507
386.622445977316
386.657165299174
386.691851886008
386.726505737745
386.761126854311
386.795715235634
386.830270881639
386.864793792254
386.899283967405
386.933741407019
386.968166111022
387.002558079341
387.036917311902
387.07124380863
387.105537569454
387.139798594298
387.174026883088
387.208222435752
387.242385252214
387.276515332401
387.310612676239
387.344677283653
387.378709154569
387.412708288913
387.446674686611
387.480608347588
387.51450927177
387.548377459082
387.582212909449
387.616015622798
387.649785599052
387.683522838139
387.717227339982
387.750899104507
387.784538131639
387.818144421303
387.851717973424
387.885258787927
387.918766864737
387.952242203779
387.985684804977
388.019094668257
388.052471793542
388.085816180758
388.119127829829
388.152406740679
388.185652913233
388.218866347416
388.252047043151
388.285195000364
388.318310218978
388.351392698917
388.384442440106
388.417459442468
388.450443705929
388.483395230411
388.516314015839
388.549200062136
388.582053369227
388.614873937035
388.647661765484
388.680416854498
388.713139204
388.745828813914
388.778485684164
388.811109814672
388.843701205363
388.87625985616
388.908785766986
388.941278937764
388.973739368418
389.006167058871
389.038562009046
389.070924218866
389.103253688255
389.135550417135
389.167814405429
389.20004565306
389.232244159952
389.264409926026
389.296542951206
389.328643235415
389.360710778575
389.392745580609
389.424747641439
389.456716960988
389.488653539179
389.520557375934
389.552428471175
389.584266824825
389.616072436807
389.647845307042
389.679585435452
389.711292821961
389.74296746649
389.774609368961
389.806218529297
389.837794947419
389.869338623249
389.90084955671
389.932327747724
389.963773196211
389.995185902095
390.026565865297
390.057913085738
390.089227563341
390.120509298026
390.151758289717
390.182974538333
390.214158043798
390.245308806032
390.276426824956
390.307512100493
390.338564632564
390.36958442109
390.400571465992
390.431525767192
390.462447324611
390.493336138169
390.52419220779
390.555015533392
390.585806114899
390.61656395223
390.647289045306
390.677981394049
390.70864099838
390.739267858219
390.769861973488
390.800423344106
390.830951969996
390.861447851078
390.891910987272
390.9223413785
390.952739024681
390.983103925737
391.013436081588
391.043735492155
391.074002157358
391.104236077118
391.134437251354
391.164605679989
391.194741362942
391.224844300133
391.254914491482
391.284951936911
391.314956636339
391.344928589687
391.374867796874
391.404774257821
391.434647972449
391.464488940676
391.494297162424
391.524072637611
391.55381536616
391.583525347988
391.613202583017
391.642847071166
391.672458812354
391.702037806503
391.731584053532
391.76109755336
391.790578305907
391.820026311093
391.849441568838
391.878824079062
391.908173841684
391.937490856623
391.9667751238
391.996026643134
392.025245414544
392.05443143795
392.083584713272
392.112705240429
392.14179301934
392.170848049925
392.199870332103
392.228859865794
392.257816650917
392.286740687391
392.315631975136
392.34449051407
392.373316304114
392.402109345185
392.430869637204
392.45959718009
392.488291973761
392.516954018137
392.545583313138
392.574179858681
392.602743654686
392.631274701072
392.659772997759
392.688238544664
392.716671341707
392.745071388808
392.773438685884
392.801773232855
392.830075029639
392.858344076156
392.886580372324
392.914783918062
392.942954713289
392.971092757924
392.999198051884
393.02727059509
393.05531038746
393.083317428912
393.111291719365
393.139233258738
393.167142046949
393.195018083917
393.222861369561
393.250671903799
393.278449686549
393.306194717731
393.333906997262
393.361586525061
393.389233301047
393.416847325139
393.444428597253
393.47197711731
393.499492885227
393.526975900922
393.554426164315
393.581843675324
393.609228433866
393.63658043986
393.663899693225
393.691186193878
393.718439941739
393.745660936725
393.772849178754
393.800004667745
393.827127403616
393.854217386285
393.881274615671
393.908299091692
393.935290814265
393.962249783309
393.989175998742
394.016069460482
394.042930168448
394.069758122556
394.096553322727
394.123315768877
394.150045460925
394.176742398788
394.203406582385
394.230038011634
394.256636686452
394.283202606759
394.309735772471
394.336236183507
394.362703839785
394.389138741222
394.415540887738
394.441910279249
394.468246915673
394.494550796929
394.520821922935
394.547060293608
394.573265908866
394.599438768627
394.62557887281
394.651686221331
394.67776081411
394.703802651063
394.729811732108
394.755788057165
394.781731626149
394.80764243898
394.833520495574
394.85936579585
394.885178339726
394.91095812712
394.936705157948
394.96241943213
394.988100949583
395.013749710224
395.039365713972
395.064948960744
395.090499450458
395.116017183032
395.141502158384
395.166954376431
395.192373837091
395.217760540282
395.243114485922
395.268435673928
395.293724104218
395.318979776711
395.344202691323
395.369392847973
395.394550246578
395.419674887056
395.444766769324
395.469825893302
395.494852258905
395.519845866053
395.544806714662
395.569734804651
395.594630135937
395.619492708438
395.644322522072
395.669119576756
395.693883872408
395.718615408947
395.743314186289
395.767980204353
395.792613463057
395.817213962317
395.841781702052
395.86631668218
395.890818902617
395.915288363284
395.939725064096
395.964129004971
395.988500185828
396.012838606585
396.037144267158
396.061417167466
396.085657307427
396.109864686958
396.134039305978
396.158181164403
396.182290262152
396.206366599143
396.230410175294
396.254420990522
396.278399044745
396.302344337881
396.326256869848
396.350136640564
396.373983649946
396.397797897913
396.421579384382
396.445328109271
396.469044072499
396.492727273982
396.51637771364
396.53999539139
396.563580307149
396.587132460836
396.610651852369
396.634138481666
396.657592348644
396.681013453222
396.704401795317
396.727757374848
396.751080191733
396.774370245889
396.797627537235
396.820852065689
396.844043831169
396.867202833592
396.890329072877
396.913422548943
396.936483261706
396.959511211086
396.982506397
397.005468819367
397.028398478104
397.05129537313
397.074159504363
397.096990871721
397.119789475123
397.142555314486
397.165288389729
397.18798870077
397.210656247528
397.23329102992
397.255893047865
397.278462301281
397.300998790087
397.323502514201
397.345973473541
397.368411668026
397.390817097574
397.413189762103
397.435529661532
397.45783679578
397.480111164764
397.502352768404
397.524561606617
397.546737679323
397.568880986439
397.590991527885
397.613069303579
397.635114313439
397.657126557385
397.679106035334
397.701052747205
397.722966692918
397.74484787239
397.766696285541
397.788511932289
397.810294812553
397.832044926252
397.853762273304
397.875446853629
397.897098667145
397.91871771377
397.940303993425
397.961857506027
397.983378251497
398.004866229751
398.026321440711
398.047743884294
398.06913356042
398.090490469007
398.111814609975
398.133105983243
398.15436458873
398.175590426355
398.196783496037
398.217943797696
398.23907133125
398.260166096619
398.281228093722
398.302257322479
398.323253782809
398.34421747463
398.365148397863
398.386046552427
398.406911938241
398.427744555225
398.448544403298
398.46931148238
398.490045792389
398.510747333247
398.531416104872
398.552052107184
398.572655340103
398.593225803548
398.613763497439
398.634268421695
398.654740576237
398.675179960985
398.695586575858
398.715960420775
398.736301495658
398.756609800425
398.776885334997
398.797128099293
398.817338093235
398.837515316741
398.857659769731
398.877771452127
398.897850363848
398.917896504814
398.937909874945
398.957890474163
398.977838302386
398.997753359535
399.017635645531
399.037485160293
399.057301903743
399.077085875801
399.096837076387
399.116555505422
399.136241162826
399.15589404852
399.175514162425
399.19510150446
399.214656074548
399.234177872608
399.253666898561
399.273123152328
399.29254663383
399.311937342988
399.331295279723
399.350620443955
399.369912835606
399.389172454597
399.408399300848
399.427593374281
399.446754674817
399.465883202377
399.484978956883
399.504041938255
399.523072146415
399.542069581284
399.561034242783
399.579966130835
399.59886524536
399.61773158628
399.636565153516
399.65536594699
399.674133966624
399.69286921234
399.711571684058
399.730241381701
399.74887830519
399.767482454448
399.786053829396
399.804592429957
399.823098256051
399.841571307601
399.86001158453
399.878419086759
399.89679381421
399.915135766806
399.933444944468
399.95172134712
399.969964974682
399.988175827079
400.006353904231
400.024499206063
400.042611732495
400.060691483451
400.078738458853
400.096752658623
400.114734082686
400.132682730962
400.150598603375
400.168481699849
400.186332020305
400.204149564666
400.221934332856
400.239686324798
400.257405540414
400.275091979628
400.292745642363
400.310366528542
400.327954638089
400.345509970926
400.363032526977
400.380522306166
400.397979308416
400.41540353365
400.432794981792
400.450153652766
400.467479546495
400.484772662903
400.502033001915
400.519260563452
400.536455347441
400.553617353803
400.570746582464
400.587843033348
400.604906706378
400.621937601479
400.638935718575
400.65590105759
400.672833618448
400.689733401074
400.706600405393
400.723434631328
400.740236078804
400.757004747747
400.773740638079
400.790443749727
400.807114082615
400.823751636667
400.84035641181
400.856928407966
400.873467625062
400.889974063023
400.906447721773
400.922888601238
400.939296701343
400.955672022013
400.972014563174
400.988324324751
401.004601306669
401.020845508854
401.037056931231
401.053235573727
401.069381436266
401.085494518775
401.101574821179
401.117622343405
401.133637085377
401.149619047023
401.165568228268
401.181484629038
401.19736824926
401.213219088859
401.229037147762
401.244822425896
401.260574923186
401.276294639559
401.291981574943
401.307635729263
401.323257102446
401.338845694418
401.354401505108
401.369924534441
401.385414782344
401.400872248745
401.41629693357
401.431688836747
401.447047958203
401.462374297865
401.47766785566
401.492928631517
401.508156625361
401.523351837122
401.538514266725
401.5536439141
401.568740779174
401.583804861875
401.59883616213
401.613834679867
401.628800415015
401.643733367501
401.658633537255
401.673500924202
401.688335528274
401.703137349396
401.717906387499
401.73264264251
401.747346114358
401.762016802972
401.77665470828
401.791259830211
401.805832168695
401.820371723659
401.834878495033
401.849352482746
401.863793686727
401.878202106905
401.89257774321
401.906920595571
401.921230663918
401.935507948179
401.949752448285
401.963964164165
401.978143095749
401.992289242966
402.006402605747
402.020483184022
402.03453097772
402.048545986772
402.062528211107
402.076477650657
402.090394305351
402.10427817512
402.118129259894
402.131947559604
402.145733074181
402.159485803555
402.173205747657
402.186892906418
402.200547279768
402.21416886764
402.227757669963
402.24131368667
402.254836917691
402.268327362959
402.281785022403
402.295209895956
402.30860198355
402.321961285115
402.335287800585
402.34858152989
402.361842472962
402.375070629734
402.388266000138
402.401428584105
402.414558381569
402.427655392461
402.440719616713
402.453751054259
402.466749705031
402.479715568961
402.492648645982
402.505548936028
402.51841643903
402.531251154923
402.544053083638
402.55682222511
402.569558579271
402.582262146055
402.594932925396
402.607570917226
402.620176121479
402.632748538089
402.64528816699
402.657795008116
402.670269061401
402.682710326778
402.695118804182
402.707494493547
402.719837394807
402.732147507896
402.74442483275
402.756669369303
402.768881117489
402.781060077243
402.793206248499
402.805319631194
402.817400225262
402.829448030637
402.841463047256
402.853445275053
402.865394713964
402.877311363924
402.889195224869
402.901046296735
402.912864579457
402.924650072971
402.936402777213
402.948122692119
402.959809817625
402.971464153667
402.983085700183
402.994674457107
403.006230424377
403.017753601929
403.0292439897
403.040701587627
403.052126395646
403.063518413694
403.074877641709
403.086204079628
403.097497727388
403.108758584926
403.11998665218
403.131181929087
403.142344415586
403.153474111613
403.164571017106
403.175635132005
403.186666456245
403.197664989767
403.208630732507
403.219563684405
403.230463845398
403.241331215426
403.252165794426
403.262967582338
403.273736579101
403.284472784653
403.295176198934
403.305846821882
403.316484653437
403.327089693538
403.337661942125
403.348201399137
403.358708064514
403.369181938196
403.379623020122
403.390031310233
403.400406808468
403.410749514767
403.421059429072
403.431336551322
403.441580881458
403.45179241942
403.46197116515
403.472117118587
403.482230279673
403.492310648349
403.502358224556
403.512373008235
403.522354999328
403.532304197775
403.542220603519
403.552104216502
403.561955036664
403.571773063948
403.581558298296
403.591310739649
403.601030387951
403.610717243143
403.620371305168
403.629992573968
403.639581049487
403.649136731666
403.658659620448
403.668149715777
403.677607017596
403.687031525847
403.696423240475
403.705782161422
403.715108288632
403.724401622049
403.733662161616
403.742889907277
403.752084858977
403.76124701666
403.770376380268
403.779472949748
403.788536725043
403.797567706098
403.806565892857
403.815531285266
403.824463883269
403.833363686812
403.842230695838
403.851064910294
403.859866330126
403.868634955277
403.877370785695
403.886073821324
403.894744062111
403.903381508001
403.911986158941
403.920558014877
403.929097075755
403.937603341521
403.946076812122
403.954517487505
403.962925367616
403.971300452403
403.979642741812
403.98795223579
403.996228934285
404.004472837244
404.012683944615
404.020862256345
404.029007772382
404.037120492674
404.045200417169
404.053247545815
404.06126187856
404.069243415352
404.07719215614
404.085108100873
404.092991249499
404.100841601968
404.108659158227
404.116443918227
404.124195881917
404.131915049245
404.139601420161
404.147254994616
404.154875772558
404.162463753938
404.170018938705
404.177541326809
404.185030918202
404.192487712832
404.199911710652
404.20730291161
404.214661315659
404.221986922749
404.22927973283
404.236539745855
404.243766961774
404.250961380538
404.2581230021
404.265251826411
404.272347853423
404.279411083087
404.286441515356
404.293439150181
404.300403987516
404.307336027312
404.314235269523
404.3211017141
404.327935360997
404.334736210167
404.341504261562
404.348239515136
404.354941970843
404.361611628636
404.368248488468
404.374852550294
404.381423814067
404.387962279741
404.39446794727
404.400940816609
404.407380887713
404.413788160535
404.420162635031
404.426504311155
404.432813188863
404.439089268109
404.445332548849
404.451543031038
404.457720714632
404.463865599587
404.469977685857
404.4760569734
404.482103462172
404.488117152128
404.494098043225
404.50004613542
404.505961428669
404.511843922929
404.517693618157
404.52351051431
404.529294611345
404.53504590922
404.540764407892
404.546450107319
404.552103007459
404.55772310827
404.563310409709
404.568864911735
404.574386614306
404.579875517382
404.58533162092
404.590754924879
404.596145429218
404.601503133897
404.606828038875
404.612120144111
404.617379449564
404.622605955194
404.627799660962
404.632960566827
404.638088672749
404.643183978688
404.648246484606
404.653276190462
404.658273096217
404.663237201832
404.668168507269
404.673067012488
404.67793271745
404.682765622117
404.687565726452
404.692333030414
404.697067533967
404.701769237073
404.706438139693
404.711074241791
404.715677543328
404.720248044267
404.724785744571
404.729290644204
404.733762743128
404.738202041306
404.742608538702
404.74698223528
404.751323131003
404.755631225836
404.759906519742
404.764149012685
404.768358704631
404.772535595542
404.776679685385
404.780790974124
404.784869461724
404.78891514815
404.792928033368
404.796908117343
404.80085540004
404.804769881425
404.808651561465
404.812500440125
404.816316517372
404.820099793173
404.823850267492
404.827567940299
404.831252811558
404.834904881238
404.838524149306
404.842110615729
404.845664280474
404.84918514351
404.852673204804
404.856128464324
404.859550922038
404.862940577915
404.866297431924
404.869621484033
404.87291273421
404.876171182425
404.879396828648
404.882589672846
404.885749714991
404.888876955051
404.891971392997
404.895033028798
404.898061862425
404.901057893847
404.904021123036
404.906951549963
404.909849174597
404.91271399691
404.915546016873
404.918345234458
404.921111649636
404.923845262379
404.926546072658
404.929214080446
404.931849285714
404.934451688436
404.937021288584
404.939558086129
404.942062081047
404.944533273308
404.946971662887
404.949377249757
404.951750033891
404.954090015264
404.956397193848
404.958671569619
404.960913142551
404.963121912617
404.965297879793
404.967441044053
404.969551405372
404.971628963726
404.97367371909
404.975685671438
404.977664820747
404.979611166993
404.981524710152
404.9834054502
404.985253387112
404.987068520867
404.98885085144
404.990600378808
404.992317102948
404.994001023839
404.995652141456
404.997270455778
404.998855966783
405.000408674448
405.001928578752
405.003415679673
405.004869977189
405.00629147128
405.007680161923
405.009036049099
405.010359132786
405.011649412964
405.012906889612
405.01413156271
405.015323432239
405.016482498177
405.017608760507
405.018702219207
405.01976287426
405.020790725645
405.021785773344
405.022748017339
405.023677457609
405.024574094138
405.025437926907
405.026268955899
405.027067181094
405.027832602476
405.028565220027
405.02926503373
405.029932043568
405.030566249524
405.031167651582
405.031736249724
405.032272043935
405.032775034199
405.033245220499
405.03368260282
405.034087181146
405.034458955462
405.034797925753
405.035104092005
405.035377454201
405.035618012328
405.035825766371
405.036000716316
405.036142862149
405.036252203856
405.036328741424
405.036372474839
405.036383404088
405.036361529158
405.036306850036
405.03621936671
405.036099079167
405.035945987395
405.035760091382
405.035541391115
405.035289886584
405.035005577777
405.034688464683
405.03433854729
405.033955825588
405.033540299566
405.033091969214
405.032610834521
405.032096895478
405.031550152074
405.0309706043
405.030358252146
405.029713095604
405.029035134663
405.028324369316
405.027580799554
405.026804425368
405.02599524675
405.025153263692
405.024278476186
405.023370884224
405.0224304878
405.021457286905
405.020451281533
405.019412471677
405.018340857331
405.017236438488
405.016099215142
405.014929187286
405.013726354916
405.012490718025
405.011222276608
405.009921030661
405.008586980177
405.007220125153
405.005820465584
405.004388001466
405.002922732793
405.001424659564
404.999893781773
404.998330099417
404.996733612494
404.995104321
404.993442224932
404.991747324287
404.990019619064
404.98825910926
404.986465794872
404.9846396759
404.982780752342
404.980889024196
404.978964491461
404.977007154136
404.975017012221
404.972994065715
404.970938314617
404.968849758929
404.966728398649
404.964574233778
404.962387264318
404.960167490268
404.957914911629
404.955629528404
404.953311340593
404.950960348198
404.948576551221
404.946159949664
404.94371054353
404.941228332821
404.938713317539
404.936165497688
404.933584873272
404.930971444292
404.928325210754
404.925646172661
404.922934330017
404.920189682826
404.917412231094
404.914601974824
404.911758914022
404.908883048693
404.905974378843
404.903032904477
404.9000586256
404.897051542221
404.894011654343
404.890938961975
404.887833465123
404.884695163794
404.881524057995
404.878320147733
404.875083433018
404.871813913855
404.868511590255
404.865176462224
404.861808529772
404.858407792907
404.854974251639
404.851507905977
404.848008755931
404.84447680151
404.840912042724
404.837314479583
404.833684112099
404.830020940281
404.826324964142
404.822596183691
404.81883459894
404.815040209901
404.811213016586
404.807353019007
404.803460217177
404.799534611107
404.795576200811
404.791584986302
404.787560967593
404.783504144697
404.779414517629
404.775292086403
404.771136851032
404.766948811531
404.762727967915
404.758474320199
404.754187868398
404.749868612528
404.745516552603
404.741131688641
404.736714020657
404.732263548668
404.727780272691
404.723264192741
404.718715308837
404.714133620995
404.709519129234
404.704871833571
404.700191734025
404.695478830613
404.690733123355
404.685954612268
404.681143297373
404.676299178688
404.671422256234
404.666512530029
404.661570000095
404.656594666451
404.651586529117
404.646545588116
404.641471843467
404.636365295192
404.631225943313
404.626053787851
404.620848828829
404.615611066268
404.610340500192
404.605037130624
404.599700957585
404.5943319811
404.588930201192
404.583495617885
404.578028231203
404.57252804117
404.566995047811
404.561429251151
404.555830651215
404.550199248028
404.544535041615
404.538838032003
404.533108219218
404.527345603286
404.521550184233
404.515721962087
404.509860936875
404.503967108623
404.49804047736
404.492081043114
404.486088805913
404.480063765785
404.474005922758
404.467915276862
404.461791828127
404.45563557658
404.449446522253
404.443224665175
404.436970005376
404.430682542887
404.424362277739
404.418009209962
404.411623339589
404.40520466665
404.398753191177
404.392268913202
404.385751832759
404.379201949878
404.372619264594
404.36600377694
404.359355486948
404.352674394652
404.345960500087
404.339213803287
404.332434304286
404.325622003119
404.31877689982
404.311898994426
404.304988286971
404.298044777492
404.291068466025
404.284059352606
404.277017437271
404.269942720058
404.262835201003
404.255694880145
404.24852175752
404.241315833168
404.234077107125
404.226805579431
404.219501250125
404.212164119246
404.204794186832
404.197391452924
404.189955917561
404.182487580784
404.174986442634
404.16745250315
404.159885762374
404.152286220348
404.144653877112
404.136988732709
404.12929078718
404.121560040569
404.113796492918
404.10600014427
404.098170994667
404.090309044155
404.082414292776
404.074486740574
404.066526387595
404.058533233882
404.05050727948
404.042448524435
404.034356968793
404.026232612599
404.018075455898
404.009885498739
404.001662741166
403.993407183228
403.98511882497
403.976797666442
403.96844370769
403.960056948763
403.951637389709
403.943185030576
403.934699871414
403.926181912272
403.9176311532
403.909047594246
403.900431235462
403.891782076897
403.883100118603
403.87438536063
403.86563780303
403.856857445854
403.848044289153
403.839198332981
403.830319577389
403.821408022431
403.812463668159
403.803486514626
403.794476561887
403.785433809994
403.776358259003
403.767249908968
403.758108759943
403.748934811984
403.739728065146
403.730488519485
403.721216175056
403.711911031916
403.702573090122
403.693202349731
403.683798810799
403.674362473384
403.664893337544
403.655391403336
403.645856670821
403.636289140055
403.626688811098
403.617055684009
403.607389758849
403.597691035676
403.587959514551
403.578195195534
403.568398078687
403.55856816407
403.548705451745
403.538809941774
403.528881634218
403.518920529139
403.508926626602
403.498899926668
403.4888404294
403.478748134863
403.46862304312
403.458465154236
403.448274468274
403.4380509853
403.427794705378
403.417505628575
403.407183754956
403.396829084587
403.386441617534
403.376021353864
403.365568293645
403.355082436942
403.344563783825
403.33401233436
403.323428088617
403.312811046663
403.302161208568
403.291478574401
403.280763144231
403.270014918128
403.259233896162
403.248420078404
403.237573464925
403.226694055795
403.215781851086
403.20483685087
403.193859055219
403.182848464205
403.171805077901
403.16072889638
403.149619919715
403.13847814798
403.127303581249
403.116096219596
403.104856063096
403.093583111824
403.082277365856
403.070938825266
403.05956749013
403.048163360526
403.036726436529
403.025256718217
403.013754205666
403.002218898955
402.990650798161
402.979049903362
402.967416214638
402.955749732066
402.944050455726
402.932318385698
402.920553522062
402.908755864897
402.896925414284
402.885062170305
402.87316613304
402.86123730257
402.849275678979
402.837281262347
402.825254052758
402.813194050295
402.80110125504
402.788975667077
402.77681728649
402.764626113363
402.752402147782
402.740145389829
402.727855839592
402.715533497156
402.703178362605
402.690790436028
402.678369717509
402.665916207137
402.653429904998
402.640910811181
402.628358925772
402.615774248861
402.603156780535
402.590506520885
402.577823469999
402.565107627967
402.552358994878
402.539577570824
402.526763355895
402.513916350182
402.501036553777
402.488123966771
402.475178589256
402.462200421325
402.44918946307
402.436145714585
402.423069175963
402.409959847298
402.396817728684
402.383642820216
402.370435121988
402.357194634097
402.343921356636
402.330615289703
402.317276433394
402.303904787805
402.290500353033
402.277063129176
402.263593116332
402.250090314597
402.236554724072
402.222986344854
402.209385177043
402.195751220738
402.182084476039
402.168384943047
402.154652621861
402.140887512584
402.127089615315
402.113258930157
402.099395457212
402.085499196582
402.07157014837
402.057608312678
402.043613689611
402.029586279273
402.015526081766
402.001433097197
401.987307325669
401.973148767288
401.958957422161
401.944733290392
401.930476372088
401.916186667355
401.901864176302
401.887508899035
401.873120835663
401.858699986293
401.844246351034
401.829759929995
401.815240723285
401.800688731014
401.786103953293
401.771486390231
401.756836041939
401.742152908528
401.727436990111
401.712688286798
401.697906798703
401.683092525938
401.668245468616
401.65336562685
401.638453000754
401.623507590442
401.60852939603
401.593518417631
401.578474655362
401.563398109337
401.548288779673
401.533146666487
401.517971769895
401.502764090014
401.487523626962
401.472250380857
401.456944351817
401.441605539962
401.426233945409
401.410829568279
401.395392408692
401.379922466768
401.364419742627
401.34888423639
401.33331594818
401.317714878117
401.302081026324
401.286414392924
401.270714978039
401.254982781793
401.23921780431
401.223420045713
401.207589506128
401.191726185679
401.175830084492
401.159901202692
401.143939540405
401.127945097758
401.111917874878
401.095857871893
401.079765088928
401.063639526114
401.047481183578
401.031290061449
401.015066159856
400.99880947893
400.982520018799
400.966197779595
400.949842761449
400.933454964491
400.917034388854
400.900581034669
400.884094902069
400.867575991186
400.851024302154
400.834439835107
400.817822590179
400.801172567504
400.784489767216
400.767774189452
400.751025834347
400.734244702037
400.717430792658
400.700584106348
400.683704643244
400.666792403483
400.649847387203
400.632869594544
400.615859025643
400.598815680641
400.581739559677
400.564630662891
400.547488990424
400.530314542417
400.513107319011
400.495867320349
400.478594546571
400.461288997821
400.443950674243
400.426579575979
400.409175703173
400.391739055969
400.374269634514
400.35676743895
400.339232469425
400.321664726084
400.304064209073
400.28643091854
400.26876485463
400.251066017494
400.233334407277
400.215570024129
400.197772868199
400.179942939635
400.162080238589
400.144184765209
400.126256519647
400.108295502053
400.09030171258
400.072275151378
400.054215818601
400.036123714401
400.017998838931
399.999841192345
399.981650774796
399.96342758644
399.945171627431
399.926882897925
399.908561398076
399.890207128043
399.87182008798
399.853400278045
399.834947698396
399.816462349191
399.797944230587
399.779393342744
399.760809685821
399.742193259977
399.723544065373
399.704862102169
399.686147370526
399.667399870606
399.64861960257
399.629806566581
399.610960762801
399.592082191394
399.573170852523
399.554226746352
399.535249873046
399.51624023277
399.497197825688
399.478122651968
399.459014711774
399.439874005275
399.420700532637
399.401494294027
399.382255289614
399.362983519566
399.343678984052
399.324341683242
399.304971617305
399.285568786412
399.266133190734
399.246664830441
399.227163705706
399.2076298167
399.188063163596
399.168463746567
399.148831565786
399.129166621428
399.109468913667
399.089738442677
399.069975208635
399.050179211715
399.030350452093
399.010488929948
398.990594645455
398.970667598792
398.950707790138
398.930715219671
398.910689887569
398.890631794013
398.870540939181
398.850417323255
398.830260946416
398.810071808844
398.789849910721
398.76959525223
398.749307833553
398.728987654874
398.708634716375
398.688249018242
398.667830560658
398.647379343809
398.62689536788
398.606378633057
398.585829139527
398.565246887476
398.544631877092
398.523984108562
398.503303582076
398.482590297821
398.461844255987
398.441065456765
398.420253900343
398.399409586913
398.378532516666
398.357622689793
398.336680106487
398.315704766941
398.294696671347
398.273655819899
398.252582212791
398.231475850217
398.210336732373
398.189164859455
398.167960231657
398.146722849177
398.125452712211
398.104149820958
398.082814175614
398.061445776379
398.040044623451
398.018610717029
397.997144057314
397.975644644505
397.954112478805
397.932547560413
397.910949889532
397.889319466365
397.867656291113
397.845960363981
397.824231685172
397.80247025489
397.780676073341
397.758849140729
397.736989457261
397.715097023142
397.693171838579
397.67121390378
397.649223218953
397.627199784305
397.605143600046
397.583054666385
397.560932983531
397.538778551696
397.516591371088
397.494371441921
397.472118764406
397.449833338754
397.42751516518
397.405164243896
397.382780575115
397.360364159053
397.337914995924
397.315433085944
397.292918429328
397.270371026292
397.247790877055
397.225177981832
397.202532340842
397.179853954303
397.157142822435
397.134398945456
397.111622323586
397.088812957047
397.065970846059
397.043095990843
397.020188391622
396.997248048618
396.974274962054
396.951269132154
396.928230559141
396.905159243241
396.882055184679
396.858918383679
396.835748840469
396.812546555275
396.789311528325
396.766043759845
396.742743250065
396.719409999213
396.696044007518
396.672645275211
396.649213802521
396.62574958968
396.602252636919
396.57872294447
396.555160512566
396.531565341439
396.507937431323
396.484276782453
396.460583395063
396.436857269387
396.413098405663
396.389306804125
396.365482465011
396.341625388558
396.317735575005
396.293813024588
396.269857737548
396.245869714124
396.221848954555
396.197795459083
396.173709227948
396.149590261392
396.125438559657
396.101254122987
396.077036951623
396.052787045811
396.028504405794
396.004189031817
395.979840924127
395.955460082968
395.931046508587
395.906600201232
395.88212116115
395.857609388589
395.833064883798
395.808487647027
395.783877678525
395.759234978543
395.734559547331
395.709851385142
395.685110492227
395.660336868838
395.63553051523
395.610691431656
395.58581961837
395.560915075627
395.535977803683
395.511007802793
395.486005073215
395.460969615204
395.43590142902
395.41080051492
395.385666873163
395.360500504008
395.335301407716
395.310069584546
395.284805034761
395.259507758621
395.234177756389
395.208815028328
395.183419574701
395.157991395771
395.132530491805
395.107036863066
395.08151050982
395.055951432334
395.030359630874
395.004735105708
394.979077857103
394.953387885329
394.927665190654
394.901909773348
394.876121633682
394.850300771926
394.824447188351
394.79856088323
394.772641856836
394.746690109441
394.720705641319
394.694688452745
394.668638543994
394.642555915341
394.616440567062
394.590292499434
394.564111712734
394.537898207241
394.511651983232
394.485373040988
394.459061380786
394.432717002909
394.406339907636
394.379930095249
394.35348756603
394.327012320262
394.300504358228
394.273963680211
394.247390286497
394.220784177371
394.194145353117
394.167473814023
394.140769560374
394.114032592459
394.087262910566
394.060460514983
394.033625405999
394.006757583904
393.97985704899
393.952923801546
393.925957841865
393.898959170239
393.87192778696
393.844863692323
393.817766886622
393.79063737015
393.763475143204
393.736280206079
393.709052559073
393.681792202482
393.654499136604
393.627173361737
393.599814878181
393.572423686236
393.5449997862
393.517543178377
393.490053863066
393.46253184057
393.434977111192
393.407389675236
393.379769533005
393.352116684804
393.324431130938
393.296712871713
393.268961907436
393.241178238414
393.213361864954
393.185512787366
393.157631005957
393.129716521039
393.10176933292
393.073789441913
393.045776848328
393.017731552478
392.989653554675
392.961542855234
392.933399454468
392.905223352692
392.877014550222
392.848773047373
392.820498844463
392.792191941808
392.763852339726
392.735480038537
392.707075038559
392.678637340112
392.650166943517
392.621663849096
392.593128057169
392.564559568059
392.53595838209
392.507324499586
392.47865792087
392.449958646268
392.421226676106
392.39246201071
392.363664650406
392.334834595524
392.305971846391
392.277076403336
392.248148266689
392.219187436781
392.190193913942
392.161167698503
392.132108790798
392.103017191159
392.073892899921
392.044735917416
392.015546243981
391.98632387995
391.957068825661
391.92778108145
391.898460647655
391.869107524614
391.839721712667
391.810303212152
391.780852023411
391.751368146783
391.721851582612
391.692302331239
391.662720393008
391.633105768261
391.603458457344
391.573778460601
391.544065778379
391.514320411024
391.484542358882
391.454731622302
391.424888201632
391.395012097222
391.36510330942
391.335161838579
391.305187685048
391.27518084918
391.245141331328
391.215069131844
391.184964251083
391.1548266894
391.124656447149
391.094453524687
391.06421792237
391.033949640557
391.003648679605
390.973315039873
390.94294872172
390.912549725507
390.882118051595
390.851653700345
390.82115667212
390.790626967283
390.760064586198
390.729469529228
390.698841796739
390.668181389098
390.63748830667
390.606762549822
390.576004118924
390.545213014343
390.51438923645
390.483532785613
390.452643662204
390.421721866595
390.390767399157
390.359780260264
390.32876045029
390.297707969608
390.266622818594
390.235504997625
390.204354507075
390.173171347323
390.141955518748
390.110707021726
390.079425856638
390.048112023865
390.016765523787
389.985386356785
389.953974523242
389.922530023542
389.891052858068
389.859543027204
389.828000531336
389.79642537085
389.764817546133
389.733177057572
389.701503905556
389.669798090473
389.638059612713
389.606288472667
389.574484670725
389.54264820728
389.510779082725
389.478877297453
389.446942851858
389.414975746334
389.382975981278
389.350943557087
389.318878474156
389.286780732885
389.254650333671
389.222487276914
389.190291563015
389.158063192374
389.125802165393
389.093508482474
389.061182144021
389.028823150437
388.996431502128
388.964007199498
388.931550242953
388.899060632902
388.866538369751
388.833983453909
388.801395885786
388.768775665791
388.736122794335
388.70343727183
388.670719098688
388.637968275322
388.605184802146
388.572368679575
388.539519908024
388.506638487909
388.473724419648
388.440777703658
388.407798340358
388.374786330166
388.341741673504
388.308664370791
388.27555442245
388.242411828903
388.209236590573
388.176028707884
388.142788181262
388.109515011131
388.076209197917
388.042870742049
388.009499643954
387.976095904061
387.942659522799
387.909190500599
387.875688837891
387.842154535108
387.808587592682
387.774988011047
387.741355790638
387.707690931888
387.673993435235
387.640263301114
387.606500529964
387.572705122223
387.538877078329
387.505016398723
387.471123083846
387.437197134138
387.403238550043
387.369247332004
387.335223480463
387.301166995868
387.267077878661
387.232956129292
387.198801748206
387.164614735851
387.130395092677
387.096142819133
387.061857915669
387.027540382738
386.993190220791
386.95880743028
386.924392011661
386.889943965387
386.855463291915
386.820949991699
386.786404065198
386.75182551287
386.717214335172
386.682570532565
386.64789410551
386.613185054467
386.578443379898
386.543669082267
386.508862162038
386.474022619674
386.439150455643
386.404245670408
386.369308264439
386.334338238203
386.299335592169
386.264300326806
386.229232442586
386.194131939979
386.158998819458
386.123833081495
386.088634726566
386.053403755144
386.018140167706
385.982843964727
385.947515146686
385.91215371406
385.876759667329
385.841333006972
385.805873733471
385.770381847307
385.734857348963
385.699300238921
385.663710517667
385.628088185686
385.592433243463
385.556745691486
385.521025530242
385.485272760219
385.449487381908
385.413669395799
385.377818802383
385.341935602152
385.3060197956
385.27007138322
385.234090365506
385.198076742956
385.162030516064
385.125951685329
385.089840251249
385.053696214324
385.017519575053
384.981310333937
384.945068491478
384.908794048179
384.872487004544
384.836147361078
384.799775118285
384.763370276672
384.726932836747
384.690462799017
384.653960163992
384.617424932181
384.580857104096
384.544256680249
384.507623661151
384.470958047317
384.434259839261
384.397529037499
384.360765642546
384.323969654921
384.287141075141
384.250279903725
384.213386141194
384.176459788068
384.139500844869
384.10250931212
384.065485190345
384.028428480067
383.991339181814
383.95421729611
383.917062823484
383.879875764464
383.842656119579
383.805403889359
383.768119074335
383.73080167504
383.693451692006
383.656069125768
383.618653976859
383.581206245817
383.543725933177
383.506213039477
383.468667565256
383.431089511054
383.39347887741
383.355835664867
383.318159873967
383.280451505253
383.242710559269
383.204937036561
383.167130937675
383.129292263158
383.091421013558
383.053517189424
383.015580791307
382.977611819757
382.939610275326
382.901576158567
382.863509470034
382.825410210282
382.787278379867
382.749113979346
382.710917009275
382.672687470215
382.634425362724
382.596130687364
382.557803444695
382.519443635281
382.481051259686
382.442626318473
382.404168812209
382.365678741459
382.327156106793
382.288600908777
382.250013147981
382.211392824977
382.172739940335
382.134054494628
382.095336488429
382.056585922314
382.017802796856
381.978987112634
381.940138870224
381.901258070204
381.862344713155
381.823398799656
381.784420330289
381.745409305637
381.706365726283
381.667289592811
381.628180905807
381.589039665858
381.549865873551
381.510659529474
381.471420634217
381.432149188371
381.392845192527
381.353508647278
381.314139553218
381.27473791094
381.235303721041
381.195836984117
381.156337700767
381.116805871588
381.077241497181
381.037644578146
380.998015115086
380.958353108603
380.918658559301
380.878931467784
380.83917183466
380.799379660535
380.759554946017
380.719697691715
380.679807898239
380.639885566201
380.599930696213
380.559943288888
380.51992334484
380.479870864685
380.439785849039
380.39966829852
380.359518213747
380.319335595338
380.279120443916
380.2388727601
380.198592544515
380.158279797784
380.117934520532
380.077556713385
380.03714637697
379.996703511915
379.95622811885
379.915720198405
379.875179751211
379.834606777901
379.794001279107
379.753363255466
379.712692707611
379.671989636182
379.631254041814
379.590485925147
379.549685286821
379.508852127477
379.467986447758
379.427088248306
379.386157529766
379.345194292784
379.304198538006
379.263170266079
379.222109477654
379.181016173378
379.139890353905
379.098732019885
379.057541171971
379.016317810819
378.975061937083
378.93377355142
378.892452654488
378.851099246946
378.809713329452
378.768294902669
378.726843967259
378.685360523884
378.643844573209
378.6022961159
378.560715152623
378.519101684046
378.477455710838
378.435777233668
378.394066253209
378.352322770131
378.310546785109
378.268738298818
378.226897311932
378.185023825128
378.143117839086
378.101179354483
378.059208372
378.017204892318
377.975168916121
377.933100444091
377.890999476913
377.848866015274
377.806700059861
377.764501611362
377.722270670466
377.680007237865
377.637711314249
377.595382900313
377.553021996749
377.510628604254
377.468202723524
377.425744355256
377.38325350015
377.340730158905
377.298174332223
377.255586020806
377.212965225357
377.170311946582
377.127626185185
377.084907941875
377.042157217359
376.999374012347
376.95655832755
376.913710163679
376.870829521447
376.82791640157
376.784970804761
376.741992731739
376.69898218322
376.655939159923
376.61286366257
376.569755691881
376.526615248579
376.483442333388
376.440236947033
376.39699909024
376.353728763737
376.310425968253
376.267090704517
376.223722973261
376.180322775217
376.136890111119
376.093424981701
376.0499273877
376.006397329853
375.962834808898
375.919239825575
375.875612380626
375.831952474792
375.788260108817
375.744535283446
375.700777999424
375.656988257499
375.61316605842
375.569311402935
375.525424291797
375.481504725757
375.437552705568
375.393568231986
375.349551305766
375.305501927665
375.261420098443
375.217305818858
375.173159089673
375.128979911648
375.084768285549
375.040524212138
374.996247692184
374.951938726452
374.907597315712
374.863223460734
374.818817162288
374.774378421148
374.729907238087
374.68540361388
374.640867549304
374.596299045135
374.551698102154
374.507064721141
374.462398902876
374.417700648142
374.372969957725
374.328206832409
374.28341127298
374.238583280228
374.193722854941
374.14882999791
374.103904709927
374.058946991786
374.01395684428
373.968934268206
373.92387926436
373.878791833543
373.833671976552
373.78851969419
373.74333498726
373.698117856564
373.652868302908
373.607586327099
373.562271929945
373.516925112254
373.471545874837
373.426134218507
373.380690144075
373.335213652358
373.28970474417
373.244163420329
373.198589681654
373.152983528965
373.107344963082
373.061673984829
373.01597059503
372.970234794509
372.924466584094
372.878665964613
372.832832936895
372.786967501772
372.741069660074
372.695139412637
372.649176760295
372.603181703884
372.557154244243
372.511094382209
372.465002118624
372.41887745433
372.372720390169
372.326530926987
372.28030906563
372.234054806945
372.18776815178
372.141449100987
372.095097655416
372.048713815921
372.002297583357
371.955848958578
371.909367942443
371.86285453581
371.81630873954
371.769730554493
371.723119981532
371.676477021523
371.62980167533
371.583093943822
371.536353827866
371.489581328332
371.442776446093
371.395939182021
371.34906953699
371.302167511876
371.255233107557
371.20826632491
371.161267164817
371.114235628159
371.067171715818
371.02007542868
370.97294676763
370.925785733555
370.878592327344
370.831366549888
370.784108402078
370.736817884808
370.689494998972
370.642139745467
370.594752125189
370.547332139038
370.499879787915
370.452395072722
370.404877994362
370.357328553739
370.309746751762
370.262132589337
370.214486067374
370.166807186784
370.119095948479
370.071352353373
370.023576402383
369.975768096424
369.927927436415
369.880054423276
369.832149057928
369.784211341295
369.736241274301
369.688238857872
369.640204092935
369.592136980419
369.544037521255
369.495905716375
369.447741566713
369.399545073203
369.351316236782
369.303055058389
369.254761538962
369.206435679444
369.158077480777
369.109686943905
369.061264069774
369.012808859332
368.964321313528
368.915801433311
368.867249219635
368.818664673452
368.770047795718
368.72139858739
368.672717049425
368.624003182784
368.575256988429
368.526478467321
368.477667620426
368.428824448709
368.379948953139
368.331041134685
368.282100994318
368.233128533009
368.184123751734
368.135086651467
368.086017233186
368.03691549787
367.987781446499
367.938615080055
367.889416399522
367.840185405885
367.790922100131
367.741626483247
367.692298556225
367.642938320056
367.593545775733
367.544120924251
367.494663766606
367.445174303797
367.395652536823
367.346098466686
367.296512094388
367.246893420935
367.197242447332
367.147559174588
367.097843603711
367.048095735714
366.998315571609
366.948503112411
366.898658359135
366.848781312799
366.798871974423
366.748930345029
366.698956425637
366.648950217274
366.598911720965
366.548840937738
366.498737868623
366.44860251465
366.398434876851
366.348234956263
366.29800275392
366.247738270861
366.197441508125
366.147112466753
366.096751147788
366.046357552275
365.995931681259
365.945473535789
365.894983116915
365.844460425688
365.79390546316
365.743318230388
365.692698728426
365.642046958334
365.591362921171
365.540646617998
365.48989804988
365.439117217882
365.388304123069
365.337458766511
365.286581149278
365.235671272442
365.184729137076
365.133754744257
365.082748095061
365.031709190567
364.980638031855
364.92953462001
364.878398956114
364.827231041253
364.776030876516
364.724798462992
364.673533801771
364.622236893948
364.570907740616
364.519546342873
364.468152701817
364.416726818547
364.365268694166
364.313778329777
364.262255726486
364.2107008854
364.159113807627
364.10749449428
364.05584294647
364.004159165312
363.952443151922
363.900694907418
363.84891443292
363.79710172955
363.74525679843
363.693379640686
363.641470257446
363.589528649838
363.537554818992
363.485548766042
363.433510492122
363.381439998368
363.329337285917
363.277202355911
363.225035209489
363.172835847797
363.12060427198
363.068340483183
363.016044482558
362.963716271254
362.911355850425
362.858963221225
362.80653838481
362.754081342339
362.701592094973
362.649070643872
362.596516990202
362.543931135128
362.491313079818
362.438662825441
362.38598037317
362.333265724176
362.280518879636
362.227739840727
362.174928608627
362.122085184518
362.069209569582
362.016301765005
361.963361771973
361.910389591674
361.857385225299
361.80434867404
361.751279939092
361.69817902165
361.645045922913
361.591880644082
361.538683186357
361.485453550943
361.432191739045
361.378897751873
361.325571590634
361.272213256541
361.218822750808
361.165400074649
361.111945229283
361.058458215929
361.004939035808
360.951387690144
360.897804180162
360.84418850709
360.790540672155
360.736860676591
360.68314852163
360.629404208506
360.575627738458
360.521819112725
360.467978332547
360.414105399167
360.360200313831
360.306263077786
360.252293692281
360.198292158567
360.144258477897
360.090192651525
360.03609468071
359.98196456671
359.927802310787
359.873607914203
359.819381378223
359.765122704115
359.710831893148
359.656508946593
359.602153865724
359.547766651815
359.493347306143
359.438895829989
359.384412224634
359.32989649136
359.275348631454
359.220768646203
359.166156536896
359.111512304825
359.056835951285
359.002127477569
358.947386884977
358.892614174808
358.837809348364
358.782972406949
358.728103351869
358.673202184433
358.61826890595
358.563303517733
358.508306021096
358.453276417355
358.39821470783
358.343120893841
358.28799497671
358.232836957763
358.177646838327
358.12242461973
358.067170303304
358.011883890381
357.956565382299
357.901214780393
357.845832086003
357.790417300472
357.734970425144
357.679491461363
357.623980410479
357.568437273842
357.512862052803
357.457254748718
357.401615362944
357.345943896838
357.290240351763
357.234504729081
357.178737030157
357.122937256359
357.067105409057
357.011241489622
356.955345499428
356.899417439852
356.843457312271
356.787465118066
356.73144085862
356.675384535317
356.619296149544
356.563175702691
356.507023196149
356.450838631311
356.394622009573
356.338373332333
356.282092600991
356.225779816949
356.169434981612
356.113058096387
356.056649162682
356.000208181908
355.94373515548
355.887230084812
355.830692971322
355.77412381643
355.717522621559
355.660889388132
355.604224117577
355.547526811323
355.4907974708
355.434036097442
355.377242692684
355.320417257965
355.263559794724
355.206670304404
355.14974878845
355.092795248307
355.035809685426
354.978792101258
354.921742497256
354.864660874876
354.807547235577
354.750401580818
354.693223912062
354.636014230775
354.578772538424
354.521498836478
354.464193126408
354.40685540969
354.349485687799
354.292083962213
354.234650234415
354.177184505887
354.119686778114
354.062157052585
354.00459533079
353.94700161422
353.889375904371
353.83171820274
353.774028510826
353.716306830131
353.658553162158
353.600767508415
353.542949870409
353.485100249651
353.427218647655
353.369305065937
353.311359506014
353.253381969406
353.195372457636
353.137330972229
353.079257514712
353.021152086615
352.963014689469
352.90484532481
352.846643994173
352.788410699097
352.730145441124
352.671848221797
352.613519042663
352.555157905269
352.496764811167
352.43833976191
352.379882759052
352.321393804153
352.262872898771
352.204320044469
352.145735242813
352.08711849537
352.028469803709
351.969789169403
351.911076594025
351.852332079153
351.793555626365
351.734747237244
351.675906913373
351.617034656339
351.55813046773
351.499194349137
351.440226302154
351.381226328377
351.322194429405
351.263130606836
351.204034862276
351.144907197329
351.085747613603
351.026556112709
350.967332696258
350.908077365867
350.848790123153
350.789470969736
350.730119907237
350.670736937283
350.611322061499
350.551875281516
350.492396598965
350.432886015481
350.373343532701
350.313769152263
350.254162875811
350.194524704987
350.134854641438
350.075152686814
350.015418842764
349.955653110945
349.89585549301
349.83602599062
349.776164605435
349.716271339119
349.656346193337
349.596389169759
349.536400270054
349.476379495897
349.416326848962
349.356242330928
349.296125943475
349.235977688287
349.175797567048
349.115585581447
349.055341733175
348.995066023922
348.934758455386
348.874419029263
348.814047747254
348.753644611061
348.693209622388
348.632742782944
348.572244094438
348.511713558583
348.451151177093
348.390556951685
348.329930884078
348.269272975996
348.208583229162
348.147861645303
348.087108226149
348.026322973432
347.965505888885
347.904656974245
347.843776231252
347.782863661646
347.721919267173
347.660943049578
347.599935010611
347.538895152022
347.477823475565
347.416719982997
347.355584676076
347.294417556564
347.233218626223
347.17198788682
347.110725340122
347.049430987902
346.988104831932
346.926746873987
346.865357115846
346.803935559289
346.742482206099
346.680997058062
346.619480116965
346.557931384598
346.496350862755
346.434738553229
346.373094457819
346.311418578324
346.249710916547
346.187971474292
346.126200253367
346.06439725558
346.002562482744
345.940695936673
345.878797619184
345.816867532095
345.754905677229
345.692912056409
345.630886671461
345.568829524214
345.506740616499
345.444619950149
345.382467527
345.320283348891
345.258067417661
345.195819735154
345.133540303215
345.071229123692
345.008886198434
344.946511529293
344.884105118125
344.821666966786
344.759197077136
344.696695451037
344.634162090351
344.571596996947
344.509000172692
344.446371619457
344.383711339116
344.321019333544
344.258295604619
344.195540154222
344.132752984234
344.069934096541
344.00708349303
343.94420117559
343.881287146112
343.818341406491
343.755363958623
343.692354804406
343.62931394574
343.56624138453
343.503137122679
343.440001162095
343.376833504688
343.31363415237
343.250403107055
343.187140370658
343.123845945099
343.060519832298
342.997162034177
342.933772552663
342.870351389681
342.806898547161
342.743414027035
342.679897831237
342.616349961701
342.552770420366
342.489159209173
342.425516330062
342.361841784978
342.298135575868
342.23439770468
342.170628173364
342.106826983873
342.042994138162
341.979129638187
341.915233485906
341.851305683281
341.787346232273
341.723355134849
341.659332392974
341.595278008618
341.53119198375
341.467074320343
341.402925020373
341.338744085815
341.274531518648
341.210287320852
341.146011494409
341.081704041304
341.017364963523
340.952994263052
340.888591941883
340.824158002007
340.759692445416
340.695195274107
340.630666490075
340.566106095321
340.501514091843
340.436890481645
340.372235266731
340.307548449106
340.242830030777
340.178080013754
340.113298400047
340.048485191669
339.983640390634
339.918763998957
339.853856018656
339.78891645175
339.723945300259
339.658942566204
339.59390825161
339.528842358502
339.463744888905
339.398615844849
339.333455228361
339.268263041474
339.20303928622
339.137783964631
339.072497078744
339.007178630595
338.941828622221
338.876447055661
338.811033932956
338.745589256147
338.680113027277
338.614605248391
338.549065921533
338.483495048749
338.417892632088
338.352258673598
338.286593175329
338.220896139332
338.155167567658
338.08940746236
338.023615825493
337.95779265911
337.891937965269
337.826051746025
337.760134003437
337.694184739562
337.62820395646
337.562191656191
337.496147840816
337.430072512395
337.363965672993
337.297827324671
337.231657469492
337.165456109522
337.099223246825
337.032958883465
336.96666302151
336.900335663024
336.833976810075
336.76758646473
336.701164629056
336.634711305121
336.568226494992
336.501710200739
336.43516242443
336.368583168133
336.301972433917
336.235330223851
336.168656540004
336.101951384444
336.035214759242
335.968446666465
335.901647108183
335.834816086463
335.767953603375
335.701059660986
335.634134261365
335.567177406578
335.500189098693
335.433169339776
335.366118131893
335.299035477111
335.231921377494
335.164775835106
335.097598852011
335.030390430273
334.963150571952
334.895879279111
334.82857655381
334.761242398109
334.693876814065
334.626479803736
334.559051369179
334.491591512447
334.424100235596
334.356577540677
334.289023429742
334.221437904839
334.153820968018
334.086172621325
334.018492866804
333.950781706499
333.883039142451
333.8152651767
333.747459811283
333.679623048237
333.611754889595
333.543855337388
333.475924393646
333.407962060396
333.339968339662
333.271943233467
333.20388674383
333.13579887277
333.0676796223
332.999528994431
332.931346991174
332.863133614534
332.794888866514
332.726612749114
332.658305264331
332.589966414158
332.521596200585
332.4531946256
332.384761691184
332.316297399318
332.247801751978
332.179274751134
332.110716398756
332.042126696807
331.973505647246
331.90485325203
331.836169513109
331.767454432431
331.698708011936
331.629930253563
331.561121159244
331.492280730907
331.423408970475
331.354505879865
331.285571460988
331.216605715753
331.14760864606
331.078580253806
331.009520540879
330.940429509164
330.871307160539
330.802153496875
330.732968520039
330.663752231889
330.594504634277
330.52522572905
330.455915518046
330.386574003096
330.317201186027
330.247797068654
330.178361652788
330.108894940232
330.039396932778
329.969867632215
329.900307040319
329.830715158862
329.761091989605
329.691437534301
329.621751794693
329.552034772518
329.482286469501
329.412506887359
329.342696027799
329.272853892519
329.202980483205
329.133075801536
329.063139849178
328.993172627788
328.923174139012
328.853144384485
328.78308336583
328.71299108466
328.642867542576
328.572712741167
328.502526682009
328.432309366669
328.362060796697
328.291780973634
328.221469899005
328.151127574326
328.080754001095
328.010349180798
327.939913114908
327.869445804883
327.798947252167
327.728417458187
327.657856424359
327.587264152079
327.516640642731
327.445985897682
327.375299918282
327.304582705866
327.23383426175
327.163054587235
327.092243683604
327.021401552122
326.950528194036
326.879623610573
326.808687802945
326.737720772342
326.666722519935
326.595693046876
326.524632354295
326.453540443305
326.382417314994
326.311262970432
326.240077410666
326.16886063672
326.097612649597
326.026333450277
325.955023039716
325.883681418848
325.812308588579
325.740904549796
325.669469303356
325.598002850093
325.526505190815
325.454976326304
325.383416257313
325.311824984571
325.240202508775
325.168548830597
325.09686395068
325.025147869636
324.953400588047
324.881622106467
324.809812425416
324.737971545384
324.66609946683
324.594196190178
324.52226171582
324.450296044113
324.378299175382
324.306271109914
324.234211847962
324.162121389742
324.089999735432
324.017846885175
323.945662839073
323.873447597189
323.801201159547
323.728923526131
323.656614696883
323.584274671702
323.511903450446
323.439501032928
323.367067418918
323.294602608138
323.222106600268
323.149579394937
323.07702099173
323.004431390181
322.931810589775
322.859158589946
322.786475390079
322.713760989504
322.641015387499
322.568238583288
322.495430576039
322.422591364865
322.349720948819
322.276819326899
322.203886498042
322.130922461123
322.057927214958
321.984900758298
321.911843089832
321.838754208182
321.765634111903
321.692482799485
321.619300269347
321.546086519838
321.472841549236
321.399565355745
321.326257937496
321.252919292543
321.179549418864
321.106148314356
321.032715976838
320.959252404048
320.885757593638
320.812231543177
320.738674250147
320.665085711941
320.591465925864
320.517814889128
320.44413259885
320.370419052056
320.29667424567
320.22289817652
320.149090841333
320.075252236732
320.001382359235
319.927481205252
319.853548771088
319.779585052931
319.705590046859
319.631563748833
319.557506154696
319.48341726017
319.409297060855
319.335145552225
319.260962729626
319.186748588273
319.112503123248
319.038226329497
318.963918201828
318.889578734905
318.81520792325
318.740805761237
318.666372243088
318.591907362872
318.517411114503
318.442883491731
318.368324488145
318.293734097166
318.219112312046
318.144459125861
318.069774531509
317.995058521708
317.920311088989
317.845532225695
317.770721923973
317.695880175774
317.621006972846
317.546102306732
317.471166168763
317.396198550052
317.321199441497
317.246168833765
317.171106717296
317.096013082295
317.020887918724
316.945731216302
316.870542964493
316.795323152506
316.720071769287
316.644788803512
316.569474243582
316.494128077616
316.418750293446
316.343340878609
316.267899820341
316.192427105567
316.116922720899
316.041386652625
315.965818886701
315.890219408745
315.814588204029
315.738925257469
315.663230553617
315.587504076654
315.511745810379
315.435955738198
315.36013384312
315.284280107743
315.208394514243
315.132477044368
315.056527679421
314.980546400256
314.904533187261
314.828488020349
314.752410878944
314.676301741973
314.600160587847
314.523987394451
314.447782139131
314.371544798678
314.295275349315
314.218973766681
314.142640025818
314.06627410115
313.989875966471
313.913445594927
313.836982958997
313.760488030476
313.683960780458
313.607401179312
313.530809196667
313.454184801388
313.377527961556
313.300838644447
313.224116816507
313.147362443329
313.070575489629
312.99375591922
312.916903694989
312.840018778865
312.763101131793
312.686150713706
312.609167483495
312.532151398975
312.455102416857
312.378020492709
312.300905580926
312.223757634692
312.146576605943
312.069362445328
311.992115102166
311.914834524411
311.837520658601
311.760173449817
311.682792841636
311.605378776079
311.527931193565
311.450450032854
311.372935230996
311.295386723268
311.217804443121
311.140188322116
311.062538289854
310.984854273919
310.907136199799
310.829383990816
310.75159756805
310.67377685026
310.595921753801
310.518032192533
310.440108077737
310.362149318016
310.284155819196
310.206127484225
310.128064213062
310.049965902566
309.971832446376
309.893663734785
309.815459654614
309.737220089072
309.658944917614
309.58063401579
309.502287255088
309.423904502768
309.34548562169
309.267030470126
309.188538901573
309.110010764546
309.031445902368
308.952844152946
308.874205348531
308.795529315468
308.71681587394
308.638064837681
308.559276013687
308.480449201907
308.401584194911
308.322680777544
308.243738726561
308.164757810236
308.085737787946
308.006678409737
307.927579415857
307.848440536263
307.769261490091
307.690041985104
307.610781717092
307.531480369236
307.452137611437
307.372753099588
307.293326474805
307.213857362603
307.134345372009
307.054790094621
306.97519110359
306.895547952534
306.815860174368
306.736127280043
306.6563487572
306.576524068702
306.496652651065
306.416733912758
306.336767232361
306.256751956574
306.176687398061
306.0965728331
306.016407499042
305.936190591531
305.855921261483
305.775598611781
305.695221693668
305.614789502787
305.534300974844
305.453754980837
305.373150321804
305.292485723031
305.211759827645
305.130971189525
305.050118265429
304.969199406235
304.888212847185
304.807156696969
304.726028925504
304.6448273502
304.563549620495
304.482193200379
304.400755348587
304.319233096092
304.237623220429
304.155922216304
304.074126261824
303.992231179545
303.91023239135
303.828124865953
303.745903057527
303.6635608336
303.581091389883
303.498487149088
303.415739639987
303.332839351888
303.249775558296
303.166536101574
303.083107127805
302.999472757351
302.915614671476
302.831511588024
302.747138588419
302.66246624238
302.577459452908
302.49207590696
302.406263958808
302.319959677366
302.233082628178
302.145529679751
302.057165611989
301.967808323888
301.87720444458
301.784986803537
301.690594857143
301.593111598215
301.490885568559
301.380486705712
301.252914367375
301.070940910243
300.253141788546
292.939640665018
