-295.442325903662
-295.437214016191
-295.432099285547
-295.42698171178
-295.421861294939
-295.416738035073
-295.411611932231
-295.406482986463
-295.401351197819
-295.396216566347
-295.391079092097
-295.385938775119
-295.380795615461
-295.375649613174
-295.370500768307
-295.36534908091
-295.360194551031
-295.355037178721
-295.34987696403
-295.344713907006
-295.339548007701
-295.334379266162
-295.329207682441
-295.324033256586
-295.318855988648
-295.313675878677
-295.308492926722
-295.303307132833
-295.298118497061
-295.292927019454
-295.287732700064
-295.282535538939
-295.277335536131
-295.272132691689
-295.266927005663
-295.261718478103
-295.256507109059
-295.251292898582
-295.246075846722
-295.240855953529
-295.235633219052
-295.230407643343
-295.225179226452
-295.219947968429
-295.214713869324
-295.209476929188
-295.204237148072
-295.198994526024
-295.193749063097
-295.18850075934
-295.183249614804
-295.17799562954
-295.172738803598
-295.167479137028
-295.162216629882
-295.15695128221
-295.151683094062
-295.14641206549
-295.141138196543
-295.135861487274
-295.130581937732
-295.125299547968
-295.120014318034
-295.114726247979
-295.109435337856
-295.104141587715
-295.098844997606
-295.093545567581
-295.088243297691
-295.082938187987
-295.07763023852
-295.072319449341
-295.067005820501
-295.061689352051
-295.056370044042
-295.051047896526
-295.045722909554
-295.040395083176
-295.035064417445
-295.029730912412
-295.024394568128
-295.019055384644
-295.013713362011
-295.008368500282
-295.003020799507
-294.997670259738
-294.992316881027
-294.986960663424
-294.981601606983
-294.976239711753
-294.970874977787
-294.965507405136
-294.960136993853
-294.954763743988
-294.949387655593
-294.94400872872
-294.938626963422
-294.933242359749
-294.927854917754
-294.922464637487
-294.917071519003
-294.911675562351
-294.906276767584
-294.900875134755
-294.895470663914
-294.890063355114
-294.884653208408
-294.879240223846
-294.873824401482
-294.868405741367
-294.862984243553
-294.857559908093
-294.852132735039
-294.846702724443
-294.841269876358
-294.835834190834
-294.830395667926
-294.824954307685
-294.819510110164
-294.814063075415
-294.80861320349
-294.803160494442
-294.797704948324
-294.792246565187
-294.786785345085
-294.781321288069
-294.775854394193
-294.77038466351
-294.764912096071
-294.759436691929
-294.753958451138
-294.74847737375
-294.742993459817
-294.737506709392
-294.732017122529
-294.72652469928
-294.721029439697
-294.715531343835
-294.710030411745
-294.70452664348
-294.699020039094
-294.69351059864
-294.687998322171
-294.682483209739
-294.676965261397
-294.6714444772
-294.665920857199
-294.660394401449
-294.654865110002
-294.649332982911
-294.64379802023
-294.638260222012
-294.63271958831
-294.627176119178
-294.621629814669
-294.616080674837
-294.610528699734
-294.604973889414
-294.599416243931
-294.593855763338
-294.588292447688
-294.582726297036
-294.577157311434
-294.571585490937
-294.566010835598
-294.56043334547
-294.554853020608
-294.549269861064
-294.543683866894
-294.538095038149
-294.532503374885
-294.526908877156
-294.521311545013
-294.515711378513
-294.510108377708
-294.504502542653
-294.498893873402
-294.493282370008
-294.487668032525
-294.482050861008
-294.476430855511
-294.470808016087
-294.465182342791
-294.459553835677
-294.453922494799
-294.448288320212
-294.442651311969
-294.437011470124
-294.431368794733
-294.425723285849
-294.420074943527
-294.41442376782
-294.408769758785
-294.403112916473
-294.397453240942
-294.391790732244
-294.386125390434
-294.380457215567
-294.374786207697
-294.369112366879
-294.363435693167
-294.357756186617
-294.352073847282
-294.346388675218
-294.340700670479
-294.33500983312
-294.329316163196
-294.323619660761
-294.31792032587
-294.312218158578
-294.30651315894
-294.300805327012
-294.295094662847
-294.289381166501
-294.283664838028
-294.277945677485
-294.272223684925
-294.266498860404
-294.260771203977
-294.255040715699
-294.249307395626
-294.243571243812
-294.237832260312
-294.232090445183
-294.226345798478
-294.220598320254
-294.214848010566
-294.209094869468
-294.203338897017
-294.197580093268
-294.191818458276
-294.186053992097
-294.180286694786
-294.174516566399
-294.168743606991
-294.162967816617
-294.157189195334
-294.151407743197
-294.145623460261
-294.139836346583
-294.134046402217
-294.12825362722
-294.122458021648
-294.116659585556
-294.110858318999
-294.105054222035
-294.099247294718
-294.093437537105
-294.087624949251
-294.081809531212
-294.075991283045
-294.070170204806
-294.064346296549
-294.058519558332
-294.052689990211
-294.046857592241
-294.041022364479
-294.035184306981
-294.029343419803
-294.023499703001
-294.017653156631
-294.011803780751
-294.005951575415
-294.000096540681
-293.994238676604
-293.988377983242
-293.98251446065
-293.976648108885
-293.970778928004
-293.964906918062
-293.959032079117
-293.953154411225
-293.947273914442
-293.941390588825
-293.935504434431
-293.929615451317
-293.923723639538
-293.917828999152
-293.911931530215
-293.906031232785
-293.900128106918
-293.89422215267
-293.888313370099
-293.882401759262
-293.876487320215
-293.870570053015
-293.864649957719
-293.858727034385
-293.852801283069
-293.846872703828
-293.84094129672
-293.8350070618
-293.829069999128
-293.823130108759
-293.817187390751
-293.81124184516
-293.805293472045
-293.799342271463
-293.79338824347
-293.787431388124
-293.781471705482
-293.775509195602
-293.769543858542
-293.763575694357
-293.757604703107
-293.751630884848
-293.745654239638
-293.739674767534
-293.733692468594
-293.727707342876
-293.721719390437
-293.715728611334
-293.709735005626
-293.70373857337
-293.697739314624
-293.691737229445
-293.685732317891
-293.679724580021
-293.673714015891
-293.66770062556
-293.661684409086
-293.655665366526
-293.649643497939
-293.643618803382
-293.637591282913
-293.631560936591
-293.625527764473
-293.619491766617
-293.613452943082
-293.607411293925
-293.601366819206
-293.595319518981
-293.58926939331
-293.583216442249
-293.577160665859
-293.571102064196
-293.56504063732
-293.558976385288
-293.552909308159
-293.546839405991
-293.540766678843
-293.534691126774
-293.52861274984
-293.522531548102
-293.516447521618
-293.510360670445
-293.504270994644
-293.498178494272
-293.492083169387
-293.48598502005
-293.479884046318
-293.47378024825
-293.467673625904
-293.461564179341
-293.455451908617
-293.449336813793
-293.443218894927
-293.437098152077
-293.430974585304
-293.424848194665
-293.41871898022
-293.412586942028
-293.406452080147
-293.400314394637
-293.394173885557
-293.388030552966
-293.381884396923
-293.375735417487
-293.369583614717
-293.363428988673
-293.357271539413
-293.351111266998
-293.344948171486
-293.338782252937
-293.332613511409
-293.326441946963
-293.320267559658
-293.314090349552
-293.307910316707
-293.30172746118
-293.295541783032
-293.289353282322
-293.28316195911
-293.276967813455
-293.270770845416
-293.264571055055
-293.258368442429
-293.252163007599
-293.245954750625
-293.239743671566
-293.233529770482
-293.227313047433
-293.221093502479
-293.214871135679
-293.208645947094
-293.202417936783
-293.196187104807
-293.189953451224
-293.183716976096
-293.177477679482
-293.171235561442
-293.164990622037
-293.158742861326
-293.15249227937
-293.146238876229
-293.139982651962
-293.133723606631
-293.127461740295
-293.121197053014
-293.11492954485
-293.108659215862
-293.10238606611
-293.096110095655
-293.089831304558
-293.083549692878
-293.077265260677
-293.070978008014
-293.064687934951
-293.058395041547
-293.052099327864
-293.045800793961
-293.0394994399
-293.033195265741
-293.026888271545
-293.020578457373
-293.014265823284
-293.007950369341
-293.001632095603
-292.995311002132
-292.988987088989
-292.982660356234
-292.976330803927
-292.969998432131
-292.963663240906
-292.957325230313
-292.950984400412
-292.944640751266
-292.938294282935
-292.93194499548
-292.925592888962
-292.919237963442
-292.912880218982
-292.906519655643
-292.900156273485
-292.893790072571
-292.887421052961
-292.881049214717
-292.874674557899
-292.86829708257
-292.861916788791
-292.855533676623
-292.849147746127
-292.842758997366
-292.8363674304
-292.829973045291
-292.8235758421
-292.81717582089
-292.810772981721
-292.804367324656
-292.797958849756
-292.791547557082
-292.785133446697
-292.778716518661
-292.772296773038
-292.765874209888
-292.759448829273
-292.753020631256
-292.746589615898
-292.740155783261
-292.733719133407
-292.727279666397
-292.720837382295
-292.714392281161
-292.707944363058
-292.701493628048
-292.695040076193
-292.688583707555
-292.682124522196
-292.675662520179
-292.669197701565
-292.662730066417
-292.656259614797
-292.649786346768
-292.643310262391
-292.636831361729
-292.630349644844
-292.623865111798
-292.617377762655
-292.610887597477
-292.604394616325
-292.597898819262
-292.591400206352
-292.584898777656
-292.578394533237
-292.571887473158
-292.565377597481
-292.558864906269
-292.552349399585
-292.54583107749
-292.539309940049
-292.532785987324
-292.526259219377
-292.519729636271
-292.51319723807
-292.506662024836
-292.500123996632
-292.49358315352
-292.487039495565
-292.480493022828
-292.473943735373
-292.467391633263
-292.460836716561
-292.45427898533
-292.447718439633
-292.441155079533
-292.434588905093
-292.428019916377
-292.421448113448
-292.414873496369
-292.408296065203
-292.401715820014
-292.395132760864
-292.388546887818
-292.381958200939
-292.375366700289
-292.368772385933
-292.362175257935
-292.355575316356
-292.348972561262
-292.342366992715
-292.335758610779
-292.329147415518
-292.322533406995
-292.315916585274
-292.309296950418
-292.302674502492
-292.29604924156
-292.289421167683
-292.282790280928
-292.276156581357
-292.269520069034
-292.262880744023
-292.256238606388
-292.249593656194
-292.242945893503
-292.23629531838
-292.229641930889
-292.222985731093
-292.216326719058
-292.209664894847
-292.203000258524
-292.196332810153
-292.189662549799
-292.182989477525
-292.176313593396
-292.169634897476
-292.16295338983
-292.156269070521
-292.149581939615
-292.142891997174
-292.136199243265
-292.12950367795
-292.122805301295
-292.116104113365
-292.109400114222
-292.102693303933
-292.095983682562
-292.089271250172
-292.08255600683
-292.075837952598
-292.069117087543
-292.062393411729
-292.05566692522
-292.048937628081
-292.042205520377
-292.035470602173
-292.028732873533
-292.021992334523
-292.015248985207
-292.00850282565
-292.001753855917
-291.995002076073
-291.988247486183
-291.981490086312
-291.974729876525
-291.967966856887
-291.961201027464
-291.954432388319
-291.947660939519
-291.940886681129
-291.934109613213
-291.927329735837
-291.920547049067
-291.913761552967
-291.906973247603
-291.90018213304
-291.893388209343
-291.886591476579
-291.879791934811
-291.872989584107
-291.86618442453
-291.859376456148
-291.852565679024
-291.845752093225
-291.838935698816
-291.832116495864
-291.825294484433
-291.818469664589
-291.811642036398
-291.804811599925
-291.797978355237
-291.791142302399
-291.784303441476
-291.777461772536
-291.770617295643
-291.763770010863
-291.756919918262
-291.750067017907
-291.743211309863
-291.736352794196
-291.729491470972
-291.722627340257
-291.715760402117
-291.708890656619
-291.702018103828
-291.695142743811
-291.688264576633
-291.681383602361
-291.674499821062
-291.6676132328
-291.660723837644
-291.653831635658
-291.64693662691
-291.640038811465
-291.63313818939
-291.626234760752
-291.619328525617
-291.61241948405
-291.60550763612
-291.598592981892
-291.591675521433
-291.584755254809
-291.577832182087
-291.570906303334
-291.563977618617
-291.557046128001
-291.550111831554
-291.543174729342
-291.536234821433
-291.529292107892
-291.522346588788
-291.515398264186
-291.508447134153
-291.501493198757
-291.494536458064
-291.487576912142
-291.480614561056
-291.473649404875
-291.466681443666
-291.459710677494
-291.452737106428
-291.445760730535
-291.438781549881
-291.431799564534
-291.424814774561
-291.417827180029
-291.410836781006
-291.403843577558
-291.396847569754
-291.38984875766
-291.382847141344
-291.375842720872
-291.368835496314
-291.361825467735
-291.354812635204
-291.347796998787
-291.340778558553
-291.333757314569
-291.326733266903
-291.319706415622
-291.312676760793
-291.305644302485
-291.298609040765
-291.291570975701
-291.28453010736
-291.277486435811
-291.27043996112
-291.263390683357
-291.256338602588
-291.249283718882
-291.242226032307
-291.235165542929
-291.228102250818
-291.221036156042
-291.213967258668
-291.206895558764
-291.199821056398
-291.192743751639
-291.185663644555
-291.178580735213
-291.171495023682
-291.164406510031
-291.157315194326
-291.150221076638
-291.143124157033
-291.13602443558
-291.128921912347
-291.121816587404
-291.114708460817
-291.107597532656
-291.10048380299
-291.093367271885
-291.086247939412
-291.079125805638
-291.072000870632
-291.064873134463
-291.057742597199
-291.050609258908
-291.04347311966
-291.036334179524
-291.029192438567
-291.022047896858
-291.014900554467
-291.007750411462
-291.000597467912
-290.993441723886
-290.986283179452
-290.97912183468
-290.971957689638
-290.964790744396
-290.957620999021
-290.950448453585
-290.943273108154
-290.936094962799
-290.928914017589
-290.921730272592
-290.914543727878
-290.907354383515
-290.900162239574
-290.892967296123
-290.885769553232
-290.878569010969
-290.871365669404
-290.864159528607
-290.856950588647
-290.849738849593
-290.842524311514
-290.835306974481
-290.828086838561
-290.820863903826
-290.813638170344
-290.806409638185
-290.799178307419
-290.791944178115
-290.784707250342
-290.777467524171
-290.770224999671
-290.762979676911
-290.755731555963
-290.748480636894
-290.741226919775
-290.733970404677
-290.726711091668
-290.719448980818
-290.712184072198
-290.704916365877
-290.697645861925
-290.690372560413
-290.68309646141
-290.675817564986
-290.668535871211
-290.661251380156
-290.65396409189
-290.646674006484
-290.639381124008
-290.632085444531
-290.624786968125
-290.617485694859
-290.610181624804
-290.60287475803
-290.595565094607
-290.588252634605
-290.580937378096
-290.573619325149
-290.566298475835
-290.558974830224
-290.551648388387
-290.544319150394
-290.536987116316
-290.529652286223
-290.522314660186
-290.514974238276
-290.507631020563
-290.500285007117
-290.492936198011
-290.485584593313
-290.478230193096
-290.470872997429
-290.463513006384
-290.456150220032
-290.448784638443
-290.441416261687
-290.434045089837
-290.426671122964
-290.419294361137
-290.411914804427
-290.404532452907
-290.397147306647
-290.389759365719
-290.382368630192
-290.374975100139
-290.36757877563
-290.360179656737
-290.35277774353
-290.345373036082
-290.337965534463
-290.330555238745
-290.323142148999
-290.315726265296
-290.308307587708
-290.300886116306
-290.293461851161
-290.286034792345
-290.27860493993
-290.271172293987
-290.263736854587
-290.256298621802
-290.248857595703
-290.241413776363
-290.233967163853
-290.226517758244
-290.219065559608
-290.211610568018
-290.204152783543
-290.196692206258
-290.189228836232
-290.181762673539
-290.174293718249
-290.166821970436
-290.159347430169
-290.151870097523
-290.144389972568
-290.136907055377
-290.129421346021
-290.121932844573
-290.114441551104
-290.106947465687
-290.099450588394
-290.091950919297
-290.084448458469
-290.07694320598
-290.069435161905
-290.061924326314
-290.05441069928
-290.046894280876
-290.039375071174
-290.031853070246
-290.024328278164
-290.016800695002
-290.00927032083
-290.001737155723
-289.994201199752
-289.98666245299
-289.97912091551
-289.971576587383
-289.964029468683
-289.956479559483
-289.948926859854
-289.94137136987
-289.933813089603
-289.926252019126
-289.918688158512
-289.911121507834
-289.903552067164
-289.895979836576
-289.888404816141
-289.880827005934
-289.873246406027
-289.865663016492
-289.858076837404
-289.850487868834
-289.842896110857
-289.835301563544
-289.827704226969
-289.820104101206
-289.812501186327
-289.804895482406
-289.797286989515
-289.789675707728
-289.782061637118
-289.774444777759
-289.766825129724
-289.759202693085
-289.751577467917
-289.743949454293
-289.736318652286
-289.72868506197
-289.721048683418
-289.713409516704
-289.7057675619
-289.698122819082
-289.690475288322
-289.682824969693
-289.67517186327
-289.667515969126
-289.659857287335
-289.65219581797
-289.644531561106
-289.636864516816
-289.629194685173
-289.621522066252
-289.613846660126
-289.60616846687
-289.598487486557
-289.590803719261
-289.583117165056
-289.575427824016
-289.567735696215
-289.560040781727
-289.552343080626
-289.544642592987
-289.536939318882
-289.529233258387
-289.521524411576
-289.513812778522
-289.506098359301
-289.498381153985
-289.490661162651
-289.48293838537
-289.475212822219
-289.467484473272
-289.459753338602
-289.452019418285
-289.444282712394
-289.436543221004
-289.42880094419
-289.421055882026
-289.413308034586
-289.405557401946
-289.39780398418
-289.390047781362
-289.382288793567
-289.374527020869
-289.366762463345
-289.358995121067
-289.351224994111
-289.343452082552
-289.335676386464
-289.327897905923
-289.320116641002
-289.312332591778
-289.304545758325
-289.296756140717
-289.288963739031
-289.28116855334
-289.27337058372
-289.265569830246
-289.257766292993
-289.249959972036
-289.24215086745
-289.234338979311
-289.226524307693
-289.218706852672
-289.210886614323
-289.203063592721
-289.195237787941
-289.18740920006
-289.179577829151
-289.171743675291
-289.163906738555
-289.156067019019
-289.148224516757
-289.140379231845
-289.132531164359
-289.124680314375
-289.116826681967
-289.108970267211
-289.101111070184
-289.09324909096
-289.085384329616
-289.077516786227
-289.069646460868
-289.061773353616
-289.053897464546
-289.046018793734
-289.038137341256
-289.030253107188
-289.022366091605
-289.014476294584
-289.0065837162
-288.998688356529
-288.990790215648
-288.982889293632
-288.974985590557
-288.9670791065
-288.959169841537
-288.951257795743
-288.943342969195
-288.935425361969
-288.927504974141
-288.919581805787
-288.911655856984
-288.903727127808
-288.895795618335
-288.887861328642
-288.879924258804
-288.871984408899
-288.864041779002
-288.856096369191
-288.848148179541
-288.840197210129
-288.832243461032
-288.824286932326
-288.816327624088
-288.808365536394
-288.800400669321
-288.792433022945
-288.784462597344
-288.776489392594
-288.768513408771
-288.760534645953
-288.752553104216
-288.744568783637
-288.736581684293
-288.728591806261
-288.720599149618
-288.71260371444
-288.704605500804
-288.696604508788
-288.688600738468
-288.680594189922
-288.672584863227
-288.664572758459
-288.656557875696
-288.648540215014
-288.640519776492
-288.632496560206
-288.624470566233
-288.616441794651
-288.608410245537
-288.600375918968
-288.592338815022
-288.584298933776
-288.576256275307
-288.568210839692
-288.56016262701
-288.552111637337
-288.544057870751
-288.53600132733
-288.52794200715
-288.519879910291
-288.511815036828
-288.50374738684
-288.495676960405
-288.4876037576
-288.479527778503
-288.471449023191
-288.463367491743
-288.455283184235
-288.447196100747
-288.439106241355
-288.431013606137
-288.422918195172
-288.414820008538
-288.406719046312
-288.398615308571
-288.390508795395
-288.382399506862
-288.374287443048
-288.366172604033
-288.358054989894
-288.34993460071
-288.341811436559
-288.333685497518
-288.325556783667
-288.317425295082
-288.309291031844
-288.301153994029
-288.293014181716
-288.284871594984
-288.27672623391
-288.268578098574
-288.260427189053
-288.252273505427
-288.244117047773
-288.23595781617
-288.227795810696
-288.219631031431
-288.211463478453
-288.203293151839
-288.19512005167
-288.186944178023
-288.178765530977
-288.170584110612
-288.162399917005
-288.154212950235
-288.146023210382
-288.137830697523
-288.129635411739
-288.121437353108
-288.113236521708
-288.105032917618
-288.096826540918
-288.088617391687
-288.080405470003
-288.072190775946
-288.063973309594
-288.055753071027
-288.047530060324
-288.039304277564
-288.031075722825
-288.022844396188
-288.014610297732
-288.006373427535
-287.998133785677
-287.989891372237
-287.981646187295
-287.973398230931
-287.965147503222
-287.956894004249
-287.948637734091
-287.940378692828
-287.932116880539
-287.923852297303
-287.915584943201
-287.907314818311
-287.899041922714
-287.890766256489
-287.882487819715
-287.874206612472
-287.86592263484
-287.857635886899
-287.849346368728
-287.841054080408
-287.832759022017
-287.824461193636
-287.816160595345
-287.807857227223
-287.799551089351
-287.791242181808
-287.782930504674
-287.77461605803
-287.766298841955
-287.75797885653
-287.749656101833
-287.741330577947
-287.73300228495
-287.724671222923
-287.716337391946
-287.708000792098
-287.699661423462
-287.691319286116
-287.682974380141
-287.674626705617
-287.666276262625
-287.657923051245
-287.649567071557
-287.641208323642
-287.63284680758
-287.624482523452
-287.616115471338
-287.607745651318
-287.599373063474
-287.590997707886
-287.582619584634
-287.574238693799
-287.565855035462
-287.557468609703
-287.549079416603
-287.540687456243
-287.532292728703
-287.523895234065
-287.515494972409
-287.507091943816
-287.498686148367
-287.490277586143
-287.481866257225
-287.473452161693
-287.465035299628
-287.456615671113
-287.448193276226
-287.439768115051
-287.431340187667
-287.422909494157
-287.4144760346
-287.406039809078
-287.397600817673
-287.389159060466
-287.380714537537
-287.372267248968
-287.363817194841
-287.355364375236
-287.346908790236
-287.338450439921
-287.329989324372
-287.321525443672
-287.313058797902
-287.304589387142
-287.296117211476
-287.287642270984
-287.279164565747
-287.270684095848
-287.262200861368
-287.253714862388
-287.245226098991
-287.236734571257
-287.22824027927
-287.21974322311
-287.211243402858
-287.202740818598
-287.194235470411
-287.185727358379
-287.177216482583
-287.168702843106
-287.160186440028
-287.151667273434
-287.143145343403
-287.134620650019
-287.126093193364
-287.117562973519
-287.109029990566
-287.100494244588
-287.091955735667
-287.083414463885
-287.074870429324
-287.066323632067
-287.057774072195
-287.049221749791
-287.040666664937
-287.032108817716
-287.02354820821
-287.014984836501
-287.006418702672
-286.997849806805
-286.989278148983
-286.980703729287
-286.972126547802
-286.963546604608
-286.95496389979
-286.946378433428
-286.937790205607
-286.929199216408
-286.920605465915
-286.912008954209
-286.903409681374
-286.894807647493
-286.886202852648
-286.877595296922
-286.868984980398
-286.860371903159
-286.851756065287
-286.843137466866
-286.834516107979
-286.825891988708
-286.817265109136
-286.808635469347
-286.800003069424
-286.791367909449
-286.782729989506
-286.774089309677
-286.765445870047
-286.756799670698
-286.748150711713
-286.739498993176
-286.73084451517
-286.722187277778
-286.713527281083
-286.70486452517
-286.69619901012
-286.687530736019
-286.678859702948
-286.670185910991
-286.661509360233
-286.652830050756
-286.644147982644
-286.63546315598
-286.626775570849
-286.618085227333
-286.609392125517
-286.600696265483
-286.591997647316
-286.5832962711
-286.574592136918
-286.565885244853
-286.557175594991
-286.548463187414
-286.539748022206
-286.531030099451
-286.522309419234
-286.513585981637
-286.504859786746
-286.496130834643
-286.487399125414
-286.478664659141
-286.46992743591
-286.461187455803
-286.452444718906
-286.443699225303
-286.434950975076
-286.426199968312
-286.417446205094
-286.408689685505
-286.399930409632
-286.391168377557
-286.382403589365
-286.37363604514
-286.364865744968
-286.356092688931
-286.347316877116
-286.338538309605
-286.329756986484
-286.320972907837
-286.312186073749
-286.303396484303
-286.294604139586
-286.285809039681
-286.277011184673
-286.268210574647
-286.259407209687
-286.250601089878
-286.241792215305
-286.232980586053
-286.224166202206
-286.215349063849
-286.206529171068
-286.197706523946
-286.188881122569
-286.180052967023
-286.171222057391
-286.162388393758
-286.153551976211
-286.144712804833
-286.13587087971
-286.127026200927
-286.11817876857
-286.109328582722
-286.10047564347
-286.091619950899
-286.082761505093
-286.073900306138
-286.06503635412
-286.056169649124
-286.047300191234
-286.038427980537
-286.029553017117
-286.020675301061
-286.011794832453
-286.002911611379
-285.994025637925
-285.985136912176
-285.976245434217
-285.967351204135
-285.958454222014
-285.949554487941
-285.940652002
-285.931746764279
-285.922838774861
-285.913928033834
-285.905014541283
-285.896098297293
-285.887179301951
-285.878257555342
-285.869333057552
-285.860405808667
-285.851475808773
-285.842543057956
-285.833607556302
-285.824669303897
-285.815728300827
-285.806784547177
-285.797838043035
-285.788888788485
-285.779936783615
-285.77098202851
-285.762024523257
-285.753064267941
-285.744101262649
-285.735135507468
-285.726167002483
-285.71719574778
-285.708221743447
-285.69924498957
-285.690265486234
-285.681283233527
-285.672298231534
-285.663310480343
-285.654319980039
-285.64532673071
-285.636330732441
-285.627331985319
-285.618330489432
-285.609326244865
-285.600319251706
-285.59130951004
-285.582297019955
-285.573281781537
-285.564263794874
-285.555243060051
-285.546219577156
-285.537193346276
-285.528164367497
-285.519132640906
-285.510098166591
-285.501060944637
-285.492020975133
-285.482978258165
-285.47393279382
-285.464884582186
-285.455833623348
-285.446779917395
-285.437723464414
-285.428664264491
-285.419602317714
-285.41053762417
-285.401470183947
-285.39239999713
-285.383327063809
-285.37425138407
-285.365172958001
-285.356091785688
-285.34700786722
-285.337921202683
-285.328831792165
-285.319739635754
-285.310644733538
-285.301547085602
-285.292446692036
-285.283343552927
-285.274237668362
-285.265129038429
-285.256017663216
-285.24690354281
-285.237786677299
-285.228667066771
-285.219544711313
-285.210419611014
-285.201291765961
-285.192161176242
-285.183027841945
-285.173891763157
-285.164752939968
-285.155611372463
-285.146467060733
-285.137320004864
-285.128170204945
-285.119017661063
-285.109862373307
-285.100704341766
-285.091543566526
-285.082380047676
-285.073213785305
-285.0640447795
-285.05487303035
-285.045698537943
-285.036521302367
-285.027341323711
-285.018158602064
-285.008973137512
-284.999784930146
-284.990593980052
-284.98140028732
-284.972203852039
-284.963004674296
-284.95380275418
-284.94459809178
-284.935390687184
-284.926180540482
-284.91696765176
-284.907752021109
-284.898533648617
-284.889312534373
-284.880088678465
-284.870862080982
-284.861632742013
-284.852400661647
-284.843165839972
-284.833928277078
-284.824687973053
-284.815444927986
-284.806199141967
-284.796950615084
-284.787699347426
-284.778445339082
-284.769188590142
-284.759929100694
-284.750666870827
-284.741401900632
-284.732134190195
-284.722863739608
-284.71359054896
-284.704314618338
-284.695035947834
-284.685754537535
-284.676470387532
-284.667183497913
-284.657893868768
-284.648601500187
-284.639306392259
-284.630008545073
-284.620707958719
-284.611404633286
-284.602098568864
-284.592789765542
-284.583478223411
-284.574163942559
-284.564846923076
-284.555527165052
-284.546204668577
-284.53687943374
-284.527551460631
-284.518220749339
-284.508887299956
-284.49955111257
-284.490212187271
-284.480870524149
-284.471526123295
-284.462178984797
-284.452829108746
-284.443476495232
-284.434121144346
-284.424763056176
-284.415402230813
-284.406038668347
-284.396672368868
-284.387303332467
-284.377931559233
-284.368557049257
-284.359179802629
-284.349799819439
-284.340417099777
-284.331031643734
-284.321643451401
-284.312252522866
-284.302858858221
-284.293462457557
-284.284063320963
-284.27466144853
-284.265256840349
-284.255849496509
-284.246439417103
-284.237026602219
-284.227611051949
-284.218192766384
-284.208771745613
-284.199347989728
-284.189921498819
-284.180492272978
-284.171060312294
-284.161625616858
-284.152188186762
-284.142748022096
-284.133305122952
-284.123859489419
-284.114411121589
-284.104960019552
-284.0955061834
-284.086049613224
-284.076590309115
-284.067128271163
-284.05766349946
-284.048195994097
-284.038725755164
-284.029252782754
-284.019777076957
-284.010298637865
-284.000817465568
-283.991333560158
-283.981846921726
-283.972357550364
-283.962865446162
-283.953370609213
-283.943873039607
-283.934372737436
-283.924869702791
-283.915363935765
-283.905855436447
-283.89634420493
-283.886830241306
-283.877313545665
-283.8677941181
-283.858271958701
-283.848747067562
-283.839219444773
-283.829689090426
-283.820156004613
-283.810620187425
-283.801081638954
-283.791540359293
-283.781996348532
-283.772449606765
-283.762900134081
-283.753347930575
-283.743792996337
-283.734235331459
-283.724674936033
-283.715111810152
-283.705545953908
-283.695977367391
-283.686406050696
-283.676832003913
-283.667255227135
-283.657675720454
-283.648093483962
-283.638508517751
-283.628920821914
-283.619330396543
-283.60973724173
-283.600141357568
-283.590542744148
-283.580941401564
-283.571337329907
-283.56173052927
-283.552120999746
-283.542508741427
-283.532893754405
-283.523276038773
-283.513655594624
-283.50403242205
-283.494406521144
-283.484777891998
-283.475146534705
-283.465512449358
-283.455875636049
-283.446236094872
-283.436593825918
-283.426948829282
-283.417301105055
-283.40765065333
-283.397997474201
-283.388341567759
-283.378682934099
-283.369021573313
-283.359357485495
-283.349690670736
-283.34002112913
-283.33034886077
-283.32067386575
-283.310996144162
-283.301315696099
-283.291632521655
-283.281946620923
-283.272257993996
-283.262566640967
-283.25287256193
-283.243175756977
-283.233476226203
-283.2237739697
-283.214068987562
-283.204361279882
-283.194650846754
-283.184937688271
-283.175221804527
-283.165503195615
-283.155781861628
-283.14605780266
-283.136331018806
-283.126601510158
-283.116869276809
-283.107134318855
-283.097396636387
-283.087656229501
-283.07791309829
-283.068167242847
-283.058418663267
-283.048667359642
-283.038913332068
-283.029156580638
-283.019397105445
-283.009634906584
-282.999869984149
-282.990102338233
-282.980331968931
-282.970558876337
-282.960783060544
-282.951004521647
-282.94122325974
-282.931439274917
-282.921652567273
-282.9118631369
-282.902070983894
-282.892276108349
-282.882478510359
-282.872678190019
-282.862875147422
-282.853069382663
-282.843260895836
-282.833449687036
-282.823635756358
-282.813819103895
-282.803999729742
-282.794177633993
-282.784352816744
-282.774525278089
-282.764695018121
-282.754862036937
-282.74502633463
-282.735187911295
-282.725346767027
-282.715502901921
-282.705656316071
-282.695807009572
-282.685954982518
-282.676100235006
-282.666242767128
-282.656382578981
-282.64651967066
-282.636654042258
-282.626785693872
-282.616914625595
-282.607040837524
-282.597164329752
-282.587285102376
-282.57740315549
-282.567518489189
-282.557631103569
-282.547740998724
-282.53784817475
-282.527952631742
-282.518054369795
-282.508153389004
-282.498249689465
-282.488343271273
-282.478434134524
-282.468522279312
-282.458607705733
-282.448690413883
-282.438770403857
-282.42884767575
-282.418922229659
-282.408994065677
-282.399063183902
-282.389129584428
-282.379193267351
-282.369254232767
-282.359312480772
-282.34936801146
-282.339420824929
-282.329470921273
-282.319518300588
-282.30956296297
-282.299604908515
-282.289644137319
-282.279680649477
-282.269714445086
-282.259745524241
-282.249773887039
-282.239799533575
-282.229822463945
-282.219842678245
-282.209860176571
-282.19987495902
-282.189887025688
-282.17989637667
-282.169903012062
-282.159906931962
-282.149908136465
-282.139906625667
-282.129902399664
-282.119895458554
-282.109885802431
-282.099873431393
-282.089858345536
-282.079840544956
-282.06982002975
-282.059796800014
-282.049770855844
-282.039742197338
-282.029710824591
-282.0196767377
-282.009639936761
-281.999600421872
-281.989558193129
-281.979513250628
-281.969465594466
-281.95941522474
-281.949362141546
-281.939306344982
-281.929247835144
-281.919186612129
-281.909122676034
-281.899056026955
-281.888986664989
-281.878914590234
-281.868839802786
-281.858762302743
-281.8486820902
-281.838599165256
-281.828513528007
-281.81842517855
-281.808334116983
-281.798240343402
-281.788143857905
-281.778044660588
-281.76794275155
-281.757838130887
-281.747730798696
-281.737620755075
-281.727508000121
-281.717392533931
-281.707274356603
-281.697153468235
-281.687029868922
-281.676903558764
-281.666774537856
-281.656642806298
-281.646508364186
-281.636371211618
-281.626231348691
-281.616088775503
-281.605943492152
-281.595795498735
-281.585644795349
-281.575491382094
-281.565335259066
-281.555176426362
-281.545014884082
-281.534850632322
-281.52468367118
-281.514514000755
-281.504341621144
-281.494166532445
-281.483988734756
-281.473808228174
-281.463625012799
-281.453439088727
-281.443250456057
-281.433059114888
-281.422865065316
-281.41266830744
-281.402468841358
-281.392266667169
-281.382061784971
-281.371854194861
-281.361643896938
-281.351430891301
-281.341215178047
-281.330996757275
-281.320775629083
-281.31055179357
-281.300325250833
-281.290096000972
-281.279864044085
-281.26962938027
-281.259392009626
-281.249151932252
-281.238909148245
-281.228663657704
-281.218415460729
-281.208164557417
-281.197910947868
-281.187654632179
-281.17739561045
-281.16713388278
-281.156869449267
-281.146602310009
-281.136332465107
-281.126059914658
-281.115784658761
-281.105506697516
-281.095226031021
-281.084942659375
-281.074656582677
-281.064367801027
-281.054076314522
-281.043782123263
-281.033485227348
-281.023185626876
-281.012883321947
-281.00257831266
-280.992270599113
-280.981960181406
-280.971647059638
-280.961331233909
-280.951012704318
-280.940691470963
-280.930367533945
-280.920040893363
-280.909711549316
-280.899379501903
-280.889044751224
-280.878707297379
-280.868367140466
-280.858024280586
-280.847678717838
-280.837330452321
-280.826979484135
-280.81662581338
-280.806269440155
-280.79591036456
-280.785548586695
-280.775184106659
-280.764816924553
-280.754447040475
-280.744074454526
-280.733699166805
-280.723321177413
-280.712940486449
-280.702557094014
-280.692171000206
-280.681782205126
-280.671390708875
-280.660996511551
-280.650599613255
-280.640200014088
-280.629797714148
-280.619392713537
-280.608985012355
-280.5985746107
-280.588161508675
-280.577745706379
-280.567327203911
-280.556906001374
-280.546482098866
-280.536055496488
-280.52562619434
-280.515194192524
-280.504759491138
-280.494322090284
-280.483881990062
-280.473439190573
-280.462993691916
-280.452545494193
-280.442094597505
-280.431641001951
-280.421184707632
-280.410725714649
-280.400264023102
-280.389799633093
-280.379332544722
-280.368862758089
-280.358390273296
-280.347915090443
-280.337437209631
-280.32695663096
-280.316473354533
-280.305987380449
-280.29549870881
-280.285007339716
-280.274513273268
-280.264016509568
-280.253517048716
-280.243014890814
-280.232510035962
-280.222002484262
-280.211492235814
-280.200979290721
-280.190463649082
-280.179945311
-280.169424276575
-280.158900545909
-280.148374119103
-280.137844996258
-280.127313177476
-280.116778662858
-280.106241452505
-280.095701546519
-280.085158945001
-280.074613648053
-280.064065655776
-280.053514968272
-280.042961585642
-280.032405507988
-280.021846735411
-280.011285268013
-280.000721105895
-279.99015424916
-279.979584697909
-279.969012452243
-279.958437512265
-279.947859878076
-279.937279549778
-279.926696527473
-279.916110811263
-279.905522401248
-279.894931297533
-279.884337500218
-279.873741009405
-279.863141825196
-279.852539947694
-279.841935376999
-279.831328113216
-279.820718156444
-279.810105506788
-279.799490164347
-279.788872129226
-279.778251401526
-279.767627981349
-279.757001868797
-279.746373063973
-279.73574156698
-279.725107377918
-279.714470496891
-279.703830924001
-279.693188659351
-279.682543703042
-279.671896055178
-279.66124571586
-279.650592685192
-279.639936963276
-279.629278550213
-279.618617446108
-279.607953651062
-279.597287165178
-279.586617988559
-279.575946121308
-279.565271563526
-279.554594315317
-279.543914376784
-279.53323174803
-279.522546429156
-279.511858420267
-279.501167721465
-279.490474332852
-279.479778254532
-279.469079486607
-279.458378029181
-279.447673882357
-279.436967046237
-279.426257520925
-279.415545306524
-279.404830403136
-279.394112810865
-279.383392529815
-279.372669560087
-279.361943901786
-279.351215555014
-279.340484519875
-279.329750796473
-279.31901438491
-279.308275285289
-279.297533497715
-279.28678902229
-279.276041859118
-279.265292008302
-279.254539469946
-279.243784244153
-279.233026331027
-279.222265730672
-279.21150244319
-279.200736468685
-279.189967807261
-279.179196459023
-279.168422424072
-279.157645702513
-279.14686629445
-279.136084199987
-279.125299419226
-279.114511952273
-279.10372179923
-279.092928960202
-279.082133435293
-279.071335224606
-279.060534328245
-279.049730746315
-279.038924478918
-279.02811552616
-279.017303888145
-279.006489564975
-278.995672556756
-278.984852863591
-278.974030485585
-278.963205422842
-278.952377675465
-278.94154724356
-278.93071412723
-278.919878326579
-278.909039841713
-278.898198672734
-278.887354819749
-278.87650828286
-278.865659062172
-278.85480715779
-278.843952569818
-278.83309529836
-278.822235343522
-278.811372705407
-278.80050738412
-278.789639379766
-278.778768692449
-278.767895322274
-278.757019269345
-278.746140533768
-278.735259115646
-278.724375015086
-278.71348823219
-278.702598767064
-278.691706619814
-278.680811790543
-278.669914279356
-278.659014086359
-278.648111211657
-278.637205655353
-278.626297417554
-278.615386498364
-278.604472897888
-278.593556616232
-278.582637653499
-278.571716009796
-278.560791685228
-278.549864679899
-278.538934993915
-278.52800262738
-278.517067580401
-278.506129853082
-278.495189445529
-278.484246357847
-278.473300590141
-278.462352142516
-278.451401015079
-278.440447207934
-278.429490721186
-278.418531554942
-278.407569709306
-278.396605184384
-278.385637980283
-278.374668097106
-278.36369553496
-278.35272029395
-278.341742374183
-278.330761775763
-278.319778498796
-278.308792543388
-278.297803909645
-278.286812597673
-278.275818607576
-278.264821939462
-278.253822593436
-278.242820569603
-278.23181586807
-278.220808488943
-278.209798432327
-278.198785698328
-278.187770287053
-278.176752198607
-278.165731433097
-278.154707990628
-278.143681871306
-278.132653075239
-278.121621602531
-278.110587453289
-278.099550627619
-278.088511125628
-278.077468947421
-278.066424093105
-278.055376562787
-278.044326356572
-278.033273474566
-278.022217916877
-278.011159683611
-278.000098774874
-277.989035190772
-277.977968931412
-277.9668999969
-277.955828387343
-277.944754102848
-277.933677143521
-277.922597509469
-277.911515200798
-277.900430217615
-277.889342560027
-277.87825222814
-277.867159222061
-277.856063541896
-277.844965187754
-277.83386415974
-277.822760457961
-277.811654082524
-277.800545033536
-277.789433311104
-277.778318915335
-277.767201846336
-277.756082104214
-277.744959689075
-277.733834601027
-277.722706840177
-277.711576406632
-277.700443300499
-277.689307521886
-277.678169070899
-277.667027947645
-277.655884152232
-277.644737684767
-277.633588545358
-277.622436734111
-277.611282251134
-277.600125096535
-277.58896527042
-277.577802772897
-277.566637604074
-277.555469764057
-277.544299252955
-277.533126070875
-277.521950217924
-277.510771694211
-277.499590499842
-277.488406634925
-277.477220099567
-277.466030893878
-277.454839017963
-277.443644471931
-277.43244725589
-277.421247369947
-277.410044814211
-277.398839588788
-277.387631693787
-277.376421129315
-277.365207895481
-277.353991992393
-277.342773420158
-277.331552178884
-277.320328268679
-277.309101689652
-277.29787244191
-277.286640525562
-277.275405940715
-277.264168687478
-277.252928765958
-277.241686176265
-277.230440918505
-277.219192992788
-277.207942399222
-277.196689137914
-277.185433208973
-277.174174612509
-277.162913348627
-277.151649417439
-277.14038281905
-277.129113553571
-277.117841621109
-277.106567021774
-277.095289755672
-277.084009822914
-277.072727223607
-277.061441957861
-277.050154025783
-277.038863427482
-277.027570163068
-277.016274232648
-277.004975636332
-276.993674374228
-276.982370446444
-276.971063853091
-276.959754594276
-276.948442670108
-276.937128080696
-276.92581082615
-276.914490906578
-276.903168322088
-276.89184307279
-276.880515158794
-276.869184580207
-276.857851337139
-276.846515429699
-276.835176857996
-276.82383562214
-276.812491722239
-276.801145158402
-276.789795930739
-276.778444039359
-276.767089484372
-276.755732265885
-276.74437238401
-276.733009838855
-276.721644630529
-276.710276759141
-276.698906224803
-276.687533027621
-276.676157167707
-276.66477864517
-276.653397460118
-276.642013612662
-276.630627102911
-276.619237930975
-276.607846096963
-276.596451600986
-276.585054443152
-276.573654623571
-276.562252142353
-276.550846999608
-276.539439195445
-276.528028729975
-276.516615603307
-276.505199815551
-276.493781366816
-276.482360257214
-276.470936486852
-276.459510055843
-276.448080964295
-276.436649212318
-276.425214800023
-276.413777727519
-276.402337994917
-276.390895602327
-276.379450549859
-276.368002837622
-276.356552465728
-276.345099434285
-276.333643743406
-276.322185393199
-276.310724383776
-276.299260715245
-276.287794387719
-276.276325401306
-276.264853756118
-276.253379452264
-276.241902489856
-276.230422869003
-276.218940589817
-276.207455652407
-276.195968056885
-276.18447780336
-276.172984891943
-276.161489322745
-276.149991095877
-276.138490211449
-276.126986669572
-276.115480470357
-276.103971613913
-276.092460100353
-276.080945929787
-276.069429102325
-276.057909618079
-276.046387477159
-276.034862679677
-276.023335225742
-276.011805115467
-276.000272348961
-275.988736926337
-275.977198847704
-275.965658113175
-275.95411472286
-275.94256867687
-275.931019975317
-275.919468618311
-275.907914605963
-275.896357938386
-275.884798615689
-275.873236637985
-275.861672005384
-275.850104717998
-275.838534775939
-275.826962179316
-275.815386928243
-275.80380902283
-275.792228463189
-275.780645249431
-275.769059381667
-275.75747086001
-275.74587968457
-275.73428585546
-275.72268937279
-275.711090236673
-275.699488447219
-275.687884004542
-275.676276908751
-275.66466715996
-275.653054758279
-275.641439703821
-275.629821996697
-275.61820163702
-275.6065786249
-275.59495296045
-275.583324643782
-275.571693675007
-275.560060054237
-275.548423781586
-275.536784857163
-275.525143281082
-275.513499053455
-275.501852174393
-275.490202644008
-275.478550462414
-275.466895629721
-275.455238146042
-275.44357801149
-275.431915226176
-275.420249790212
-275.408581703712
-275.396910966787
-275.385237579549
-275.373561542111
-275.361882854586
-275.350201517085
-275.338517529721
-275.326830892606
-275.315141605854
-275.303449669576
-275.291755083885
-275.280057848893
-275.268357964714
-275.256655431459
-275.244950249242
-275.233242418174
-275.221531938369
-275.20981880994
-275.198103032998
-275.186384607657
-275.17466353403
-275.162939812229
-275.151213442368
-275.139484424558
-275.127752758914
-275.116018445547
-275.10428148457
-275.092541876098
-275.080799620242
-275.069054717116
-275.057307166833
-275.045556969505
-275.033804125246
-275.022048634169
-275.010290496387
-274.998529712014
-274.986766281161
-274.975000203944
-274.963231480474
-274.951460110865
-274.939686095231
-274.927909433684
-274.916130126339
-274.904348173308
-274.892563574704
-274.880776330642
-274.868986441234
-274.857193906595
-274.845398726837
-274.833600902074
-274.821800432419
-274.809997317987
-274.798191558891
-274.786383155244
-274.77457210716
-274.762758414753
-274.750942078136
-274.739123097423
-274.727301472728
-274.715477204164
-274.703650291846
-274.691820735887
-274.679988536402
-274.668153693503
-274.656316207305
-274.644476077921
-274.632633305467
-274.620787890055
-274.608939831799
-274.597089130815
-274.585235787215
-274.573379801113
-274.561521172625
-274.549659901864
-274.537795988944
-274.525929433979
-274.514060237083
-274.502188398372
-274.490313917958
-274.478436795957
-274.466557032482
-274.454674627648
-274.44278958157
-274.430901894361
-274.419011566136
-274.407118597009
-274.395222987096
-274.38332473651
-274.371423845365
-274.359520313778
-274.347614141861
-274.335705329729
-274.323793877498
-274.311879785282
-274.299963053195
-274.288043681352
-274.276121669868
-274.264197018858
-274.252269728436
-274.240339798717
-274.228407229816
-274.216472021848
-274.204534174927
-274.192593689169
-274.180650564688
-274.1687048016
-274.156756400019
-274.14480536006
-274.132851681839
-274.12089536547
-274.108936411068
-274.096974818749
-274.085010588628
-274.073043720819
-274.061074215438
-274.0491020726
-274.037127292421
-274.025149875015
-274.013169820498
-274.001187128985
-273.989201800592
-273.977213835433
-273.965223233624
-273.953229995281
-273.941234120519
-273.929235609454
-273.9172344622
-273.905230678873
-273.89322425959
-273.881215204465
-273.869203513614
-273.857189187152
-273.845172225196
-273.833152627861
-273.821130395262
-273.809105527515
-273.797078024736
-273.785047887041
-273.773015114546
-273.760979707366
-273.748941665617
-273.736900989414
-273.724857678875
-273.712811734114
-273.700763155248
-273.688711942393
-273.676658095664
-273.664601615178
-273.65254250105
-273.640480753397
-273.628416372335
-273.61634935798
-273.604279710447
-273.592207429854
-273.580132516316
-273.56805496995
-273.555974790871
-273.543891979196
-273.531806535041
-273.519718458524
-273.507627749759
-273.495534408863
-273.483438435953
-273.471339831145
-273.459238594555
-273.4471347263
-273.435028226497
-273.422919095262
-273.410807332711
-273.398692938961
-273.386575914129
-273.374456258331
-273.362333971684
-273.350209054304
-273.338081506309
-273.325951327814
-273.313818518937
-273.301683079795
-273.289545010503
-273.27740431118
-273.265260981942
-273.253115022905
-273.240966434187
-273.228815215904
-273.216661368174
-273.204504891113
-273.192345784839
-273.180184049468
-273.168019685117
-273.155852691904
-273.143683069946
-273.131510819359
-273.119335940261
-273.107158432769
-273.094978297001
-273.082795533073
-273.070610141102
-273.058422121207
-273.046231473503
-273.03403819811
-273.021842295143
-273.00964376472
-272.99744260696
-272.985238821978
-272.973032409892
-272.960823370821
-272.948611704882
-272.936397412191
-272.924180492866
-272.911960947026
-272.899738774788
-272.887513976269
-272.875286551587
-272.86305650086
-272.850823824205
-272.83858852174
-272.826350593583
-272.814110039851
-272.801866860663
-272.789621056136
-272.777372626389
-272.765121571538
-272.752867891702
-272.740611586999
-272.728352657546
-272.716091103463
-272.703826924866
-272.691560121873
-272.679290694604
-272.667018643175
-272.654743967705
-272.642466668313
-272.630186745115
-272.617904198231
-272.605619027779
-272.593331233876
-272.581040816642
-272.568747776194
-272.55645211265
-272.54415382613
-272.531852916751
-272.519549384632
-272.50724322989
-272.494934452646
-272.482623053016
-272.47030903112
-272.457992387076
-272.445673121003
-272.433351233018
-272.421026723241
-272.408699591791
-272.396369838786
-272.384037464344
-272.371702468584
-272.359364851625
-272.347024613586
-272.334681754585
-272.322336274742
-272.309988174175
-272.297637453002
-272.285284111344
-272.272928149318
-272.260569567043
-272.248208364639
-272.235844542224
-272.223478099918
-272.211109037839
-272.198737356107
-272.18636305484
-272.173986134158
-272.161606594179
-272.149224435023
-272.136839656809
-272.124452259657
-272.112062243685
-272.099669609012
-272.087274355759
-272.074876484043
-272.062475993985
-272.050072885704
-272.037667159319
-272.02525881495
-272.012847852716
-272.000434272736
-271.98801807513
-271.975599260017
-271.963177827518
-271.950753777751
-271.938327110835
-271.925897826892
-271.913465926039
-271.901031408398
-271.888594274087
-271.876154523226
-271.863712155935
-271.851267172334
-271.838819572542
-271.82636935668
-271.813916524866
-271.801461077221
-271.789003013865
-271.776542334918
-271.764079040499
-271.751613130729
-271.739144605727
-271.726673465614
-271.714199710509
-271.701723340533
-271.689244355805
-271.676762756446
-271.664278542576
-271.651791714314
-271.639302271782
-271.626810215099
-271.614315544386
-271.601818259762
-271.589318361348
-271.576815849265
-271.564310723632
-271.55180298457
-271.5392926322
-271.526779666642
-271.514264088015
-271.501745896441
-271.489225092041
-271.476701674933
-271.46417564524
-271.451647003082
-271.439115748579
-271.426581881851
-271.41404540302
-271.401506312206
-271.38896460953
-271.376420295113
-271.363873369074
-271.351323831536
-271.338771682618
-271.326216922441
-271.313659551127
-271.301099568796
-271.288536975569
-271.275971771567
-271.263403956911
-271.250833531722
-271.23826049612
-271.225684850228
-271.213106594165
-271.200525728052
-271.187942252012
-271.175356166165
-271.162767470632
-271.150176165534
-271.137582250992
-271.124985727129
-271.112386594064
-271.099784851919
-271.087180500816
-271.074573540875
-271.061963972218
-271.049351794967
-271.036737009243
-271.024119615166
-271.01149961286
-270.998877002444
-270.986251784041
-270.973623957771
-270.960993523758
-270.948360482121
-270.935724832983
-270.923086576465
-270.91044571269
-270.897802241777
-270.88515616385
-270.87250747903
-270.859856187438
-270.847202289197
-270.834545784428
-270.821886673253
-270.809224955794
-270.796560632172
-270.78389370251
-270.771224166929
-270.758552025552
-270.745877278499
-270.733199925895
-270.720519967859
-270.707837404515
-270.695152235984
-270.682464462388
-270.66977408385
-270.657081100492
-270.644385512436
-270.631687319803
-270.618986522717
-270.606283121299
-270.593577115672
-270.580868505957
-270.568157292278
-270.555443474757
-270.542727053515
-270.530008028676
-270.517286400362
-270.504562168694
-270.491835333797
-270.479105895791
-270.4663738548
-270.453639210946
-270.440901964351
-270.428162115139
-270.415419663432
-270.402674609352
-270.389926953022
-270.377176694565
-270.364423834104
-270.351668371761
-270.338910307659
-270.32614964192
-270.313386374668
-270.300620506026
-270.287852036116
-270.27508096506
-270.262307292983
-270.249531020007
-270.236752146255
-270.22397067185
-270.211186596914
-270.198399921572
-270.185610645945
-270.172818770158
-270.160024294333
-270.147227218592
-270.134427543061
-270.121625267861
-270.108820393116
-270.096012918949
-270.083202845483
-270.070390172842
-270.057574901149
-270.044757030527
-270.031936561099
-270.01911349299
-270.006287826322
-269.993459561218
-269.980628697803
-269.9677952362
-269.954959176532
-269.942120518922
-269.929279263495
-269.916435410374
-269.903588959682
-269.890739911544
-269.877888266082
-269.86503402342
-269.852177183683
-269.839317746994
-269.826455713476
-269.813591083254
-269.800723856451
-269.787854033191
-269.774981613598
-269.762106597796
-269.749228985909
-269.73634877806
-269.723465974373
-269.710580574974
-269.697692579984
-269.68480198953
-269.671908803734
-269.659013022721
-269.646114646614
-269.633213675539
-269.620310109618
-269.607403948977
-269.59449519374
-269.58158384403
-269.568669899972
-269.55575336169
-269.542834229309
-269.529912502953
-269.516988182746
-269.504061268813
-269.491131761278
-269.478199660265
-269.465264965899
-269.452327678304
-269.439387797606
-269.426445323927
-269.413500257394
-269.40055259813
-269.387602346261
-269.37464950191
-269.361694065203
-269.348736036263
-269.335775415217
-269.322812202188
-269.309846397301
-269.296878000682
-269.283907012454
-269.270933432743
-269.257957261674
-269.244978499371
-269.231997145959
-269.219013201564
-269.20602666631
-269.193037540322
-269.180045823725
-269.167051516644
-269.154054619205
-269.141055131532
-269.128053053751
-269.115048385986
-269.102041128363
-269.089031281006
-269.076018844042
-269.063003817595
-269.049986201791
-269.036965996755
-269.023943202612
-269.010917819487
-268.997889847506
-268.984859286794
-268.971826137477
-268.95879039968
-268.945752073529
-268.932711159148
-268.919667656664
-268.906621566202
-268.893572887888
-268.880521621846
-268.867467768204
-268.854411327085
-268.841352298617
-268.828290682925
-268.815226480133
-268.802159690369
-268.789090313758
-268.776018350425
-268.762943800497
-268.749866664099
-268.736786941357
-268.723704632397
-268.710619737345
-268.697532256327
-268.684442189468
-268.671349536896
-268.658254298735
-268.645156475111
-268.632056066152
-268.618953071982
-268.605847492728
-268.592739328517
-268.579628579473
-268.566515245724
-268.553399327396
-268.540280824614
-268.527159737506
-268.514036066197
-268.500909810813
-268.487780971481
-268.474649548328
-268.46151554148
-268.448378951062
-268.435239777202
-268.422098020026
-268.40895367966
-268.395806756232
-268.382657249866
-268.369505160691
-268.356350488832
-268.343193234417
-268.330033397571
-268.316870978421
-268.303705977095
-268.290538393718
-268.277368228418
-268.264195481321
-268.251020152554
-268.237842242244
-268.224661750518
-268.211478677502
-268.198293023323
-268.185104788109
-268.171913971985
-268.15872057508
-268.14552459752
-268.132326039432
-268.119124900943
-268.10592118218
-268.09271488327
-268.079506004341
-268.066294545519
-268.053080506931
-268.039863888705
-268.026644690969
-268.013422913848
-268.00019855747
-267.986971621963
-267.973742107454
-267.960510014071
-267.947275341939
-267.934038091188
-267.920798261944
-267.907555854335
-267.894310868488
-267.88106330453
-267.86781316259
-267.854560442794
-267.841305145271
-267.828047270147
-267.81478681755
-267.801523787609
-267.78825818045
-267.774989996201
-267.761719234991
-267.748445896946
-267.735169982194
-267.721891490863
-267.708610423082
-267.695326778977
-267.682040558676
-267.668751762308
-267.655460390001
-267.642166441881
-267.628869918078
-267.615570818719
-267.602269143932
-267.588964893846
-267.575658068587
-267.562348668285
-267.549036693067
-267.535722143061
-267.522405018396
-267.509085319199
-267.4957630456
-267.482438197725
-267.469110775704
-267.455780779665
-267.442448209735
-267.429113066044
-267.415775348719
-267.402435057889
-267.389092193682
-267.375746756227
-267.362398745652
-267.349048162086
-267.335695005656
-267.322339276492
-267.308980974722
-267.295620100475
-267.282256653879
-267.268890635063
-267.255522044155
-267.242150881284
-267.228777146579
-267.215400840169
-267.202021962182
-267.188640512746
-267.175256491992
-267.161869900047
-267.14848073704
-267.1350890031
-267.121694698357
-267.108297822939
-267.094898376974
-267.081496360592
-267.068091773923
-267.054684617094
-267.041274890235
-267.027862593474
-267.014447726942
-267.001030290767
-266.987610285078
-266.974187710005
-266.960762565676
-266.947334852221
-266.933904569769
-266.920471718448
-266.90703629839
-266.893598309722
-266.880157752574
-266.866714627076
-266.853268933357
-266.839820671546
-266.826369841772
-266.812916444166
-266.799460478856
-266.786001945972
-266.772540845643
-266.759077178
-266.745610943172
-266.732142141287
-266.718670772477
-266.70519683687
-266.691720334597
-266.678241265786
-266.664759630568
-266.651275429072
-266.637788661428
-266.624299327767
-266.610807428217
-266.597312962908
-266.583815931971
-266.570316335535
-266.556814173731
-266.543309446688
-266.529802154536
-266.516292297405
-266.502779875425
-266.489264888726
-266.475747337439
-266.462227221693
-266.448704541618
-266.435179297345
-266.421651489004
-266.408121116724
-266.394588180637
-266.381052680872
-266.36751461756
-266.353973990831
-266.340430800815
-266.326885047642
-266.313336731444
-266.29978585235
-266.28623241049
-266.272676405996
-266.259117838997
-266.245556709624
-266.231993018008
-266.218426764279
-266.204857948568
-266.191286571005
-266.177712631721
-266.164136130847
-266.150557068512
-266.136975444849
-266.123391259987
-266.109804514057
-266.09621520719
-266.082623339517
-266.069028911169
-266.055431922276
-266.041832372969
-266.02823026338
-266.014625593639
-266.001018363876
-265.987408574224
-265.973796224812
-265.960181315773
-265.946563847236
-265.932943819333
-265.919321232196
-265.905696085954
-265.89206838074
-265.878438116684
-265.864805293918
-265.851169912573
-265.83753197278
-265.823891474669
-265.810248418374
-265.796602804024
-265.782954631752
-265.769303901688
-265.755650613964
-265.741994768711
-265.728336366061
-265.714675406145
-265.701011889094
-265.687345815041
-265.673677184116
-265.660005996452
-265.646332252179
-265.632655951429
-265.618977094334
-265.605295681026
-265.591611711636
-265.577925186296
-265.564236105138
-265.550544468293
-265.536850275893
-265.52315352807
-265.509454224956
-265.495752366682
-265.482047953381
-265.468340985184
-265.454631462224
-265.440919384631
-265.427204752539
-265.413487566078
-265.399767825382
-265.386045530582
-265.37232068181
-265.358593279198
-265.344863322879
-265.331130812985
-265.317395749647
-265.303658132997
-265.289917963169
-265.276175240294
-265.262429964505
-265.248682135934
-265.234931754713
-265.221178820974
-265.20742333485
-265.193665296473
-265.179904705976
-265.16614156349
-265.15237586915
-265.138607623086
-265.124836825432
-265.111063476319
-265.097287575881
-265.083509124251
-265.06972812156
-265.055944567941
-265.042158463527
-265.028369808451
-265.014578602845
-265.000784846842
-264.986988540575
-264.973189684177
-264.95938827778
-264.945584321517
-264.931777815521
-264.917968759925
-264.904157154862
-264.890343000465
-264.876526296866
-264.862707044199
-264.848885242596
-264.835060892191
-264.821233993117
-264.807404545507
-264.793572549493
-264.779738005209
-264.765900912788
-264.752061272364
-264.738219084069
-264.724374348036
-264.7105270644
-264.696677233292
-264.682824854847
-264.668969929198
-264.655112456478
-264.64125243682
-264.627389870358
-264.613524757225
-264.599657097555
-264.58578689148
-264.571914139136
-264.558038840654
-264.54416099617
-264.530280605815
-264.516397669724
-264.50251218803
-264.488624160868
-264.47473358837
-264.46084047067
-264.446944807903
-264.433046600201
-264.419145847698
-264.405242550529
-264.391336708827
-264.377428322726
-264.363517392359
-264.349603917862
-264.335687899366
-264.321769337007
-264.307848230919
-264.293924581235
-264.279998388089
-264.266069651615
-264.252138371948
-264.238204549222
-264.22426818357
-264.210329275127
-264.196387824026
-264.182443830403
-264.16849729439
-264.154548216123
-264.140596595736
-264.126642433363
-264.112685729138
-264.098726483195
-264.08476469567
-264.070800366695
-264.056833496406
-264.042864084937
-264.028892132423
-264.014917638998
-264.000940604795
-263.986961029951
-263.9729789146
-263.958994258875
-263.945007062912
-263.931017326845
-263.917025050809
-263.903030234938
-263.889032879368
-263.875032984232
-263.861030549666
-263.847025575804
-263.833018062782
-263.819008010733
-263.804995419793
-263.790980290097
-263.776962621779
-263.762942414975
-263.748919669819
-263.734894386446
-263.720866564991
-263.70683620559
-263.692803308377
-263.678767873487
-263.664729901056
-263.650689391218
-263.636646344108
-263.622600759863
-263.608552638616
-263.594501980504
-263.58044878566
-263.566393054222
-263.552334786323
-263.538273982099
-263.524210641686
-263.510144765218
-263.496076352832
-263.482005404662
-263.467931920844
-263.453855901513
-263.439777346805
-263.425696256856
-263.4116126318
-263.397526471774
-263.383437776913
-263.369346547352
-263.355252783228
-263.341156484675
-263.327057651829
-263.312956284827
-263.298852383803
-263.284745948894
-263.270636980235
-263.256525477963
-263.242411442212
-263.228294873119
-263.214175770819
-263.200054135449
-263.185929967144
-263.171803266041
-263.157674032274
-263.143542265981
-263.129407967297
-263.115271136359
-263.101131773301
-263.086989878261
-263.072845451374
-263.058698492777
-263.044549002605
-263.030396980995
-263.016242428084
-263.002085344006
-262.987925728899
-262.973763582899
-262.959598906142
-262.945431698764
-262.931261960902
-262.917089692692
-262.902914894271
-262.888737565774
-262.874557707339
-262.860375319102
-262.846190401198
-262.832002953766
-262.817812976941
-262.80362047086
-262.789425435659
-262.775227871475
-262.761027778445
-262.746825156705
-262.732620006393
-262.718412327644
-262.704202120595
-262.689989385384
-262.675774122147
-262.66155633102
-262.647336012141
-262.633113165647
-262.618887791674
-262.604659890359
-262.59042946184
-262.576196506252
-262.561961023734
-262.547723014421
-262.533482478452
-262.519239415963
-262.504993827091
-262.490745711974
-262.476495070748
-262.46224190355
-262.447986210518
-262.43372799179
-262.419467247501
-262.40520397779
-262.390938182793
-262.376669862648
-262.362399017493
-262.348125647464
-262.333849752699
-262.319571333336
-262.305290389511
-262.291006921362
-262.276720929028
-262.262432412644
-262.248141372349
-262.23384780828
-262.219551720574
-262.20525310937
-262.190951974805
-262.176648317017
-262.162342136142
-262.14803343232
-262.133722205687
-262.119408456381
-262.105092184541
-262.090773390303
-262.076452073806
-262.062128235187
-262.047801874585
-262.033472992136
-262.01914158798
-262.004807662254
-261.990471215096
-261.976132246643
-261.961790757035
-261.947446746408
-261.933100214901
-261.918751162652
-261.9043995898
-261.890045496481
-261.875688882835
-261.861329748999
-261.846968095113
-261.832603921313
-261.818237227738
-261.803868014526
-261.789496281816
-261.775122029747
-261.760745258455
-261.74636596808
-261.73198415876
-261.717599830634
-261.70321298384
-261.688823618516
-261.6744317348
-261.660037332832
-261.64564041275
-261.631240974693
-261.616839018798
-261.602434545205
-261.588027554052
-261.573618045478
-261.559206019621
-261.544791476621
-261.530374416615
-261.515954839744
-261.501532746144
-261.487108135956
-261.472681009318
-261.458251366369
-261.443819207248
-261.429384532093
-261.414947341044
-261.400507634239
-261.386065411818
-261.371620673919
-261.357173420682
-261.342723652245
-261.328271368748
-261.313816570329
-261.299359257129
-261.284899429285
-261.270437086937
-261.255972230224
-261.241504859286
-261.227034974261
-261.212562575289
-261.198087662509
-261.183610236061
-261.169130296084
-261.154647842717
-261.140162876099
-261.12567539637
-261.11118540367
-261.096692898137
-261.082197879912
-261.067700349133
-261.053200305941
-261.038697750475
-261.024192682873
-261.009685103277
-260.995175011826
-260.980662408658
-260.966147293915
-260.951629667735
-260.937109530258
-260.922586881625
-260.908061721974
-260.893534051446
-260.87900387018
-260.864471178316
-260.849935975995
-260.835398263355
-260.820858040537
-260.806315307681
-260.791770064927
-260.777222312414
-260.762672050284
-260.748119278675
-260.733563997727
-260.719006207582
-260.704445908378
-260.689883100257
-260.675317783358
-260.660749957821
-260.646179623787
-260.631606781396
-260.617031430788
-260.602453572103
-260.587873205482
-260.573290331064
-260.558704948991
-260.544117059403
-260.529526662439
-260.514933758241
-260.500338346949
-260.485740428704
-260.471140003645
-260.456537071913
-260.44193163365
-260.427323688994
-260.412713238088
-260.398100281072
-260.383484818085
-260.36886684927
-260.354246374766
-260.339623394714
-260.324997909255
-260.31036991853
-260.29573942268
-260.281106421845
-260.266470916166
-260.251832905784
-260.23719239084
-260.222549371475
-260.207903847829
-260.193255820044
-260.178605288261
-260.16395225262
-260.149296713263
-260.13463867033
-260.119978123963
-260.105315074303
-260.09064952149
-260.075981465667
-260.061310906974
-260.046637845552
-260.031962281543
-260.017284215088
-260.002603646328
-259.987920575404
-259.973235002458
-259.95854692763
-259.943856351063
-259.929163272898
-259.914467693276
-259.899769612338
-259.885069030227
-259.870365947083
-259.855660363047
-259.840952278263
-259.82624169287
-259.811528607011
-259.796813020827
-259.78209493446
-259.767374348051
-259.752651261742
-259.737925675675
-259.723197589992
-259.708467004834
-259.693733920343
-259.67899833666
-259.664260253929
-259.649519672289
-259.634776591884
-259.620031012856
-259.605282935345
-259.590532359494
-259.575779285445
-259.56102371334
-259.546265643321
-259.531505075531
-259.51674201011
-259.501976447201
-259.487208386946
-259.472437829488
-259.457664774968
-259.442889223528
-259.428111175312
-259.413330630461
-259.398547589116
-259.383762051422
-259.368974017519
-259.35418348755
-259.339390461658
-259.324594939985
-259.309796922673
-259.294996409865
-259.280193401702
-259.265387898329
-259.250579899886
-259.235769406517
-259.220956418363
-259.206140935569
-259.191322958276
-259.176502486626
-259.161679520763
-259.146854060829
-259.132026106966
-259.117195659319
-259.102362718028
-259.087527283237
-259.072689355089
-259.057848933726
-259.043006019292
-259.028160611929
-259.01331271178
-258.998462318987
-258.983609433695
-258.968754056045
-258.953896186181
-258.939035824246
-258.924172970382
-258.909307624733
-258.894439787442
-258.879569458652
-258.864696638506
-258.849821327147
-258.834943524718
-258.820063231362
-258.805180447224
-258.790295172445
-258.775407407169
-258.76051715154
-258.7456244057
-258.730729169794
-258.715831443963
-258.700931228353
-258.686028523106
-258.671123328365
-258.656215644274
-258.641305470977
-258.626392808616
-258.611477657336
-258.59656001728
-258.581639888592
-258.566717271415
-258.551792165892
-258.536864572168
-258.521934490386
-258.50700192069
-258.492066863223
-258.477129318129
-258.462189285553
-258.447246765637
-258.432301758525
-258.417354264362
-258.402404283291
-258.387451815456
-258.372496861
-258.357539420069
-258.342579492806
-258.327617079354
-258.312652179858
-258.297684794462
-258.282714923309
-258.267742566545
-258.252767724312
-258.237790396756
-258.22281058402
-258.207828286248
-258.192843503585
-258.177856236174
-258.162866484161
-258.147874247689
-258.132879526902
-258.117882321945
-258.102882632963
-258.087880460098
-258.072875803497
-258.057868663303
-258.042859039661
-258.027846932715
-258.012832342609
-257.997815269489
-257.982795713498
-257.967773674782
-257.952749153484
-257.93772214975
-257.922692663723
-257.90766069555
-257.892626245373
-257.877589313338
-257.862549899591
-257.847508004274
-257.832463627534
-257.817416769514
-257.80236743036
-257.787315610217
-257.772261309229
-257.757204527542
-257.742145265299
-257.727083522647
-257.71201929973
-257.696952596693
-257.681883413681
-257.666811750839
-257.651737608312
-257.636660986245
-257.621581884784
-257.606500304073
-257.591416244257
-257.576329705482
-257.561240687893
-257.546149191635
-257.531055216853
-257.515958763693
-257.5008598323
-257.485758422819
-257.470654535395
-257.455548170174
-257.440439327302
-257.425328006923
-257.410214209183
-257.395097934227
-257.379979182202
-257.364857953252
-257.349734247523
-257.33460806516
-257.31947940631
-257.304348271117
-257.289214659727
-257.274078572287
-257.258940008941
-257.243798969835
-257.228655455116
-257.213509464928
-257.198360999418
-257.18321005873
-257.168056643013
-257.152900752409
-257.137742387067
-257.122581547132
-257.107418232748
-257.092252444064
-257.077084181224
-257.061913444374
-257.046740233661
-257.03156454923
-257.016386391227
-257.001205759799
-256.986022655092
-256.970837077251
-256.955649026424
-256.940458502755
-256.925265506391
-256.91007003748
-256.894872096165
-256.879671682595
-256.864468796915
-256.849263439271
-256.834055609811
-256.818845308679
-256.803632536023
-256.788417291989
-256.773199576724
-256.757979390373
-256.742756733084
-256.727531605003
-256.712304006275
-256.697073937049
-256.681841397471
-256.666606387686
-256.651368907842
-256.636128958085
-256.620886538563
-256.605641649421
-256.590394290806
-256.575144462866
-256.559892165746
-256.544637399594
-256.529380164557
-256.514120460781
-256.498858288413
-256.4835936476
-256.468326538489
-256.453056961226
-256.43778491596
-256.422510402836
-256.407233422002
-256.391953973605
-256.376672057792
-256.36138767471
-256.346100824505
-256.330811507326
-256.315519723319
-256.300225472631
-256.28492875541
-256.269629571803
-256.254327921957
-256.239023806019
-256.223717224137
-256.208408176457
-256.193096663128
-256.177782684296
-256.162466240109
-256.147147330715
-256.13182595626
-256.116502116893
-256.10117581276
-256.085847044009
-256.070515810788
-256.055182113244
-256.039845951525
-256.024507325779
-256.009166236152
-255.993822682793
-255.97847666585
-255.963128185469
-255.947777241799
-255.932423834987
-255.917067965182
-255.90170963253
-255.886348837181
-255.87098557928
-255.855619858978
-255.84025167642
-255.824881031756
-255.809507925133
-255.794132356699
-255.778754326602
-255.76337383499
-255.747990882011
-255.732605467813
-255.717217592544
-255.701827256353
-255.686434459386
-255.671039201794
-255.655641483723
-255.640241305321
-255.624838666738
-255.609433568121
-255.594026009619
-255.578615991379
-255.56320351355
-255.547788576281
-255.53237117972
-255.516951324014
-255.501529009313
-255.486104235766
-255.470677003519
-255.455247312722
-255.439815163524
-255.424380556072
-255.408943490516
-255.393503967004
-255.378061985684
-255.362617546706
-255.347170650217
-255.331721296367
-255.316269485303
-255.300815217176
-255.285358492133
-255.269899310323
-255.254437671896
-255.238973576999
-255.223507025782
-255.208038018393
-255.192566554982
-255.177092635697
-255.161616260687
-255.146137430101
-255.130656144089
-255.115172402798
-255.099686206379
-255.084197554979
-255.068706448749
-255.053212887837
-255.037716872393
-255.022218402565
-255.006717478502
-254.991214100354
-254.975708268271
-254.9601999824
-254.944689242892
-254.929176049896
-254.913660403561
-254.898142304036
-254.882621751471
-254.867098746015
-254.851573287817
-254.836045377028
-254.820515013795
-254.804982198269
-254.7894469306
-254.773909210936
-254.758369039427
-254.742826416224
-254.727281341474
-254.711733815329
-254.696183837937
-254.680631409449
-254.665076530013
-254.64951919978
-254.6339594189
-254.618397187521
-254.602832505795
-254.58726537387
-254.571695791896
-254.556123760024
-254.540549278403
-254.524972347183
-254.509392966513
-254.493811136545
-254.478226857428
-254.462640129311
-254.447050952345
-254.43145932668
-254.415865252466
-254.400268729852
-254.38466975899
-254.369068340029
-254.353464473119
-254.337858158411
-254.322249396054
-254.306638186199
-254.291024528997
-254.275408424596
-254.259789873148
-254.244168874804
-254.228545429712
-254.212919538024
-254.19729119989
-254.181660415461
-254.166027184886
-254.150391508317
-254.134753385903
-254.119112817796
-254.103469804145
-254.087824345102
-254.072176440817
-254.05652609144
-254.040873297122
-254.025218058014
-254.009560374266
-253.993900246029
-253.978237673454
-253.962572656692
-253.946905195892
-253.931235291207
-253.915562942787
-253.899888150782
-253.884210915344
-253.868531236623
-253.85284911477
-253.837164549937
-253.821477542274
-253.805788091932
-253.790096199061
-253.774401863814
-253.758705086342
-253.743005866794
-253.727304205322
-253.711600102078
-253.695893557213
-253.680184570877
-253.664473143222
-253.648759274399
-253.633042964559
-253.617324213854
-253.601603022435
-253.585879390452
-253.570153318058
-253.554424805404
-253.538693852641
-253.52296045992
-253.507224627394
-253.491486355212
-253.475745643528
-253.460002492492
-253.444256902255
-253.42850887297
-253.412758404788
-253.39700549786
-253.381250152338
-253.365492368374
-253.349732146119
-253.333969485725
-253.318204387344
-253.302436851127
-253.286666877227
-253.270894465794
-253.255119616981
-253.239342330939
-253.223562607821
-253.207780447778
-253.191995850962
-253.176208817525
-253.160419347619
-253.144627441396
-253.128833099007
-253.113036320606
-253.097237106343
-253.081435456372
-253.065631370843
-253.049824849909
-253.034015893722
-253.018204502435
-253.002390676199
-252.986574415167
-252.970755719491
-252.954934589323
-252.939111024815
-252.92328502612
-252.90745659339
-252.891625726777
-252.875792426434
-252.859956692512
-252.844118525166
-252.828277924546
-252.812434890805
-252.796589424096
-252.780741524571
-252.764891192383
-252.749038427684
-252.733183230627
-252.717325601364
-252.701465540049
-252.685603046833
-252.669738121869
-252.65387076531
-252.638000977309
-252.622128758019
-252.606254107591
-252.59037702618
-252.574497513937
-252.558615571016
-252.542731197569
-252.526844393749
-252.51095515971
-252.495063495604
-252.479169401583
-252.463272877802
-252.447373924412
-252.431472541568
-252.415568729421
-252.399662488125
-252.383753817834
-252.367842718699
-252.351929190875
-252.336013234515
-252.320094849771
-252.304174036796
-252.288250795745
-252.27232512677
-252.256397030025
-252.240466505662
-252.224533553836
-252.208598174699
-252.192660368405
-252.176720135107
-252.160777474959
-252.144832388113
-252.128884874724
-252.112934934945
-252.09698256893
-252.081027776831
-252.065070558803
-252.049110915
-252.033148845573
-252.017184350678
-252.001217430468
-251.985248085097
-251.969276314717
-251.953302119484
-251.93732549955
-251.92134645507
-251.905364986197
-251.889381093085
-251.873394775888
-251.857406034759
-251.841414869854
-251.825421281324
-251.809425269325
-251.79342683401
-251.777425975534
-251.761422694049
-251.745416989711
-251.729408862673
-251.71339831309
-251.697385341115
-251.681369946903
-251.665352130607
-251.649331892382
-251.633309232382
-251.617284150761
-251.601256647673
-251.585226723273
-251.569194377716
-251.553159611154
-251.537122423742
-251.521082815636
-251.505040786989
-251.488996337955
-251.47294946869
-251.456900179346
-251.44084847008
-251.424794341045
-251.408737792396
-251.392678824287
-251.376617436873
-251.360553630308
-251.344487404748
-251.328418760346
-251.312347697258
-251.296274215637
-251.280198315639
-251.264119997419
-251.248039261131
-251.231956106929
-251.215870534969
-251.199782545406
-251.183692138394
-251.167599314088
-251.151504072643
-251.135406414214
-251.119306338955
-251.103203847023
-251.087098938571
-251.070991613755
-251.054881872729
-251.038769715649
-251.02265514267
-251.006538153947
-250.990418749635
-250.974296929889
-250.958172694864
-250.942046044716
-250.925916979599
-250.909785499669
-250.893651605081
-250.87751529599
-250.861376572553
-250.845235434923
-250.829091883256
-250.812945917708
-250.796797538434
-250.78064674559
-250.76449353933
-250.74833791981
-250.732179887187
-250.716019441615
-250.699856583249
-250.683691312246
-250.667523628761
-250.651353532949
-250.635181024967
-250.619006104969
-250.602828773111
-250.58664902955
-250.570466874441
-250.554282307939
-250.5380953302
-250.521905941381
-250.505714141636
-250.489519931122
-250.473323309995
-250.45712427841
-250.440922836523
-250.424718984491
-250.408512722469
-250.392304050613
-250.376092969079
-250.359879478023
-250.343663577601
-250.32744526797
-250.311224549285
-250.295001421702
-250.278775885378
-250.262547940468
-250.246317587129
-250.230084825518
-250.213849655789
-250.1976120781
-250.181372092607
-250.165129699466
-250.148884898833
-250.132637690865
-250.116388075718
-250.100136053549
-250.083881624513
-250.067624788768
-250.051365546469
-250.035103897773
-250.018839842837
-250.002573381817
-249.98630451487
-249.970033242153
-249.953759563821
-249.937483480032
-249.921204990941
-249.904924096707
-249.888640797485
-249.872355093432
-249.856066984706
-249.839776471461
-249.823483553857
-249.807188232048
-249.790890506193
-249.774590376447
-249.758287842968
-249.741982905913
-249.725675565439
-249.709365821702
-249.693053674859
-249.676739125068
-249.660422172485
-249.644102817268
-249.627781059573
-249.611456899558
-249.595130337379
-249.578801373194
-249.562470007161
-249.546136239435
-249.529800070175
-249.513461499537
-249.497120527679
-249.480777154758
-249.464431380931
-249.448083206356
-249.43173263119
-249.41537965559
-249.399024279714
-249.382666503718
-249.366306327762
-249.349943752001
-249.333578776593
-249.317211401697
-249.300841627469
-249.284469454067
-249.268094881648
-249.25171791037
-249.235338540391
-249.218956771869
-249.20257260496
-249.186186039823
-249.169797076615
-249.153405715495
-249.137011956619
-249.120615800145
-249.104217246232
-249.087816295038
-249.071412946719
-249.055007201434
-249.038599059341
-249.022188520597
-249.005775585361
-248.989360253791
-248.972942526044
-248.956522402278
-248.940099882652
-248.923674967324
-248.907247656451
-248.890817950192
-248.874385848705
-248.857951352148
-248.841514460679
-248.825075174456
-248.808633493638
-248.792189418383
-248.775742948848
-248.759294085193
-248.742842827575
-248.726389176154
-248.709933131086
-248.693474692531
-248.677013860648
-248.660550635593
-248.644085017526
-248.627617006606
-248.61114660299
-248.594673806838
-248.578198618308
-248.561721037558
-248.545241064747
-248.528758700033
-248.512273943575
-248.495786795533
-248.479297256064
-248.462805325326
-248.44631100348
-248.429814290684
-248.413315187095
-248.396813692874
-248.380309808179
-248.363803533169
-248.347294868002
-248.330783812838
-248.314270367835
-248.297754533152
-248.281236308949
-248.264715695384
-248.248192692616
-248.231667300804
-248.215139520108
-248.198609350686
-248.182076792697
-248.1655418463
-248.149004511656
-248.132464788922
-248.115922678258
-248.099378179823
-248.082831293776
-248.066282020278
-248.049730359485
-248.03317631156
-248.016619876659
-248.000061054943
-247.983499846572
-247.966936251704
-247.950370270498
-247.933801903116
-247.917231149715
-247.900658010455
-247.884082485496
-247.867504574997
-247.850924279118
-247.834341598019
-247.817756531858
-247.801169080796
-247.784579244992
-247.767987024606
-247.751392419797
-247.734795430726
-247.718196057552
-247.701594300434
-247.684990159533
-247.668383635008
-247.651774727019
-247.635163435726
-247.618549761289
-247.601933703868
-247.585315263622
-247.568694440711
-247.552071235296
-247.535445647536
-247.518817677592
-247.502187325623
-247.48555459179
-247.468919476252
-247.45228197917
-247.435642100704
-247.418999841013
-247.402355200259
-247.385708178601
-247.369058776199
-247.352406993214
-247.335752829805
-247.319096286134
-247.302437362361
-247.285776058645
-247.269112375147
-247.252446312028
-247.235777869448
-247.219107047567
-247.202433846545
-247.185758266544
-247.169080307724
-247.152399970245
-247.135717254267
-247.119032159952
-247.102344687459
-247.08565483695
-247.068962608585
-247.052268002525
-247.03557101893
-247.018871657961
-247.002169919778
-246.985465804543
-246.968759312417
-246.952050443559
-246.935339198131
-246.918625576294
-246.901909578208
-246.885191204034
-246.868470453934
-246.851747328068
-246.835021826597
-246.818293949681
-246.801563697483
-246.784831070163
-246.768096067882
-246.751358690801
-246.734618939081
-246.717876812883
-246.701132312369
-246.684385437699
-246.667636189035
-246.650884566538
-246.634130570369
-246.617374200689
-246.60061545766
-246.583854341443
-246.567090852199
-246.550324990089
-246.533556755275
-246.516786147918
-246.50001316818
-246.483237816222
-246.466460092205
-246.449679996292
-246.432897528642
-246.416112689419
-246.399325478783
-246.382535896896
-246.36574394392
-246.348949620015
-246.332152925345
-246.31535386007
-246.298552424352
-246.281748618353
-246.264942442234
-246.248133896158
-246.231322980285
-246.214509694779
-246.197694039799
-246.18087601551
-246.164055622071
-246.147232859646
-246.130407728396
-246.113580228483
-246.096750360068
-246.079918123315
-246.063083518384
-246.046246545438
-246.029407204639
-246.012565496149
-245.99572142013
-245.978874976744
-245.962026166154
-245.945174988521
-245.928321444007
-245.911465532775
-245.894607254987
-245.877746610805
-245.860883600392
-245.844018223909
-245.82715048152
-245.810280373386
-245.793407899669
-245.776533060533
-245.759655856139
