-52.0944533000791
-52.1234359415354
-52.1524180813761
-52.1813997193223
-52.210380855095
-52.2393614884154
-52.2683416190045
-52.2973212465835
-52.3263003708735
-52.3552789915955
-52.3842571084708
-52.4132347212204
-52.4422118295655
-52.4711884332272
-52.5001645319267
-52.529140125385
-52.5581152133234
-52.587089795463
-52.6160638715249
-52.6450374412304
-52.6740105043005
-52.7029830604565
-52.7319551094196
-52.7609266509109
-52.7898976846516
-52.8188682103629
-52.8478382277661
-52.8768077365822
-52.9057767365326
-52.9347452273384
-52.9637132087209
-52.9926806804012
-53.0216476421007
-53.0506140935405
-53.0795800344419
-53.1085454645261
-53.1375103835143
-53.1664747911279
-53.1954386870881
-53.2244020711161
-53.2533649429333
-53.2823273022608
-53.31128914882
-53.3402504823321
-53.3692113025185
-53.3981716091004
-53.4271314017991
-53.4560906803359
-53.4850494444322
-53.5140076938092
-53.5429654281883
-53.5719226472907
-53.6008793508379
-53.6298355385511
-53.6587912101517
-53.687746365361
-53.7167010039004
-53.7456551254912
-53.7746087298547
-53.8035618167124
-53.8325143857857
-53.8614664367958
-53.8904179694641
-53.9193689835121
-53.9483194786611
-53.9772694546325
-54.0062189111477
-54.0351678479281
-54.0641162646952
-54.0930641611703
-54.1220115370748
-54.1509583921302
-54.1799047260579
-54.2088505385793
-54.2377958294159
-54.2667405982891
-54.2956848449204
-54.3246285690311
-54.3535717703428
-54.382514448577
-54.411456603455
-54.4403982346984
-54.4693393420286
-54.4982799251672
-54.5272199838355
-54.5561595177552
-54.5850985266476
-54.6140370102344
-54.642974968237
-54.6719124003769
-54.7008493063756
-54.7297856859547
-54.7587215388356
-54.78765686474
-54.8165916633894
-54.8455259345052
-54.8744596778091
-54.9033928930226
-54.9323255798673
-54.9612577380647
-54.9901893673364
-55.0191204674039
-55.0480510379889
-55.0769810788129
-55.1059105895975
-55.1348395700643
-55.163768019935
-55.192695938931
-55.2216233267741
-55.2505501831858
-55.2794765078878
-55.3084023006016
-55.3373275610489
-55.3662522889514
-55.3951764840307
-55.4241001460084
-55.4530232746061
-55.4819458695456
-55.5108679305485
-55.5397894573365
-55.5687104496311
-55.5976309071542
-55.6265508296274
-55.6554702167723
-55.6843890683107
-55.7133073839642
-55.7422251634546
-55.7711424065036
-55.8000591128328
-55.8289752821641
-55.857890914219
-55.8868060087194
-55.915720565387
-55.9446345839435
-55.9735480641106
-56.0024610056102
-56.0313734081639
-56.0602852714935
-56.0891965953208
-56.1181073793675
-56.1470176233555
-56.1759273270064
-56.2048364900422
-56.2337451121845
-56.2626531931552
-56.2915607326761
-56.3204677304689
-56.3493741862555
-56.3782800997577
-56.4071854706974
-56.4360902987962
-56.4649945837762
-56.4938983253591
-56.5228015232667
-56.5517041772209
-56.5806062869436
-56.6095078521566
-56.6384088725818
-56.667309347941
-56.6962092779561
-56.7251086623491
-56.7540075008417
-56.7829057931558
-56.8118035390135
-56.8407007381364
-56.8695973902467
-56.8984934950661
-56.9273890523166
-56.9562840617202
-56.9851785229986
-57.0140724358739
-57.0429658000681
-57.071858615303
-57.1007508813005
-57.1296425977827
-57.1585337644715
-57.1874243810889
-57.2163144473568
-57.2452039629972
-57.2740929277321
-57.3029813412835
-57.3318692033733
-57.3607565137236
-57.3896432720563
-57.4185294780935
-57.4474151315571
-57.4763002321692
-57.5051847796518
-57.534068773727
-57.5629522141167
-57.591835100543
-57.620717432728
-57.6495992103936
-57.678480433262
-57.7073611010552
-57.7362412134952
-57.7651207703042
-57.7939997712042
-57.8228782159172
-57.8517561041655
-57.880633435671
-57.9095102101558
-57.9383864273422
-57.967262086952
-57.9961371887076
-58.025011732331
-58.0538857175442
-58.0827591440695
-58.111632011629
-58.1405043199449
-58.1693760687391
-58.198247257734
-58.2271178866517
-58.2559879552142
-58.2848574631439
-58.3137264101629
-58.3425947959932
-58.3714626203572
-58.400329882977
-58.4291965835748
-58.4580627218728
-58.4869282975933
-58.5157933104583
-58.5446577601901
-58.573521646511
-58.6023849691432
-58.6312477278089
-58.6601099222303
-58.6889715521297
-58.7178326172293
-58.7466931172514
-58.7755530519182
-58.804412420952
-58.8332712240751
-58.8621294610098
-58.8909871314782
-58.9198442352028
-58.9487007719058
-58.9775567413095
-59.0064121431361
-59.0352669771081
-59.0641212429477
-59.0929749403772
-59.121828069119
-59.1506806288953
-59.1795326194286
-59.2083840404411
-59.2372348916553
-59.2660851727934
-59.2949348835778
-59.3237840237308
-59.3526325929749
-59.3814805910325
-59.4103280176258
-59.4391748724773
-59.4680211553093
-59.4968668658443
-59.5257120038047
-59.5545565689128
-59.5834005608911
-59.612243979462
-59.6410868243479
-59.6699290952713
-59.6987707919545
-59.72761191412
-59.7564524614903
-59.7852924337878
-59.814131830735
-59.8429706520542
-59.8718088974681
-59.9006465666991
-59.9294836594695
-59.958320175502
-59.987156114519
-60.0159914762431
-60.0448262603966
-60.0736604667021
-60.1024940948821
-60.1313271446592
-60.1601596157559
-60.1889915078946
-60.217822820798
-60.2466535541885
-60.2754837077887
-60.3043132813211
-60.3331422745084
-60.3619706870731
-60.3907985187376
-60.4196257692247
-60.4484524382569
-60.4772785255567
-60.5061040308468
-60.5349289538498
-60.5637532942882
-60.5925770518847
-60.6214002263618
-60.6502228174422
-60.6790448248485
-60.7078662483034
-60.7366870875295
-60.7655073422493
-60.7943270121856
-60.823146097061
-60.8519645965982
-60.8807825105198
-60.9095998385485
-60.938416580407
-60.9672327358179
-60.9960483045039
-61.0248632861878
-61.0536776805922
-61.0824914874397
-61.1113047064533
-61.1401173373554
-61.1689293798689
-61.1977408337165
-61.2265516986209
-61.2553619743049
-61.2841716604911
-61.3129807569024
-61.3417892632614
-61.370597179291
-61.3994045047139
-61.4282112392529
-61.4570173826307
-61.4858229345702
-61.5146278947941
-61.5434322630252
-61.5722360389863
-61.6010392224002
-61.6298418129897
-61.6586438104777
-61.687445214587
-61.7162460250403
-61.7450462415605
-61.7738458638705
-61.8026448916931
-61.8314433247512
-61.8602411627675
-61.8890384054651
-61.9178350525666
-61.9466311037951
-61.9754265588733
-62.0042214175242
-62.0330156794707
-62.0618093444356
-62.0906024121418
-62.1193948823124
-62.14818675467
-62.1769780289378
-62.2057687048386
-62.2345587820954
-62.263348260431
-62.2921371395684
-62.3209254192306
-62.3497130991405
-62.3785001790211
-62.4072866585953
-62.4360725375862
-62.4648578157166
-62.4936424927096
-62.5224265682882
-62.5512100421753
-62.579992914094
-62.6087751837672
-62.637556850918
-62.6663379152694
-62.6951183765444
-62.723898234466
-62.7526774887572
-62.7814561391412
-62.8102341853409
-62.8390116270795
-62.8677884640799
-62.8965646960652
-62.9253403227585
-62.9541153438829
-62.9828897591614
-63.0116635683171
-63.0404367710732
-63.0692093671527
-63.0979813562788
-63.1267527381744
-63.1555235125628
-63.1842936791671
-63.2130632377104
-63.2418321879158
-63.2706005295065
-63.2993682622056
-63.3281353857363
-63.3569018998217
-63.385667804185
-63.4144330985493
-63.4431977826379
-63.4719618561739
-63.5007253188804
-63.5294881704808
-63.5582504106981
-63.5870120392556
-63.6157730558766
-63.6445334602841
-63.6732932522015
-63.7020524313519
-63.7308109974586
-63.7595689502448
-63.7883262894338
-63.8170830147489
-63.8458391259132
-63.8745946226501
-63.9033495046828
-63.9321037717345
-63.9608574235287
-63.9896104597885
-64.0183628802372
-64.0471146845982
-64.0758658725947
-64.1046164439501
-64.1333663983877
-64.1621157356307
-64.1908644554026
-64.2196125574266
-64.2483600414261
-64.2771069071245
-64.305853154245
-64.3345987825111
-64.3633437916462
-64.3920881813735
-64.4208319514164
-64.4495751014984
-64.4783176313428
-64.5070595406731
-64.5358008292125
-64.5645414966846
-64.5932815428127
-64.6220209673202
-64.6507597699307
-64.6794979503674
-64.7082355083539
-64.7369724436135
-64.7657087558698
-64.7944444448462
-64.823179510266
-64.8519139518529
-64.8806477693303
-64.9093809624216
-64.9381135308504
-64.96684547434
-64.9955767926141
-65.0243074853961
-65.0530375524095
-65.0817669933779
-65.1104958080247
-65.1392239960735
-65.1679515572479
-65.1966784912712
-65.2254047978672
-65.2541304767593
-65.2828555276711
-65.3115799503261
-65.340303744448
-65.3690269097603
-65.3977494459866
-65.4264713528504
-65.4551926300754
-65.4839132773852
-65.5126332945033
-65.5413526811533
-65.570071437059
-65.5987895619438
-65.6275070555315
-65.6562239175457
-65.6849401477099
-65.713655745748
-65.7423707113834
-65.7710850443399
-65.7997987443411
-65.8285118111107
-65.8572242443724
-65.8859360438499
-65.9146472092668
-65.9433577403468
-65.9720676368137
-66.0007768983911
-66.0294855248028
-66.0581935157725
-66.0869008710239
-66.1156075902807
-66.1443136732667
-66.1730191197057
-66.2017239293213
-66.2304281018373
-66.2591316369775
-66.2878345344657
-66.3165367940256
-66.345238415381
-66.3739393982558
-66.4026397423736
-66.4313394474583
-66.4600385132337
-66.4887369394237
-66.5174347257519
-66.5461318719423
-66.5748283777187
-66.6035242428049
-66.6322194669247
-66.6609140498021
-66.6896079911608
-66.7183012907248
-66.7469939482178
-66.7756859633638
-66.8043773358866
-66.8330680655102
-66.8617581519584
-66.8904475949551
-66.9191363942242
-66.9478245494897
-66.9765120604754
-67.0051989269052
-67.0338851485032
-67.0625707249932
-67.0912556560992
-67.119939941545
-67.1486235810548
-67.1773065743524
-67.2059889211618
-67.234670621207
-67.2633516742119
-67.2920320799006
-67.320711837997
-67.3493909482251
-67.378069410309
-67.4067472239725
-67.4354243889399
-67.464100904935
-67.4927767716819
-67.5214519889047
-67.5501265563273
-67.5788004736739
-67.6074737406684
-67.636146357035
-67.6648183224977
-67.6934896367806
-67.7221602996077
-67.7508303107032
-67.7794996697911
-67.8081683765955
-67.8368364308406
-67.8655038322504
-67.894170580549
-67.9228366754607
-67.9515021167094
-67.9801669040195
-68.0088310371148
-68.0374945157198
-68.0661573395584
-68.0948195083548
-68.1234810218333
-68.152141879718
-68.180802081733
-68.2094616276026
-68.2381205170509
-68.2667787498022
-68.2954363255806
-68.3240932441104
-68.3527495051157
-68.3814051083208
-68.41006005345
-68.4387143402274
-68.4673679683774
-68.4960209376241
-68.5246732476918
-68.5533248983047
-68.5819758891872
-68.6106262200635
-68.6392758906579
-68.6679249006947
-68.6965732498982
-68.7252209379926
-68.7538679647023
-68.7825143297516
-68.8111600328648
-68.8398050737662
-68.8684494521802
-68.8970931678311
-68.9257362204433
-68.954378609741
-68.9830203354487
-69.0116613972907
-69.0403017949914
-69.0689415282752
-69.0975805968664
-69.1262190004894
-69.1548567388687
-69.1834938117286
-69.2121302187935
-69.2407659597879
-69.2694010344361
-69.2980354424627
-69.326669183592
-69.3553022575484
-69.3839346640565
-69.4125664028407
-69.4411974736254
-69.469827876135
-69.4984576100942
-69.5270866752273
-69.5557150712588
-69.5843427979133
-69.6129698549152
-69.641596241989
-69.6702219588593
-69.6988470052505
-69.7274713808872
-69.7560950854939
-69.7847181187951
-69.8133404805154
-69.8419621703794
-69.8705831881116
-69.8992035334365
-69.9278232060788
-69.9564422057629
-69.9850605322136
-70.0136781851553
-70.0422951643127
-70.0709114694103
-70.0995271001728
-70.1281420563248
-70.156756337591
-70.1853699436958
-70.2139828743641
-70.2425951293203
-70.2712067082892
-70.2998176109954
-70.3284278371636
-70.3570373865185
-70.3856462587846
-70.4142544536868
-70.4428619709496
-70.4714688102978
-70.500074971456
-70.528680454149
-70.5572852581015
-70.5858893830382
-70.6144928286839
-70.6430955947632
-70.6716976810009
-70.7002990871218
-70.7288998128505
-70.7574998579119
-70.7860992220307
-70.8146979049317
-70.8432959063397
-70.8718932259794
-70.9004898635757
-70.9290858188533
-70.957681091537
-70.9862756813517
-71.0148695880222
-71.0434628112732
-71.0720553508297
-71.1006472064164
-71.1292383777582
-71.15782886458
-71.1864186666066
-71.2150077835629
-71.2435962151737
-71.2721839611639
-71.3007710212584
-71.3293573951821
-71.3579430826599
-71.3865280834166
-71.4151123971773
-71.4436960236668
-71.47227896261
-71.5008612137318
-71.5294427767573
-71.5580236514113
-71.5866038374188
-71.6151833345047
-71.6437621423941
-71.6723402608118
-71.7009176894829
-71.7294944281323
-71.758070476485
-71.786645834266
-71.8152205012004
-71.8437944770131
-71.8723677614291
-71.9009403541735
-71.9295122549713
-71.9580834635475
-71.9866539796271
-72.0152238029353
-72.0437929331971
-72.0723613701375
-72.1009291134816
-72.1294961629545
-72.1580625182812
-72.1866281791869
-72.2151931453967
-72.2437574166355
-72.2723209926287
-72.3008838731012
-72.3294460577782
-72.3580075463848
-72.3865683386461
-72.4151284342874
-72.4436878330337
-72.4722465346102
-72.5008045387421
-72.5293618451545
-72.5579184535726
-72.5864743637217
-72.6150295753267
-72.6435840881131
-72.672137901806
-72.7006910161305
-72.7292434308119
-72.7577951455755
-72.7863461601464
-72.8148964742499
-72.8434460876113
-72.8719949999557
-72.9005432110085
-72.9290907204948
-72.9576375281401
-72.9861836336695
-73.0147290368083
-73.0432737372819
-73.0718177348155
-73.1003610291344
-73.1289036199639
-73.1574455070294
-73.1859866900562
-73.2145271687695
-73.2430669428949
-73.2716060121575
-73.3001443762827
-73.3286820349959
-73.3572189880226
-73.3857552350879
-73.4142907759174
-73.4428256102363
-73.4713597377702
-73.4998931582443
-73.5284258713841
-73.556957876915
-73.5854891745625
-73.6140197640519
-73.6425496451087
-73.6710788174583
-73.6996072808262
-73.7281350349378
-73.7566620795186
-73.785188414294
-73.8137140389896
-73.8422389533308
-73.870763157043
-73.8992866498519
-73.9278094314828
-73.9563315016613
-73.984852860113
-74.0133735065632
-74.0418934407377
-74.0704126623618
-74.0989311711611
-74.1274489668613
-74.1559660491877
-74.1844824178661
-74.212998072622
-74.2415130131809
-74.2700272392685
-74.2985407506102
-74.3270535469318
-74.3555656279588
-74.3840769934169
-74.4125876430316
-74.4410975765286
-74.4696067936334
-74.4981152940719
-74.5266230775695
-74.555130143852
-74.583636492645
-74.6121421236741
-74.6406470366651
-74.6691512313436
-74.6976547074354
-74.726157464666
-74.7546595027612
-74.7831608214468
-74.8116614204484
-74.8401612994917
-74.8686604583025
-74.8971588966065
-74.9256566141295
-74.9541536105971
-74.9826498857353
-75.0111454392696
-75.0396402709259
-75.06813438043
-75.0966277675077
-75.1251204318847
-75.1536123732868
-75.1821035914399
-75.2105940860697
-75.2390838569022
-75.267572903663
-75.296061226078
-75.3245488238732
-75.3530356967742
-75.381521844507
-75.4100072667975
-75.4384919633714
-75.4669759339547
-75.4954591782733
-75.523941696053
-75.5524234870198
-75.5809045508995
-75.6093848874181
-75.6378644963014
-75.6663433772754
-75.6948215300661
-75.7232989543992
-75.751775650001
-75.7802516165971
-75.8087268539137
-75.8372013616766
-75.8656751396119
-75.8941481874456
-75.9226205049035
-75.9510920917118
-75.9795629475963
-76.0080330722832
-76.0365024654985
-76.064971126968
-76.093439056418
-76.1219062535744
-76.1503727181632
-76.1788384499106
-76.2073034485425
-76.2357677137851
-76.2642312453643
-76.2926940430063
-76.3211561064373
-76.3496174353832
-76.3780780295701
-76.4065378887242
-76.4349970125715
-76.4634554008383
-76.4919130532506
-76.5203699695346
-76.5488261494163
-76.577281592622
-76.6057362988779
-76.63419026791
-76.6626434994445
-76.6910959932077
-76.7195477489256
-76.7479987663245
-76.7764490451307
-76.8048985850702
-76.8333473858694
-76.8617954472544
-76.8902427689514
-76.9186893506867
-76.9471351921866
-76.9755802931772
-77.0040246533849
-77.0324682725359
-77.0609111503564
-77.0893532865728
-77.1177946809113
-77.1462353330983
-77.1746752428599
-77.2031144099226
-77.2315528340126
-77.2599905148563
-77.28842745218
-77.3168636457099
-77.3452990951726
-77.3737338002942
-77.4021677608012
-77.4306009764199
-77.4590334468768
-77.4874651718981
-77.5158961512102
-77.5443263845396
-77.5727558716127
-77.6011846121557
-77.6296126058953
-77.6580398525578
-77.6864663518695
-77.714892103557
-77.7433171073467
-77.771741362965
-77.8001648701384
-77.8285876285934
-77.8570096380564
-77.8854308982539
-77.9138514089124
-77.9422711697584
-77.9706901805184
-77.9991084409188
-78.0275259506863
-78.0559427095472
-78.0843587172282
-78.1127739734558
-78.1411884779565
-78.169602230457
-78.1980152306836
-78.226427478363
-78.2548389732219
-78.2832497149866
-78.3116597033839
-78.3400689381403
-78.3684774189825
-78.396885145637
-78.4252921178304
-78.4536983352894
-78.4821037977407
-78.5105085049107
-78.5389124565263
-78.567315652314
-78.5957180920005
-78.6241197753124
-78.6525207019765
-78.6809208717194
-78.7093202842678
-78.7377189393484
-78.7661168366879
-78.794513976013
-78.8229103570505
-78.851305979527
-78.8797008431692
-78.9080949477041
-78.9364882928581
-78.9648808783582
-78.9932727039311
-79.0216637693035
-79.0500540742023
-79.0784436183541
-79.1068324014859
-79.1352204233244
-79.1636076835963
-79.1919941820286
-79.220379918348
-79.2487648922814
-79.2771491035556
-79.3055325518974
-79.3339152370336
-79.3622971586913
-79.3906783165971
-79.419058710478
-79.4474383400609
-79.4758172050726
-79.50419530524
-79.5325726402901
-79.5609492099496
-79.5893250139457
-79.6177000520051
-79.6460743238549
-79.6744478292218
-79.702820567833
-79.7311925394153
-79.7595637436957
-79.7879341804012
-79.8163038492587
-79.8446727499952
-79.8730408823378
-79.9014082460133
-79.9297748407489
-79.9581406662715
-79.9865057223081
-80.0148700085857
-80.0432335248315
-80.0715962707724
-80.0999582461355
-80.1283194506479
-80.1566798840365
-80.1850395460285
-80.213398436351
-80.241756554731
-80.2701139008957
-80.298470474572
-80.3268262754872
-80.3551813033684
-80.3835355579426
-80.4118890389371
-80.4402417460788
-80.4685936790951
-80.496944837713
-80.5252952216597
-80.5536448306624
-80.5819936644482
-80.6103417227443
-80.6386890052779
-80.6670355117763
-80.6953812419665
-80.7237261955759
-80.7520703723316
-80.7804137719609
-80.808756394191
-80.8370982387491
-80.8654393053625
-80.8937795937585
-80.9221191036643
-80.9504578348072
-80.9787957869144
-81.0071329597133
-81.0354693529311
-81.0638049662952
-81.0921397995328
-81.1204738523714
-81.1488071245381
-81.1771396157603
-81.2054713257654
-81.2338022542807
-81.2621324010336
-81.2904617657515
-81.3187903481616
-81.3471181479914
-81.3754451649683
-81.4037713988196
-81.4320968492727
-81.4604215160551
-81.4887453988943
-81.5170684975174
-81.5453908116522
-81.5737123410258
-81.6020330853659
-81.6303530443999
-81.6586722178551
-81.6869906054592
-81.7153082069395
-81.7436250220236
-81.7719410504388
-81.8002562919129
-81.8285707461731
-81.8568844129471
-81.8851972919624
-81.9135093829465
-81.9418206856269
-81.9701311997312
-81.9984409249869
-82.0267498611215
-82.0550580078628
-82.0833653649382
-82.1116719320752
-82.1399777090016
-82.1682826954448
-82.1965868911326
-82.2248902957924
-82.253192909152
-82.2814947309389
-82.3097957608809
-82.3380959987054
-82.3663954441402
-82.394694096913
-82.4229919567513
-82.4512890233829
-82.4795852965355
-82.5078807759367
-82.5361754613142
-82.5644693523958
-82.5927624489092
-82.6210547505819
-82.6493462571419
-82.6776369683168
-82.7059268838344
-82.7342160034224
-82.7625043268086
-82.7907918537207
-82.8190785838865
-82.8473645170338
-82.8756496528904
-82.903933991184
-82.9322175316425
-82.9605002739937
-82.9887822179654
-83.0170633632854
-83.0453437096816
-83.0736232568818
-83.1019020046138
-83.1301799526056
-83.1584571005849
-83.1867334482797
-83.2150089954177
-83.243283741727
-83.2715576869354
-83.2998308307708
-83.3281031729611
-83.3563747132342
-83.3846454513181
-83.4129153869407
-83.4411845198299
-83.4694528497137
-83.4977203763201
-83.5259870993769
-83.5542530186122
-83.582518133754
-83.6107824445302
-83.6390459506689
-83.667308651898
-83.6955705479456
-83.7238316385396
-83.7520919234081
-83.7803514022792
-83.8086100748808
-83.836867940941
-83.865125000188
-83.8933812523497
-83.9216366971542
-83.9498913343295
-83.9781451636039
-84.0063981847054
-84.034650397362
-84.062901801302
-84.0911523962533
-84.1194021819443
-84.1476511581029
-84.1758993244573
-84.2041466807357
-84.2323932266662
-84.260638961977
-84.2888838863963
-84.3171279996523
-84.3453713014731
-84.3736137915869
-84.401855469722
-84.4300963356065
-84.4583363889687
-84.4865756295369
-84.5148140570392
-84.5430516712038
-84.5712884717591
-84.5995244584334
-84.6277596309548
-84.6559939890516
-84.6842275324522
-84.7124602608848
-84.7406921740777
-84.7689232717592
-84.7971535536577
-84.8253830195014
-84.8536116690188
-84.881839501938
-84.9100665179876
-84.9382927168958
-84.966518098391
-84.9947426622016
-85.0229664080559
-85.0511893356823
-85.0794114448093
-85.1076327351651
-85.1358532064784
-85.1640728584773
-85.1922916908905
-85.2205097034463
-85.2487268958731
-85.2769432678994
-85.3051588192536
-85.3333735496643
-85.3615874588599
-85.3898005465689
-85.4180128125197
-85.4462242564409
-85.4744348780609
-85.5026446771083
-85.5308536533116
-85.5590618063994
-85.5872691361001
-85.6154756421423
-85.6436813242545
-85.6718861821654
-85.7000902156034
-85.7282934242972
-85.7564958079753
-85.7846973663664
-85.812898099199
-85.8410980062017
-85.8692970871032
-85.897495341632
-85.9256927695169
-85.9538893704864
-85.9820851442692
-86.0102800905939
-86.0384742091893
-86.0666674997839
-86.0948599621065
-86.1230515958857
-86.1512424008503
-86.1794323767289
-86.2076215232503
-86.2358098401431
-86.2639973271362
-86.2921839839582
-86.3203698103378
-86.3485548060039
-86.3767389706852
-86.4049223041104
-86.4331048060083
-86.4612864761077
-86.4894673141375
-86.5176473198263
-86.5458264929031
-86.5740048330966
-86.6021823401356
-86.630359013749
-86.6585348536656
-86.6867098596142
-86.7148840313238
-86.7430573685231
-86.7712298709411
-86.7994015383066
-86.8275723703486
-86.8557423667958
-86.8839115273772
-86.9120798518218
-86.9402473398584
-86.968413991216
-86.9965798056234
-87.0247447828098
-87.0529089225039
-87.0810722244348
-87.1092346883313
-87.1373963139226
-87.1655571009376
-87.1937170491053
-87.2218761581546
-87.2500344278146
-87.2781918578143
-87.3063484478827
-87.3345041977489
-87.3626591071419
-87.3908131757907
-87.4189664034244
-87.447118789772
-87.4752703345627
-87.5034210375255
-87.5315708983896
-87.5597199168839
-87.5878680927376
-87.6160154256798
-87.6441619154397
-87.6723075617464
-87.7004523643289
-87.7285963229165
-87.7567394372383
-87.7848817070235
-87.8130231320012
-87.8411637119006
-87.8693034464509
-87.8974423353813
-87.925580378421
-87.9537175752992
-87.9818539257452
-88.0099894294881
-88.0381240862571
-88.0662578957816
-88.0943908577908
-88.1225229720139
-88.1506542381803
-88.1787846560191
-88.2069142252597
-88.2350429456313
-88.2631708168633
-88.291297838685
-88.3194240108256
-88.3475493330146
-88.3756738049812
-88.4037974264548
-88.4319201971647
-88.4600421168403
-88.488163185211
-88.516283402006
-88.5444027669549
-88.572521279787
-88.6006389402317
-88.6287557480184
-88.6568717028765
-88.6849868045355
-88.7131010527248
-88.7412144471737
-88.7693269876118
-88.7974386737686
-88.8255495053734
-88.8536594821558
-88.8817686038452
-88.9098768701711
-88.9379842808631
-88.9660908356505
-88.9941965342631
-89.0223013764301
-89.0504053618813
-89.0785084903461
-89.1066107615541
-89.1347121752348
-89.1628127311178
-89.1909124289326
-89.2190112684089
-89.2471092492763
-89.2752063712642
-89.3033026341024
-89.3313980375205
-89.359492581248
-89.3875862650146
-89.4156790885499
-89.4437710515836
-89.4718621538454
-89.4999523950648
-89.5280417749716
-89.5561302932954
-89.584217949766
-89.612304744113
-89.6403906760661
-89.6684757453551
-89.6965599517096
-89.7246432948594
-89.7527257745342
-89.7808073904639
-89.808888142378
-89.8369680300064
-89.8650470530789
-89.8931252113252
-89.9212025044751
-89.9492789322585
-89.9773544944051
-90.0054291906447
-90.0335030207071
-90.0615759843223
-90.0896480812199
-90.11771931113
-90.1457896737822
-90.1738591689065
-90.2019277962328
-90.2299955554909
-90.2580624464106
-90.2861284687221
-90.314193622155
-90.3422579064393
-90.370321321305
-90.398383866482
-90.4264455417002
-90.4545063466895
-90.4825662811799
-90.5106253449014
-90.538683537584
-90.5667408589575
-90.5947973087521
-90.6228528866977
-90.6509075925243
-90.6789614259619
-90.7070143867405
-90.7350664745903
-90.7631176892411
-90.791168030423
-90.8192174978662
-90.8472660913007
-90.8753138104565
-90.9033606550637
-90.9314066248524
-90.9594517195528
-90.9874959388948
-91.0155392826087
-91.0435817504245
-91.0716233420724
-91.0996640572826
-91.127703895785
-91.15574285731
-91.1837809415877
-91.2118181483482
-91.2398544773218
-91.2678899282386
-91.2959245008288
-91.3239581948226
-91.3519910099503
-91.3800229459421
-91.4080540025281
-91.4360841794387
-91.4641134764041
-91.4921418931545
-91.5201694294202
-91.5481960849316
-91.5762218594187
-91.6042467526121
-91.6322707642419
-91.6602938940384
-91.688316141732
-91.7163375070531
-91.7443579897319
-91.7723775894987
-91.800396306084
-91.8284141392181
-91.8564310886313
-91.8844471540541
-91.9124623352167
-91.9404766318497
-91.9684900436834
-91.9965025704482
-92.0245142118746
-92.0525249676929
-92.0805348376336
-92.1085438214272
-92.1365519188041
-92.1645591294947
-92.1925654532295
-92.2205708897391
-92.2485754387538
-92.2765791000043
-92.3045818732209
-92.3325837581342
-92.3605847544748
-92.3885848619731
-92.4165840803597
-92.4445824093652
-92.47257984872
-92.5005763981548
-92.5285720574001
-92.5565668261865
-92.5845607042446
-92.6125536913051
-92.6405457870984
-92.6685369913552
-92.6965273038062
-92.724516724182
-92.7525052522131
-92.7804928876304
-92.8084796301643
-92.8364654795457
-92.8644504355051
-92.8924344977732
-92.9204176660808
-92.9483999401586
-92.9763813197372
-93.0043618045473
-93.0323413943198
-93.0603200887852
-93.0882978876745
-93.1162747907183
-93.1442507976473
-93.1722259081924
-93.2002001220844
-93.228173439054
-93.256145858832
-93.2841173811492
-93.3120880057364
-93.3400577323246
-93.3680265606444
-93.3959944904267
-93.4239615214024
-93.4519276533023
-93.4798928858574
-93.5078572187983
-93.5358206518562
-93.5637831847618
-93.591744817246
-93.6197055490398
-93.647665379874
-93.6756243094797
-93.7035823375876
-93.7315394639289
-93.7594956882343
-93.787451010235
-93.8154054296618
-93.8433589462457
-93.8713115597177
-93.8992632698088
-93.9272140762501
-93.9551639787724
-93.9831129771069
-94.0110610709846
-94.0390082601365
-94.0669545442937
-94.0948999231871
-94.122844396548
-94.1507879641073
-94.1787306255962
-94.2066723807456
-94.2346132292868
-94.2625531709509
-94.2904922054689
-94.3184303325719
-94.3463675519912
-94.3743038634578
-94.402239266703
-94.4301737614578
-94.4581073474534
-94.4860400244211
-94.5139717920919
-94.5419026501972
-94.569832598468
-94.5977616366357
-94.6256897644314
-94.6536169815864
-94.6815432878318
-94.7094686828991
-94.7373931665193
-94.7653167384238
-94.7932393983439
-94.8211611460108
-94.8490819811558
-94.8770019035103
-94.9049209128055
-94.9328390087727
-94.9607561911433
-94.9886724596487
-95.0165878140201
-95.0445022539889
-95.0724157792865
-95.1003283896442
-95.1282400847935
-95.1561508644657
-95.1840607283922
-95.2119696763045
-95.2398777079338
-95.2677848230118
-95.2956910212697
-95.3235963024391
-95.3515006662513
-95.3794041124379
-95.4073066407303
-95.43520825086
-95.4631089425585
-95.4910087155573
-95.5189075695878
-95.5468055043816
-95.5747025196702
-95.6025986151852
-95.630493790658
-95.6583880458202
-95.6862813804035
-95.7141737941393
-95.7420652867592
-95.7699558579948
-95.7978455075777
-95.8257342352395
-95.8536220407118
-95.8815089237262
-95.9093948840144
-95.937279921308
-95.9651640353386
-95.9930472258379
-96.0209294925375
-96.0488108351692
-96.0766912534646
-96.1045707471553
-96.1324493159732
-96.1603269596499
-96.188203677917
-96.2160794705064
-96.2439543371498
-96.271828277579
-96.2997012915256
-96.3275733787214
-96.3554445388982
-96.3833147717878
-96.411184077122
-96.4390524546325
-96.4669199040512
-96.4947864251099
-96.5226520175404
-96.5505166810746
-96.5783804154442
-96.6062432203811
-96.6341050956173
-96.6619660408845
-96.6898260559147
-96.7176851404396
-96.7455432941913
-96.7734005169016
-96.8012568083025
-96.8291121681258
-96.8569665961035
-96.8848200919676
-96.9126726554498
-96.9405242862824
-96.9683749841971
-96.9962247489261
-97.0240735802011
-97.0519214777544
-97.0797684413178
-97.1076144706233
-97.1354595654031
-97.1633037253891
-97.1911469503133
-97.2189892399079
-97.2468305939048
-97.2746710120361
-97.3025104940339
-97.3303490396304
-97.3581866485575
-97.3860233205474
-97.4138590553322
-97.441693852644
-97.4695277122149
-97.4973606337771
-97.5251926170628
-97.553023661804
-97.580853767733
-97.6086829345819
-97.6365111620829
-97.6643384499681
-97.6921647979699
-97.7199902058204
-97.7478146732519
-97.7756381999964
-97.8034607857864
-97.831282430354
-97.8591031334315
-97.8869228947512
-97.9147417140452
-97.942559591046
-97.9703765254858
-97.998192517097
-98.0260075656117
-98.0538216707623
-98.0816348322813
-98.1094470499008
-98.1372583233532
-98.165068652371
-98.1928780366864
-98.2206864760319
-98.2484939701398
-98.2763005187425
-98.3041061215724
-98.3319107783619
-98.3597144888435
-98.3875172527495
-98.4153190698125
-98.4431199397648
-98.4709198623389
-98.4987188372673
-98.5265168642824
-98.5543139431168
-98.5821100735028
-98.6099052551731
-98.6376994878601
-98.6654927712964
-98.6932851052145
-98.7210764893468
-98.7488669234261
-98.7766564071847
-98.8044449403553
-98.8322325226705
-98.8600191538629
-98.8878048336649
-98.9155895618093
-98.9433733380286
-98.9711561620555
-98.9989380336226
-99.0267189524625
-99.0544989183079
-99.0822779308915
-99.1100559899458
-99.1378330952036
-99.1656092463976
-99.1933844432604
-99.2211586855247
-99.2489319729234
-99.276704305189
-99.3044756820543
-99.3322461032521
-99.3600155685151
-99.3877840775761
-99.4155516301678
-99.443318226023
-99.4710838648745
-99.498848546455
-99.5266122704975
-99.5543750367346
-99.5821368448993
-99.6098976947244
-99.6376575859426
-99.6654165182868
-99.69317449149
-99.7209315052849
-99.7486875594045
-99.7764426535816
-99.8041967875492
-99.8319499610401
-99.8597021737872
-99.8874534255235
-99.9152037159819
-99.9429530448953
-99.9707014119968
-99.9984488170192
-100.026195259696
-100.053940739759
-100.081685256942
-100.109428810978
-100.1371714016
-100.164913028541
-100.192653691534
-100.220393390311
-100.248132124607
-100.275869894154
-100.303606698685
-100.331342537933
-100.359077411632
-100.386811319514
-100.414544261312
-100.44227623676
-100.470007245591
-100.497737287537
-100.525466362333
-100.55319446971
-100.580921609403
-100.608647781144
-100.636372984667
-100.664097219705
-100.691820485991
-100.719542783257
-100.747264111239
-100.774984469668
-100.802703858277
-100.830422276801
-100.858139724972
-100.885856202524
-100.91357170919
-100.941286244703
-100.968999808796
-100.996712401203
-101.024424021657
-101.052134669891
-101.079844345639
-101.107553048634
-101.135260778609
-101.162967535298
-101.190673318434
-101.218378127751
-101.246081962981
-101.273784823859
-101.301486710117
-101.329187621489
-101.356887557708
-101.384586518509
-101.412284503623
-101.439981512786
-101.467677545729
-101.495372602188
-101.523066681894
-101.550759784582
-101.578451909985
-101.606143057836
-101.63383322787
-101.661522419819
-101.689210633418
-101.716897868399
-101.744584124496
-101.772269401444
-101.799953698974
-101.827637016822
-101.85531935472
-101.883000712402
-101.910681089602
-101.938360486053
-101.96603890149
-101.993716335644
-102.021392788252
-102.049068259045
-102.076742747757
-102.104416254123
-102.132088777876
-102.159760318749
-102.187430876477
-102.215100450793
-102.24276904143
-102.270436648123
-102.298103270605
-102.32576890861
-102.353433561872
-102.381097230124
-102.408759913101
-102.436421610535
-102.464082322162
-102.491742047714
-102.519400786925
-102.54705853953
-102.574715305262
-102.602371083854
-102.630025875042
-102.657679678558
-102.685332494137
-102.712984321512
-102.740635160417
-102.768285010587
-102.795933871755
-102.823581743655
-102.85122862602
-102.878874518586
-102.906519421085
-102.934163333253
-102.961806254822
-102.989448185526
-103.017089125101
-103.044729073279
-103.072368029795
-103.100005994382
-103.127642966776
-103.155278946709
-103.182913933916
-103.210547928131
-103.238180929088
-103.26581293652
-103.293443950163
-103.32107396975
-103.348702995016
-103.376331025693
-103.403958061518
-103.431584102223
-103.459209147542
-103.486833197211
-103.514456250962
-103.542078308531
-103.569699369652
-103.597319434058
-103.624938501483
-103.652556571663
-103.680173644331
-103.707789719221
-103.735404796068
-103.763018874606
-103.79063195457
-103.818244035692
-103.845855117709
-103.873465200353
-103.901074283359
-103.928682366463
-103.956289449397
-103.983895531896
-104.011500613695
-104.039104694528
-104.066707774128
-104.094309852232
-104.121910928573
-104.149511002884
-104.177110074902
-104.20470814436
-104.232305210992
-104.259901274533
-104.287496334717
-104.31509039128
-104.342683443954
-104.370275492476
-104.397866536578
-104.425456575996
-104.453045610465
-104.480633639717
-104.508220663489
-104.535806681515
-104.563391693529
-104.590975699265
-104.618558698459
-104.646140690845
-104.673721676157
-104.70130165413
-104.728880624498
-104.756458586996
-104.784035541359
-104.811611487322
-104.839186424618
-104.866760352983
-104.894333272151
-104.921905181857
-104.949476081836
-104.977045971821
-105.004614851549
-105.032182720753
-105.059749579168
-105.087315426529
-105.114880262571
-105.142444087029
-105.170006899636
-105.197568700128
-105.22512948824
-105.252689263707
-105.280248026262
-105.307805775641
-105.33536251158
-105.362918233811
-105.390472942071
-105.418026636095
-105.445579315616
-105.47313098037
-105.500681630092
-105.528231264516
-105.555779883378
-105.583327486413
-105.610874073354
-105.638419643938
-105.665964197898
-105.693507734971
-105.721050254891
-105.748591757392
-105.77613224221
-105.80367170908
-105.831210157737
-105.858747587915
-105.886283999351
-105.913819391777
-105.941353764931
-105.968887118546
-105.996419452358
-106.023950766102
-106.051481059513
-106.079010332325
-106.106538584275
-106.134065815096
-106.161592024525
-106.189117212296
-106.216641378144
-106.244164521805
-106.271686643013
-106.299207741504
-106.326727817013
-106.354246869276
-106.381764898026
-106.409281902999
-106.436797883932
-106.464312840558
-106.491826772613
-106.519339679832
-106.54685156195
-106.574362418703
-106.601872249827
-106.629381055055
-106.656888834124
-106.684395586768
-106.711901312723
-106.739406011725
-106.766909683508
-106.794412327808
-106.821913944361
-106.849414532901
-106.876914093163
-106.904412624885
-106.931910127799
-106.959406601643
-106.986902046151
-107.014396461059
-107.041889846102
-107.069382201016
-107.096873525536
-107.124363819397
-107.151853082335
-107.179341314085
-107.206828514383
-107.234314682965
-107.261799819565
-107.28928392392
-107.316766995764
-107.344249034834
-107.371730040864
-107.399210013591
-107.42668895275
-107.454166858076
-107.481643729305
-107.509119566173
-107.536594368415
-107.564068135766
-107.591540867963
-107.619012564741
-107.646483225836
-107.673952850983
-107.701421439917
-107.728888992375
-107.756355508093
-107.783820986805
-107.811285428248
-107.838748832157
-107.866211198268
-107.893672526316
-107.921132816038
-107.94859206717
-107.976050279446
-108.003507452602
-108.030963586375
-108.0584186805
-108.085872734713
-108.11332574875
-108.140777722346
-108.168228655237
-108.19567854716
-108.22312739785
-108.250575207042
-108.278021974473
-108.305467699879
-108.332912382995
-108.360356023558
-108.387798621302
-108.415240175965
-108.442680687282
-108.470120154989
-108.497558578821
-108.524995958516
-108.552432293808
-108.579867584434
-108.607301830129
-108.63473503063
-108.662167185673
-108.689598294994
-108.717028358328
-108.744457375412
-108.771885345982
-108.799312269774
-108.826738146523
-108.854162975967
-108.88158675784
-108.909009491879
-108.936431177821
-108.963851815401
-108.991271404355
-109.01868994442
-109.046107435331
-109.073523876825
-109.100939268638
-109.128353610507
-109.155766902166
-109.183179143353
-109.210590333804
-109.238000473254
-109.265409561441
-109.2928175981
-109.320224582967
-109.34763051578
-109.375035396273
-109.402439224184
-109.429841999248
-109.457243721202
-109.484644389782
-109.512044004725
-109.539442565767
-109.566840072643
-109.594236525092
-109.621631922848
-109.649026265648
-109.676419553228
-109.703811785326
-109.731202961677
-109.758593082017
-109.785982146084
-109.813370153613
-109.840757104342
-109.868142998005
-109.895527834341
-109.922911613084
-109.950294333973
-109.977675996742
-110.00505660113
-110.032436146872
-110.059814633704
-110.087192061364
-110.114568429587
-110.141943738111
-110.169317986672
-110.196691175006
-110.22406330285
-110.251434369941
-110.278804376015
-110.306173320809
-110.333541204059
-110.360908025502
-110.388273784875
-110.415638481915
-110.443002116357
-110.470364687939
-110.497726196397
-110.525086641468
-110.552446022888
-110.579804340396
-110.607161593726
-110.634517782616
-110.661872906802
-110.689226966022
-110.716579960012
-110.743931888509
-110.771282751249
-110.79863254797
-110.825981278408
-110.8533289423
-110.880675539382
-110.908021069393
-110.935365532067
-110.962708927143
-110.990051254358
-111.017392513447
-111.044732704148
-111.072071826198
-111.099409879334
-111.126746863292
-111.15408277781
-111.181417622624
-111.208751397471
-111.236084102089
-111.263415736215
-111.290746299584
-111.318075791935
-111.345404213004
-111.372731562529
-111.400057840245
-111.427383045891
-111.454707179203
-111.482030239919
-111.509352227775
-111.536673142509
-111.563992983857
-111.591311751556
-111.618629445345
-111.645946064959
-111.673261610136
-111.700576080614
-111.727889476128
-111.755201796417
-111.782513041218
-111.809823210267
-111.837132303302
-111.86444032006
-111.891747260278
-111.919053123694
-111.946357910044
-111.973661619067
-112.000964250498
-112.028265804076
-112.055566279538
-112.08286567662
-112.110163995061
-112.137461234597
-112.164757394966
-112.192052475905
-112.219346477152
-112.246639398443
-112.273931239517
-112.30122200011
-112.328511679959
-112.355800278803
-112.383087796379
-112.410374232424
-112.437659586675
-112.46494385887
-112.492227048746
-112.51950915604
-112.546790180491
-112.574070121836
-112.601348979811
-112.628626754155
-112.655903444605
-112.683179050899
-112.710453572774
-112.737727009967
-112.764999362216
-112.792270629259
-112.819540810833
-112.846809906676
-112.874077916525
-112.901344840118
-112.928610677192
-112.955875427486
-112.983139090736
-113.010401666681
-113.037663155057
-113.064923555604
-113.092182868057
-113.119441092156
-113.146698227637
-113.173954274238
-113.201209231697
-113.228463099752
-113.255715878141
-113.282967566601
-113.310218164869
-113.337467672684
-113.364716089784
-113.391963415906
-113.419209650788
-113.446454794167
-113.473698845782
-113.500941805371
-113.52818367267
-113.555424447419
-113.582664129355
-113.609902718215
-113.637140213738
-113.664376615661
-113.691611923723
-113.718846137661
-113.746079257213
-113.773311282118
-113.800542212112
-113.827772046934
-113.855000786323
-113.882228430015
-113.909454977749
-113.936680429263
-113.963904784294
-113.991128042582
-114.018350203863
-114.045571267876
-114.072791234359
-114.10001010305
-114.127227873687
-114.154444546008
-114.181660119751
-114.208874594655
-114.236087970457
-114.263300246895
-114.290511423708
-114.317721500633
-114.34493047741
-114.372138353775
-114.399345129467
-114.426550804225
-114.453755377786
-114.480958849889
-114.508161220272
-114.535362488673
-114.56256265483
-114.589761718482
-114.616959679367
-114.644156537223
-114.671352291788
-114.698546942801
-114.72574049
-114.752932933122
-114.780124271908
-114.807314506094
-114.83450363542
-114.861691659623
-114.888878578442
-114.916064391615
-114.94324909888
-114.970432699977
-114.997615194643
-115.024796582617
-115.051976863637
-115.079156037442
-115.10633410377
-115.133511062359
-115.160686912949
-115.187861655277
-115.215035289081
-115.242207814102
-115.269379230076
-115.296549536743
-115.32371873384
-115.350886821107
-115.378053798282
-115.405219665104
-115.432384421311
-115.459548066642
-115.486710600835
-115.513872023629
-115.541032334762
-115.568191533974
-115.595349621003
-115.622506595586
-115.649662457465
-115.676817206375
-115.703970842057
-115.73112336425
-115.758274772691
-115.78542506712
-115.812574247274
-115.839722312894
-115.866869263718
-115.894015099484
-115.921159819931
-115.948303424798
-115.975445913824
-116.002587286747
-116.029727543307
-116.056866683242
-116.08400470629
-116.111141612192
-116.138277400685
-116.165412071509
-116.192545624403
-116.219678059104
-116.246809375353
-116.273939572887
-116.301068651447
-116.32819661077
-116.355323450597
-116.382449170665
-116.409573770714
-116.436697250482
-116.463819609709
-116.490940848134
-116.518060965495
-116.545179961532
-116.572297835983
-116.599414588589
-116.626530219087
-116.653644727216
-116.680758112717
-116.707870375327
-116.734981514787
-116.762091530834
-116.789200423209
-116.816308191649
-116.843414835896
-116.870520355687
-116.897624750761
-116.924728020858
-116.951830165718
-116.978931185079
-117.006031078679
-117.03312984626
-117.060227487559
-117.087324002317
-117.114419390272
-117.141513651163
-117.16860678473
-117.195698790712
-117.222789668848
-117.249879418878
-117.27696804054
-117.304055533575
-117.331141897722
-117.358227132719
-117.385311238307
-117.412394214224
-117.43947606021
-117.466556776004
-117.493636361346
-117.520714815975
-117.54779213963
-117.574868332052
-117.601943392978
-117.62901732215
-117.656090119305
-117.683161784185
-117.710232316527
-117.737301716072
-117.764369982559
-117.791437115728
-117.818503115318
-117.845567981069
-117.87263171272
-117.89969431001
-117.92675577268
-117.953816100469
-117.980875293117
-118.007933350362
-118.034990271945
-118.062046057606
-118.089100707083
-118.116154220117
-118.143206596447
-118.170257835813
-118.197307937954
-118.224356902611
-118.251404729522
-118.278451418428
-118.305496969069
-118.332541381183
-118.359584654512
-118.386626788793
-118.413667783768
-118.440707639176
-118.467746354757
-118.494783930251
-118.521820365397
-118.548855659935
-118.575889813605
-118.602922826147
-118.629954697301
-118.656985426807
-118.684015014403
-118.711043459832
-118.738070762831
-118.765096923141
-118.792121940503
-118.819145814656
-118.846168545339
-118.873190132293
-118.900210575258
-118.927229873974
-118.95424802818
-118.981265037617
-119.008280902025
-119.035295621144
-119.062309194713
-119.089321622473
-119.116332904164
-119.143343039526
-119.170352028299
-119.197359870222
-119.224366565037
-119.251372112483
-119.2783765123
-119.305379764229
-119.33238186801
-119.359382823381
-119.386382630085
-119.413381287861
-119.440378796449
-119.46737515559
-119.494370365023
-119.521364424488
-119.548357333727
-119.575349092479
-119.602339700485
-119.629329157484
-119.656317463217
-119.683304617425
-119.710290619847
-119.737275470224
-119.764259168296
-119.791241713803
-119.818223106486
-119.845203346086
-119.872182432342
-119.899160364995
-119.926137143785
-119.953112768453
-119.980087238738
-120.007060554383
-120.034032715126
-120.061003720708
-120.08797357087
-120.114942265352
-120.141909803895
-120.168876186239
-120.195841412125
-120.222805481292
-120.249768393483
-120.276730148436
-120.303690745893
-120.330650185594
-120.35760846728
-120.384565590692
-120.411521555569
-120.438476361653
-120.465430008683
-120.492382496402
-120.519333824549
-120.546283992864
-120.57323300109
-120.600180848965
-120.627127536232
-120.65407306263
-120.6810174279
-120.707960631783
-120.73490267402
-120.761843554351
-120.788783272518
-120.81572182826
-120.842659221319
-120.869595451435
-120.896530518349
-120.923464421802
-120.950397161535
-120.977328737289
-121.004259148804
-121.031188395821
-121.058116478081
-121.085043395325
-121.111969147294
-121.138893733729
-121.16581715437
-121.192739408958
-121.219660497235
-121.246580418941
-121.273499173818
-121.300416761605
-121.327333182045
-121.354248434877
-121.381162519844
-121.408075436685
-121.434987185143
-121.461897764958
-121.488807175871
-121.515715417623
-121.542622489955
-121.569528392608
-121.596433125323
-121.623336687842
-121.650239079906
-121.677140301254
-121.70404035163
-121.730939230773
-121.757836938426
-121.784733474328
-121.811628838221
-121.838523029847
-121.865416048947
-121.892307895261
-121.919198568531
-121.946088068499
-121.972976394904
-121.99986354749
-122.026749525996
-122.053634330165
-122.080517959736
-122.107400414453
-122.134281694056
-122.161161798286
-122.188040726884
-122.214918479593
-122.241795056152
-122.268670456305
-122.295544679791
-122.322417726353
-122.349289595732
-122.376160287668
-122.403029801905
-122.429898138182
-122.456765296242
-122.483631275825
-122.510496076674
-122.53735969853
-122.564222141133
-122.591083404227
-122.617943487552
-122.644802390849
-122.671660113861
-122.698516656329
-122.725372017993
-122.752226198597
-122.779079197881
-122.805931015588
-122.832781651457
-122.859631105233
-122.886479376654
-122.913326465465
-122.940172371405
-122.967017094217
-122.993860633643
-123.020702989423
-123.047544161301
-123.074384149017
-123.101222952312
-123.12806057093
-123.154897004611
-123.181732253098
-123.208566316132
-123.235399193454
-123.262230884807
-123.289061389933
-123.315890708572
-123.342718840468
-123.369545785361
-123.396371542994
-123.423196113108
-123.450019495446
-123.476841689749
-123.503662695758
-123.530482513217
-123.557301141867
-123.584118581449
-123.610934831706
-123.637749892379
-123.664563763211
-123.691376443944
-123.718187934319
-123.744998234078
-123.771807342964
-123.798615260718
-123.825421987083
-123.8522275218
-123.879031864611
-123.905835015259
-123.932636973485
-123.959437739033
-123.986237311642
-124.013035691057
-124.039832877019
-124.066628869269
-124.093423667551
-124.120217271606
-124.147009681177
-124.173800896005
-124.200590915833
-124.227379740402
-124.254167369456
-124.280953802737
-124.307739039985
-124.334523080945
-124.361305925358
-124.388087572966
-124.414868023511
-124.441647276737
-124.468425332384
-124.495202190196
-124.521977849915
-124.548752311283
-124.575525574042
-124.602297637935
-124.629068502703
-124.655838168091
-124.682606633839
-124.70937389969
-124.736139965387
-124.762904830672
-124.789668495288
-124.816430958976
-124.84319222148
-124.869952282542
-124.896711141904
-124.923468799308
-124.950225254498
-124.976980507216
-125.003734557204
-125.030487404204
-125.057239047961
-125.083989488215
-125.110738724709
-125.137486757187
-125.16423358539
-125.190979209061
-125.217723627943
-125.244466841779
-125.271208850311
-125.297949653281
-125.324689250433
-125.351427641509
-125.378164826252
-125.404900804404
-125.431635575708
-125.458369139908
-125.485101496744
-125.511832645961
-125.538562587302
-125.565291320508
-125.592018845322
-125.618745161488
-125.645470268748
-125.672194166846
-125.698916855523
-125.725638334522
-125.752358603587
-125.779077662461
-125.805795510886
-125.832512148604
-125.85922757536
-125.885941790896
-125.912654794954
-125.939366587278
-125.966077167611
-125.992786535696
-126.019494691274
-126.046201634091
-126.072907363888
-126.099611880409
-126.126315183396
-126.153017272592
-126.179718147741
-126.206417808586
-126.233116254869
-126.259813486334
-126.286509502724
-126.313204303782
-126.339897889251
-126.366590258874
-126.393281412394
-126.419971349554
-126.446660070098
-126.473347573769
-126.500033860309
-126.526718929463
-126.553402780972
-126.580085414582
-126.606766830033
-126.633447027071
-126.660126005437
-126.686803764876
-126.713480305131
-126.740155625944
-126.76682972706
-126.793502608221
-126.820174269171
-126.846844709653
-126.873513929411
-126.900181928187
-126.926848705725
-126.953514261769
-126.980178596062
-127.006841708347
-127.033503598368
-127.060164265867
-127.08682371059
-127.113481932278
-127.140138930676
-127.166794705527
-127.193449256574
-127.22010258356
-127.246754686231
-127.273405564328
-127.300055217595
-127.326703645777
-127.353350848615
-127.379996825855
-127.40664157724
-127.433285102512
-127.459927401417
-127.486568473697
-127.513208319095
-127.539846937357
-127.566484328224
-127.593120491442
-127.619755426753
-127.646389133901
-127.673021612631
-127.699652862684
-127.726282883807
-127.752911675741
-127.779539238231
-127.806165571021
-127.832790673854
-127.859414546474
-127.886037188625
-127.91265860005
-127.939278780494
-127.965897729701
-127.992515447413
-128.019131933375
-128.045747187332
-128.072361209026
-128.098973998201
-128.125585554602
-128.152195877972
-128.178804968055
-128.205412824596
-128.232019447338
-128.258624836024
-128.2852289904
-128.311831910209
-128.338433595194
-128.365034045101
-128.391633259673
-128.418231238653
-128.444827981787
-128.471423488818
-128.49801775949
-128.524610793547
-128.551202590733
-128.577793150793
-128.60438247347
-128.630970558509
-128.657557405653
-128.684143014648
-128.710727385236
-128.737310517162
-128.763892410171
-128.790473064006
-128.817052478412
-128.843630653133
-128.870207587913
-128.896783282497
-128.923357736628
-128.949930950051
-128.97650292251
-129.00307365375
-129.029643143514
-129.056211391547
-129.082778397594
-129.109344161399
-129.135908682705
-129.162471961258
-129.189033996801
-129.21559478908
-129.242154337838
-129.26871264282
-129.295269703771
-129.321825520434
-129.348380092554
-129.374933419876
-129.401485502144
-129.428036339103
-129.454585930497
-129.48113427607
-129.507681375567
-129.534227228733
-129.560771835312
-129.587315195049
-129.613857307688
-129.640398172973
-129.66693779065
-129.693476160463
-129.720013282157
-129.746549155476
-129.773083780164
-129.799617155967
-129.82614928263
-129.852680159896
-129.87920978751
-129.905738165217
-129.932265292763
-129.958791169891
-129.985315796346
-130.011839171873
-130.038361296217
-130.064882169123
-130.091401790334
-130.117920159597
-130.144437276656
-130.170953141255
-130.19746775314
-130.223981112056
-130.250493217746
-130.277004069957
-130.303513668432
-130.330022012918
-130.356529103157
-130.383034938897
-130.409539519881
-130.436042845855
-130.462544916563
-130.48904573175
-130.515545291162
-130.542043594543
-130.568540641638
-130.595036432192
-130.621530965951
-130.648024242659
-130.674516262062
-130.701007023904
-130.72749652793
-130.753984773886
-130.780471761517
-130.806957490567
-130.833441960782
-130.859925171907
-130.886407123688
-130.912887815868
-130.939367248194
-130.965845420411
-130.992322332263
-131.018797983496
-131.045272373856
-131.071745503087
-131.098217370934
-131.124687977144
-131.151157321461
-131.17762540363
-131.204092223396
-131.230557780506
-131.257022074704
-131.283485105736
-131.309946873346
-131.336407377281
-131.362866617285
-131.389324593105
-131.415781304485
-131.44223675117
-131.468690932907
-131.49514384944
-131.521595500516
-131.548045885879
-131.574495005275
-131.600942858449
-131.627389445147
-131.653834765114
-131.680278818096
-131.706721603839
-131.733163122087
-131.759603372587
-131.786042355084
-131.812480069323
-131.838916515051
-131.865351692012
-131.891785599952
-131.918218238617
-131.944649607753
-131.971079707105
-131.997508536419
-132.02393609544
-132.050362383914
-132.076787401588
-132.103211148205
-132.129633623513
-132.156054827257
-132.182474759182
-132.208893419035
-132.235310806561
-132.261726921506
-132.288141763616
-132.314555332637
-132.340967628313
-132.367378650392
-132.393788398619
-132.420196872739
-132.446604072499
-132.473009997645
-132.499414647922
-132.525818023076
-132.552220122854
-132.578620947001
-132.605020495263
-132.631418767386
-132.657815763115
-132.684211482198
-132.71060592438
-132.736999089406
-132.763390977024
-132.789781586978
-132.816170919015
-132.842558972881
-132.868945748323
-132.895331245085
-132.921715462914
-132.948098401557
-132.974480060759
-133.000860440267
-133.027239539826
-133.053617359183
-133.079993898083
-133.106369156274
-133.132743133501
-133.159115829511
-133.185487244049
-133.211857376861
-133.238226227695
-133.264593796296
-133.290960082411
-133.317325085785
-133.343688806166
-133.370051243299
-133.39641239693
-133.422772266807
-133.449130852674
-133.47548815428
-133.501844171369
-133.528198903689
-133.554552350985
-133.580904513004
-133.607255389493
-133.633604980198
-133.659953284865
-133.68630030324
-133.712646035071
-133.738990480104
-133.765333638085
-133.79167550876
-133.818016091876
-133.84435538718
-133.870693394418
-133.897030113337
-133.923365543683
-133.949699685203
-133.976032537643
-134.00236410075
-134.02869437427
-134.055023357951
-134.081351051538
-134.107677454779
-134.13400256742
-134.160326389207
-134.186648919888
-134.212970159209
-134.239290106916
-134.265608762757
-134.291926126478
-134.318242197826
-134.344556976548
-134.37087046239
-134.397182655099
-134.423493554422
-134.449803160106
-134.476111471897
-134.502418489543
-134.528724212789
-134.555028641384
-134.581331775074
-134.607633613605
-134.633934156725
-134.660233404181
-134.686531355719
-134.712828011087
-134.73912337003
-134.765417432297
-134.791710197634
-134.818001665789
-134.844291836507
-134.870580709536
-134.896868284624
-134.923154561517
-134.949439539962
-134.975723219706
-135.002005600496
-135.02828668208
-135.054566464205
-135.080844946616
-135.107122129063
-135.133398011291
-135.159672593048
-135.185945874081
-135.212217854137
-135.238488532964
-135.264757910308
-135.291025985917
-135.317292759538
-135.343558230918
-135.369822399804
-135.396085265944
-135.422346829085
-135.448607088974
-135.474866045358
-135.501123697985
-135.527380046602
-135.553635090957
-135.579888830796
-135.606141265867
-135.632392395918
-135.658642220695
-135.684890739947
-135.71113795342
-135.737383860862
-135.76362846202
-135.789871756642
-135.816113744475
-135.842354425267
-135.868593798766
-135.894831864717
-135.92106862287
-135.947304072972
-135.97353821477
-135.999771048011
-136.026002572444
-136.052232787816
-136.078461693873
-136.104689290365
-136.130915577039
-136.157140553641
-136.183364219921
-136.209586575624
-136.2358076205
-136.262027354296
-136.288245776759
-136.314462887637
-136.340678686678
-136.366893173629
-136.393106348238
-136.419318210254
-136.445528759423
-136.471737995493
-136.497945918213
-136.52415252733
-136.550357822591
-136.576561803746
-136.60276447054
-136.628965822723
-136.655165860042
-136.681364582245
-136.70756198908
-136.733758080295
-136.759952855637
-136.786146314855
-136.812338457696
-136.838529283908
-136.86471879324
-136.89090698544
-136.917093860254
-136.943279417432
-136.969463656722
-136.99564657787
-137.021828180626
-137.048008464737
-137.074187429952
-137.100365076018
-137.126541402684
-137.152716409697
-137.178890096806
-137.205062463759
-137.231233510304
-137.257403236189
-137.283571641162
-137.309738724972
-137.335904487366
-137.362068928094
-137.388232046902
-137.414393843539
-137.440554317754
-137.466713469295
-137.49287129791
-137.519027803346
-137.545182985354
-137.57133684368
-137.597489378073
-137.623640588282
-137.649790474054
-137.675939035139
-137.702086271284
-137.728232182238
-137.754376767749
-137.780520027565
-137.806661961436
-137.832802569109
-137.858941850333
-137.885079804856
-137.911216432427
-137.937351732795
-137.963485705707
-137.989618350912
-138.015749668159
-138.041879657196
-138.068008317772
-138.094135649635
-138.120261652534
-138.146386326218
-138.172509670435
-138.198631684933
-138.224752369462
-138.250871723769
-138.276989747605
-138.303106440716
-138.329221802852
-138.355335833762
-138.381448533193
-138.407559900896
-138.433669936619
-138.459778640109
-138.485886011117
-138.511992049391
-138.538096754679
-138.564200126731
-138.590302165294
-138.616402870119
-138.642502240954
-138.668600277547
-138.694696979648
-138.720792347005
-138.746886379367
-138.772979076483
-138.799070438103
-138.825160463974
-138.851249153846
-138.877336507467
-138.903422524588
-138.929507204956
-138.95559054832
-138.981672554431
-139.007753223035
-139.033832553884
-139.059910546725
-139.085987201308
-139.112062517381
-139.138136494694
-139.164209132996
-139.190280432036
-139.216350391563
-139.242419011326
-139.268486291074
-139.294552230557
-139.320616829523
-139.346680087722
-139.372742004903
-139.398802580815
-139.424861815207
-139.450919707829
-139.47697625843
-139.503031466758
-139.529085332564
-139.555137855596
-139.581189035604
-139.607238872337
-139.633287365545
-139.659334514976
-139.68538032038
-139.711424781507
-139.737467898105
-139.763509669925
-139.789550096714
-139.815589178224
-139.841626914203
-139.867663304401
-139.893698348567
-139.919732046451
-139.945764397801
-139.971795402369
-139.997825059902
-140.023853370151
-140.049880332864
-140.075905947793
-140.101930214685
-140.127953133291
-140.153974703361
-140.179994924643
-140.206013796888
-140.232031319844
-140.258047493263
-140.284062316892
-140.310075790482
-140.336087913783
-140.362098686544
-140.388108108515
-140.414116179446
-140.440122899086
-140.466128267185
-140.492132283493
-140.518134947759
-140.544136259734
-140.570136219166
-140.596134825807
-140.622132079405
-140.64812797971
-140.674122526473
-140.700115719443
-140.72610755837
-140.752098043003
-140.778087173094
-140.804074948391
-140.830061368644
-140.856046433604
-140.88203014302
-140.908012496643
-140.933993494222
-140.959973135506
-140.985951420248
-141.011928348195
-141.037903919098
-141.063878132708
-141.089850988774
-141.115822487047
-141.141792627275
-141.16776140921
-141.193728832602
-141.2196948972
-141.245659602755
-141.271622949017
-141.297584935736
-141.323545562662
-141.349504829545
-141.375462736136
-141.401419282184
-141.427374467441
-141.453328291655
-141.479280754578
-141.505231855959
-141.53118159555
-141.557129973099
-141.583076988358
-141.609022641076
-141.634966931005
-141.660909857893
-141.686851421493
-141.712791621553
-141.738730457825
-141.764667930058
-141.790604038004
-141.816538781412
-141.842472160033
-141.868404173617
-141.894334821916
-141.920264104678
-141.946192021655
-141.972118572598
-141.998043757256
-142.02396757538
-142.049890026721
-142.07581111103
-142.101730828056
-142.12764917755
-142.153566159264
-142.179481772947
-142.20539601835
-142.231308895224
-142.257220403319
-142.283130542386
-142.309039312176
-142.334946712439
-142.360852742926
-142.386757403388
-142.412660693575
-142.438562613238
-142.464463162128
-142.490362339996
-142.516260146592
-142.542156581667
-142.568051644972
-142.593945336257
-142.619837655274
-142.645728601774
-142.671618175506
-142.697506376223
-142.723393203674
-142.749278657611
-142.775162737785
-142.801045443946
-142.826926775846
-142.852806733235
-142.878685315864
-142.904562523485
-142.930438355847
-142.956312812703
-142.982185893804
-143.008057598899
-143.033927927741
-143.05979688008
-143.085664455667
-143.111530654253
-143.13739547559
-143.163258919429
-143.18912098552
-143.214981673615
-143.240840983465
-143.266698914821
-143.292555467434
-143.318410641055
-143.344264435436
-143.370116850327
-143.395967885481
-143.421817540647
-143.447665815578
-143.473512710025
-143.499358223738
-143.52520235647
-143.551045107971
-143.576886477992
-143.602726466286
-143.628565072603
-143.654402296695
-143.680238138313
-143.706072597208
-143.731905673132
-143.757737365837
-143.783567675073
-143.809396600592
-143.835224142145
-143.861050299484
-143.886875072361
-143.912698460526
-143.938520463732
-143.96434108173
-143.990160314271
-144.015978161107
-144.041794621989
-144.067609696669
-144.093423384898
-144.119235686429
-144.145046601013
-144.1708561284
-144.196664268344
-144.222471020595
-144.248276384905
-144.274080361027
-144.29988294871
-144.325684147708
-144.351483957772
-144.377282378653
-144.403079410104
-144.428875051876
-144.454669303721
-144.48046216539
-144.506253636636
-144.53204371721
-144.557832406863
-144.583619705349
-144.609405612418
-144.635190127823
-144.660973251315
-144.686754982646
-144.712535321569
-144.738314267834
-144.764091821194
-144.789867981402
-144.815642748208
-144.841416121364
-144.867188100624
-144.892958685738
-144.918727876458
-144.944495672538
-144.970262073728
-144.996027079781
-145.021790690448
-145.047552905483
-145.073313724636
-145.09907314766
-145.124831174308
-145.150587804331
-145.176343037481
-145.20209687351
-145.227849312172
-145.253600353217
-145.279349996398
-145.305098241467
-145.330845088176
-145.356590536279
-145.382334585526
-145.40807723567
-145.433818486464
-145.459558337659
-145.485296789008
-145.511033840264
-145.536769491178
-145.562503741503
-145.588236590991
-145.613968039394
-145.639698086466
-145.665426731958
-145.691153975623
-145.716879817213
-145.74260425648
-145.768327293178
-145.794048927058
-145.819769157873
-145.845487985375
-145.871205409318
-145.896921429452
-145.922636045532
-145.948349257309
-145.974061064536
-145.999771466966
-146.02548046435
-146.051188056443
-146.076894242996
-146.102599023761
-146.128302398493
-146.154004366942
-146.179704928863
-146.205404084007
-146.231101832127
-146.256798172976
-146.282493106307
-146.308186631872
-146.333878749424
-146.359569458715
-146.3852587595
-146.41094665153
-146.436633134558
-146.462318208337
-146.48800187262
-146.513684127159
-146.539364971708
-146.565044406019
-146.590722429845
-146.616399042939
-146.642074245055
-146.667748035944
-146.69342041536
-146.719091383055
-146.744760938784
-146.770429082298
-146.79609581335
-146.821761131695
-146.847425037083
-146.87308752927
-146.898748608007
-146.924408273048
-146.950066524146
-146.975723361054
-147.001378783524
-147.027032791311
-147.052685384167
-147.078336561845
-147.103986324098
-147.129634670681
-147.155281601345
-147.180927115844
-147.206571213931
-147.232213895359
-147.257855159882
-147.283495007253
-147.309133437225
-147.334770449551
-147.360406043985
-147.38604022028
-147.411672978189
-147.437304317466
-147.462934237864
-147.488562739135
-147.514189821035
-147.539815483315
-147.56543972573
-147.591062548032
-147.616683949976
-147.642303931314
-147.667922491801
-147.693539631188
-147.719155349231
-147.744769645682
-147.770382520296
-147.795993972824
-147.821604003022
-147.847212610642
-147.872819795438
-147.898425557164
-147.924029895574
-147.94963281042
-147.975234301456
-148.000834368436
-148.026433011115
-148.052030229244
-148.077626022579
-148.103220390872
-148.128813333878
-148.154404851349
-148.179994943041
-148.205583608706
-148.231170848098
-148.256756660971
-148.282341047079
-148.307924006176
-148.333505538015
-148.35908564235
-148.384664318935
-148.410241567524
-148.435817387871
-148.461391779729
-148.486964742853
-148.512536276996
-148.538106381913
-148.563675057357
-148.589242303081
-148.614808118841
-148.64037250439
-148.665935459482
-148.691496983871
-148.717057077311
-148.742615739556
-148.76817297036
-148.793728769478
-148.819283136662
-148.844836071668
-148.870387574249
-148.895937644159
-148.921486281153
-148.947033484985
-148.972579255409
-148.998123592178
-149.023666495048
-149.049207963772
-149.074747998105
-149.1002865978
-149.125823762613
-149.151359492296
-149.176893786606
-149.202426645294
-149.227958068117
-149.253488054829
-149.279016605183
-149.304543718933
-149.330069395836
-149.355593635643
-149.381116438111
-149.406637802994
-149.432157730045
-149.457676219019
-149.483193269671
-149.508708881755
-149.534223055025
-149.559735789236
-149.585247084143
-149.6107569395
-149.636265355061
-149.661772330581
-149.687277865814
-149.712781960516
-149.73828461444
-149.763785827341
-149.789285598974
-149.814783929094
-149.840280817454
-149.86577626381
-149.891270267916
-149.916762829527
-149.942253948397
-149.967743624282
-149.993231856936
-150.018718646113
-150.044203991569
-150.069687893057
-150.095170350334
-150.120651363153
-150.14613093127
-150.171609054439
-150.197085732414
-150.222560964952
-150.248034751806
-150.273507092732
-150.298977987484
-150.324447435818
-150.349915437487
-150.375381992248
-150.400847099855
-150.426310760062
-150.451772972625
-150.4772337373
-150.50269305384
-150.528150922
-150.553607341537
-150.579062312204
-150.604515833757
-150.629967905951
-150.655418528541
-150.680867701282
-150.706315423929
-150.731761696238
-150.757206517962
-150.782649888858
-150.808091808681
-150.833532277185
-150.858971294126
-150.88440885926
-150.90984497234
-150.935279633124
-150.960712841365
-150.986144596818
-151.011574899241
-151.037003748386
-151.062431144011
-151.087857085869
-151.113281573717
-151.138704607309
-151.164126186402
-151.18954631075
-151.214964980109
-151.240382194234
-151.26579795288
-151.291212255804
-151.31662510276
-151.342036493503
-151.36744642779
-151.392854905376
-151.418261926016
-151.443667489465
-151.46907159548
-151.494474243815
-151.519875434227
-151.545275166471
-151.570673440302
-151.596070255475
-151.621465611748
-151.646859508874
-151.672251946611
-151.697642924713
-151.723032442935
-151.748420501035
-151.773807098767
-151.799192235887
-151.82457591215
-151.849958127314
-151.875338881132
-151.900718173361
-151.926096003758
-151.951472372076
-151.976847278073
-152.002220721504
-152.027592702125
-152.052963219692
-152.07833227396
-152.103699864686
-152.129065991625
-152.154430654533
-152.179793853167
-152.205155587281
-152.230515856632
-152.255874660976
-152.281232000069
-152.306587873667
-152.331942281526
-152.357295223401
-152.38264669905
-152.407996708227
-152.433345250689
-152.458692326192
-152.484037934492
-152.509382075345
-152.534724748507
-152.560065953734
-152.585405690783
-152.61074395941
-152.63608075937
-152.66141609042
-152.686749952316
-152.712082344814
-152.737413267671
-152.762742720643
-152.788070703485
-152.813397215955
-152.838722257808
-152.864045828801
-152.88936792869
-152.914688557232
-152.940007714182
-152.965325399297
-152.990641612333
-153.015956353047
-153.041269621196
-153.066581416534
-153.09189173882
-153.117200587809
-153.142507963258
-153.167813864923
-153.19311829256
-153.218421245927
-153.24372272478
-153.269022728875
-153.294321257968
-153.319618311817
-153.344913890177
-153.370207992806
-153.39550061946
-153.420791769895
-153.446081443869
-153.471369641137
-153.496656361456
-153.521941604584
-153.547225370276
-153.57250765829
-153.597788468382
-153.623067800308
-153.648345653826
-153.673622028693
-153.698896924664
-153.724170341497
-153.749442278949
-153.774712736776
-153.799981714735
-153.825249212583
-153.850515230077
-153.875779766973
-153.901042823029
-153.926304398002
-153.951564491647
-153.976823103723
-154.002080233986
-154.027335882193
-154.052590048101
-154.077842731467
-154.103093932048
-154.128343649601
-154.153591883883
-154.17883863465
-154.204083901661
-154.229327684672
-154.254569983439
-154.279810797721
-154.305050127275
-154.330287971856
-154.355524331223
-154.380759205133
-154.405992593343
-154.431224495609
-154.45645491169
-154.481683841342
-154.506911284322
-154.532137240389
-154.557361709298
-154.582584690807
-154.607806184674
-154.633026190656
-154.65824470851
-154.683461737993
-154.708677278863
-154.733891330876
-154.759103893792
-154.784314967366
-154.809524551356
-154.834732645519
-154.859939249614
-154.885144363397
-154.910347986625
-154.935550119057
-154.96075076045
-154.98594991056
-155.011147569147
-155.036343735966
-155.061538410777
-155.086731593335
-155.111923283399
-155.137113480727
-155.162302185076
-155.187489396203
-155.212675113866
-155.237859337823
-155.263042067831
-155.288223303648
-155.313403045032
-155.338581291741
-155.363758043531
-155.388933300162
-155.414107061389
-155.439279326972
-155.464450096669
-155.489619370235
-155.514787147431
-155.539953428012
-155.565118211738
-155.590281498366
-155.615443287654
-155.640603579359
-155.66576237324
-155.690919669054
-155.71607546656
-155.741229765514
-155.766382565676
-155.791533866803
-155.816683668653
-155.841831970985
-155.866978773555
-155.892124076122
-155.917267878444
-155.942410180279
-155.967550981385
-155.99269028152
-156.017828080442
-156.04296437791
-156.068099173681
-156.093232467514
-156.118364259166
-156.143494548396
-156.168623334961
-156.193750618621
-156.218876399134
-156.244000676256
-156.269123449747
-156.294244719366
-156.319364484869
-156.344482746016
-156.369599502564
-156.394714754272
-156.419828500899
-156.444940742202
-156.47005147794
-156.495160707872
-156.520268431755
-156.545374649347
-156.570479360409
-156.595582564697
-156.62068426197
-156.645784451987
-156.670883134506
-156.695980309285
-156.721075976084
-156.74617013466
-156.771262784772
-156.796353926178
-156.821443558638
-156.846531681909
-156.87161829575
-156.89670339992
-156.921786994177
-156.94686907828
-156.971949651988
-156.997028715059
-157.022106267252
-157.047182308325
-157.072256838037
-157.097329856148
-157.122401362414
-157.147471356597
-157.172539838453
-157.197606807742
-157.222672264222
-157.247736207653
-157.272798637793
-157.2978595544
-157.322918957235
-157.347976846055
-157.37303322062
-157.398088080688
-157.423141426018
-157.448193256369
-157.4732435715
-157.49829237117
-157.523339655138
-157.548385423163
-157.573429675003
-157.598472410419
-157.623513629168
-157.648553331009
-157.673591515703
-157.698628183008
-157.723663332682
-157.748696964485
-157.773729078177
-157.798759673515
-157.82378875026
-157.848816308171
-157.873842347005
-157.898866866524
-157.923889866485
-157.948911346649
-157.973931306774
-157.998949746619
-158.023966665944
-158.048982064508
-158.07399594207
-158.09900829839
-158.124019133227
-158.149028446339
-158.174036237487
-158.19904250643
-158.224047252927
-158.249050476738
-158.274052177621
-158.299052355336
-158.324051009644
-158.349048140302
-158.374043747071
-158.39903782971
-158.424030387978
-158.449021421635
-158.474010930441
-158.498998914154
-158.523985372535
-158.548970305343
-158.573953712337
-158.598935593278
-158.623915947924
-158.648894776036
-158.673872077372
-158.698847851693
-158.723822098758
-158.748794818327
-158.77376601016
-158.798735674016
-158.823703809655
-158.848670416836
-158.873635495319
-158.898599044865
-158.923561065233
-158.948521556182
-158.973480517473
-158.998437948864
-159.023393850117
-159.048348220991
-159.073301061245
-159.098252370641
-159.123202148936
-159.148150395892
-159.173097111268
-159.198042294825
-159.222985946321
-159.247928065518
-159.272868652174
-159.297807706051
-159.322745226908
-159.347681214504
-159.372615668601
-159.397548588958
-159.422479975335
-159.447409827492
-159.47233814519
-159.497264928188
-159.522190176247
-159.547113889126
-159.572036066586
-159.596956708387
-159.621875814289
-159.646793384052
-159.671709417437
-159.696623914204
-159.721536874112
-159.746448296923
-159.771358182397
-159.796266530293
-159.821173340372
-159.846078612394
-159.870982346121
-159.895884541311
-159.920785197726
-159.945684315125
-159.970581893269
-159.995477931919
-160.020372430835
-160.045265389777
-160.070156808506
-160.095046686783
-160.119935024366
-160.144821821019
-160.169707076499
-160.194590790569
-160.219472962989
-160.244353593519
-160.26923268192
-160.294110227953
-160.318986231377
-160.343860691954
-160.368733609444
-160.393604983608
-160.418474814206
-160.443343101
-160.468209843749
-160.493075042215
-160.517938696159
-160.54280080534
-160.56766136952
-160.592520388459
-160.617377861919
-160.642233789659
-160.667088171442
-160.691941007027
-160.716792296175
-160.741642038648
-160.766490234205
-160.791336882609
-160.81618198362
-160.841025536998
-160.865867542506
-160.890707999902
-160.91554690895
-160.940384269409
-160.96522008104
-160.990054343605
-161.014887056864
-161.039718220579
-161.064547834511
-161.08937589842
-161.114202412068
-161.139027375215
-161.163850787624
-161.188672649054
-161.213492959267
-161.238311718025
-161.263128925088
-161.287944580218
-161.312758683175
-161.337571233721
-161.362382231617
-161.387191676625
-161.411999568505
-161.43680590702
-161.461610691929
-161.486413922995
-161.511215599978
-161.536015722641
-161.560814290744
-161.585611304048
-161.610406762316
-161.635200665308
-161.659993012786
-161.684783804512
-161.709573040246
-161.73436071975
-161.759146842786
-161.783931409115
-161.808714418498
-161.833495870697
-161.858275765474
-161.88305410259
-161.907830881807
-161.932606102886
-161.957379765589
-161.982151869677
-162.006922414911
-162.031691401055
-162.056458827869
-162.081224695114
-162.105989002553
-162.130751749947
-162.155512937058
-162.180272563648
-162.205030629478
-162.22978713431
-162.254542077906
-162.279295460027
-162.304047280436
-162.328797538894
-162.353546235163
-162.378293369004
-162.403038940181
-162.427782948453
-162.452525393584
-162.477266275336
-162.502005593469
-162.526743347747
-162.551479537931
-162.576214163782
-162.600947225064
-162.625678721537
-162.650408652964
-162.675137019108
-162.699863819729
-162.72458905459
-162.749312723453
-162.77403482608
-162.798755362233
-162.823474331675
-162.848191734167
-162.872907569472
-162.897621837351
-162.922334537567
-162.947045669882
-162.971755234058
-162.996463229858
-163.021169657043
-163.045874515376
-163.070577804619
-163.095279524534
-163.119979674884
-163.144678255432
-163.169375265938
-163.194070706166
-163.218764575877
-163.243456874835
-163.268147602802
-163.29283675954
-163.317524344811
-163.342210358378
-163.366894800003
-163.391577669449
-163.416258966478
-163.440938690853
-163.465616842336
-163.49029342069
-163.514968425676
-163.539641857059
-163.5643137146
-163.588983998061
-163.613652707206
-163.638319841797
-163.662985401597
-163.687649386368
-163.712311795873
-163.736972629874
-163.761631888135
-163.786289570417
-163.810945676484
-163.835600206099
-163.860253159024
-163.884904535021
-163.909554333854
-163.934202555285
-163.958849199078
-163.983494264994
-164.008137752798
-164.032779662251
-164.057419993116
-164.082058745157
-164.106695918136
-164.131331511817
-164.155965525961
-164.180597960332
-164.205228814694
-164.229858088808
-164.254485782438
-164.279111895347
-164.303736427298
-164.328359378054
-164.352980747378
-164.377600535033
-164.402218740782
-164.426835364388
-164.451450405614
-164.476063864224
-164.50067573998
-164.525286032646
-164.549894741985
-164.574501867759
-164.599107409733
-164.623711367669
-164.648313741331
-164.672914530482
-164.697513734885
-164.722111354303
-164.7467073885
-164.771301837238
-164.795894700282
-164.820485977395
-164.84507566834
-164.869663772879
-164.894250290778
-164.918835221798
-164.943418565704
-164.968000322259
-164.992580491226
-165.017159072369
-165.041736065451
-165.066311470236
-165.090885286487
-165.115457513967
-165.140028152441
-165.164597201672
-165.189164661423
-165.213730531458
-165.23829481154
-165.262857501434
-165.287418600902
-165.311978109709
-165.336536027617
-165.361092354391
-165.385647089795
-165.410200233592
-165.434751785545
-165.459301745419
-165.483850112977
-165.508396887983
-165.532942070201
-165.557485659394
-165.582027655326
-165.606568057762
-165.631106866465
-165.655644081198
-165.680179701727
-165.704713727813
-165.729246159223
-165.753776995718
-165.778306237064
-165.802833883024
-165.827359933363
-165.851884387843
-165.87640724623
-165.900928508287
-165.925448173778
-165.949966242467
-165.974482714118
-165.998997588496
-166.023510865364
-166.048022544486
-166.072532625628
-166.097041108552
-166.121547993022
-166.146053278804
-166.170556965661
-166.195059053357
-166.219559541657
-166.244058430325
-166.268555719125
-166.29305140782
-166.317545496177
-166.342037983958
-166.366528870929
-166.391018156852
-166.415505841494
-166.439991924618
-166.464476405988
-166.488959285368
-166.513440562524
-166.53792023722
-166.56239830922
-166.586874778288
-166.611349644189
-166.635822906687
-166.660294565547
-166.684764620534
-166.709233071411
-166.733699917944
-166.758165159896
-166.782628797033
-166.807090829119
-166.831551255919
-166.856010077197
-166.880467292717
-166.904922902245
-166.929376905546
-166.953829302383
-166.978280092521
-167.002729275726
-167.027176851762
-167.051622820393
-167.076067181384
-167.100509934501
-167.124951079507
-167.149390616168
-167.173828544249
-167.198264863513
-167.222699573727
-167.247132674655
-167.271564166062
-167.295994047712
-167.320422319371
-167.344848980804
-167.369274031775
-167.393697472049
-167.418119301392
-167.442539519568
-167.466958126342
-167.49137512148
-167.515790504745
-167.540204275905
-167.564616434722
-167.589026980964
-167.613435914393
-167.637843234777
-167.662248941879
-167.686653035465
-167.7110555153
-167.735456381149
-167.759855632778
-167.784253269952
-167.808649292435
-167.833043699993
-167.857436492391
-167.881827669395
-167.90621723077
-167.93060517628
-167.954991505692
-167.979376218771
-168.003759315282
-168.02814079499
-168.05252065766
-168.076898903059
-168.101275530951
-168.125650541103
-168.150023933278
-168.174395707243
-168.198765862764
-168.223134399605
-168.247501317532
-168.271866616311
-168.296230295707
-168.320592355486
-168.344952795413
-168.369311615254
-168.393668814774
-168.41802439374
-168.442378351916
-168.466730689068
-168.491081404962
-168.515430499363
-168.539777972038
-168.564123822752
-168.58846805127
-168.612810657359
-168.637151640784
-168.661491001311
-168.685828738705
-168.710164852732
-168.734499343159
-168.758832209751
-168.783163452273
-168.807493070493
-168.831821064174
-168.856147433084
-168.880472176989
-168.904795295653
-168.929116788844
-168.953436656327
-168.977754897868
-169.002071513233
-169.026386502187
-169.050699864498
-169.075011599931
-169.099321708252
-169.123630189227
-169.147937042622
-169.172242268203
-169.196545865736
-169.220847834988
-169.245148175725
-169.269446887712
-169.293743970716
-169.318039424503
-169.34233324884
-169.366625443492
-169.390916008225
-169.415204942806
-169.439492247002
-169.463777920578
-169.4880619633
-169.512344374936
-169.536625155251
-169.560904304011
-169.585181820984
-169.609457705935
-169.63373195863
-169.658004578837
-169.682275566321
-169.706544920849
-169.730812642188
-169.755078730103
-169.779343184362
-169.803606004731
-169.827867190976
-169.852126742863
-169.876384660161
-169.900640942634
-169.924895590049
-169.949148602174
-169.973399978774
-169.997649719617
-170.021897824468
-170.046144293095
-170.070389125265
-170.094632320743
-170.118873879297
-170.143113800693
-170.167352084698
-170.191588731079
-170.215823739602
-170.240057110035
-170.264288842144
-170.288518935695
-170.312747390457
-170.336974206195
-170.361199382676
-170.385422919668
-170.409644816937
-170.433865074249
-170.458083691373
-170.482300668075
-170.506516004121
-170.530729699279
-170.554941753316
-170.579152165999
-170.603360937095
-170.62756806637
-170.651773553592
-170.675977398528
-170.700179600945
-170.72438016061
-170.74857907729
-170.772776350753
-170.796971980765
-170.821165967093
-170.845358309505
-170.869549007768
-170.89373806165
-170.917925470916
-170.942111235335
-170.966295354674
-170.9904778287
-171.01465865718
-171.038837839882
-171.063015376572
-171.087191267019
-171.11136551099
-171.135538108251
-171.159709058571
-171.183878361717
-171.208046017456
-171.232212025555
-171.256376385782
-171.280539097905
-171.30470016169
-171.328859576906
-171.35301734332
-171.377173460699
-171.401327928811
-171.425480747424
-171.449631916304
-171.47378143522
-171.49792930394
-171.52207552223
-171.546220089859
-171.570363006593
-171.594504272202
-171.618643886452
-171.642781849111
-171.666918159946
-171.691052818727
-171.715185825219
-171.739317179192
-171.763446880412
-171.787574928648
-171.811701323668
-171.835826065238
-171.859949153128
-171.884070587104
-171.908190366936
-171.932308492389
-171.956424963234
-171.980539779236
-172.004652940166
-172.028764445789
-172.052874295875
