6.82966404719775
6.82812249172097
6.82461271879425
6.82110289333576
6.81759301534573
6.81408308482444
6.81057310177215
6.80706306618922
6.80355297807598
6.80004283743279
6.79653264426006
6.79302239855822
6.78951210032775
6.7860017495691
6.7824913462828
6.77898089046941
6.77547038212949
6.77195982126364
6.76844920787251
6.76493854195674
6.76142782351701
6.75791705255405
6.75440622906861
6.75089535306143
6.74738442453332
6.74387344348511
6.74036240991766
6.73685132383186
6.73334018522859
6.72982899410882
6.72631775047351
6.72280645432368
6.71929510566031
6.71578370448449
6.71227225079727
6.70876074459979
6.70524918589315
6.70173757467855
6.69822591095718
6.69471419473025
6.69120242599903
6.68769060476477
6.68417873102881
6.68066680479247
6.6771548260571
6.67364279482411
6.67013071109492
6.66661857487097
6.66310638615375
6.65959414494474
6.65608185124549
6.65256950505755
6.64905710638252
6.64554465522201
6.64203215157767
6.63851959545118
6.6350069868442
6.63149432575852
6.62798161219585
6.62446884615802
6.62095602764681
6.61744315666407
6.61393023321167
6.61041725729152
6.60690422890553
6.60339114805565
6.59987801474391
6.59636482897227
6.59285159074279
6.58933830005753
6.58582495691859
6.58231156132808
6.57879811328818
6.57528461280106
6.57177105986891
6.56825745449399
6.56474379667856
6.56123008642488
6.55771632373531
6.55420250861217
6.55068864105785
6.54717472107476
6.54366074866532
6.540146723832
6.53663264657727
6.53311851690365
6.52960433481372
6.52609010031003
6.52257581339516
6.51906147407177
6.51554708234251
6.51203263821004
6.50851814167711
6.50500359274644
6.50148899142081
6.49797433770301
6.49445963159587
6.49094487310223
6.48743006222498
6.48391519896702
6.48040028333129
6.47688531532078
6.47337029493846
6.46985522218735
6.46634009707052
6.46282491959102
6.45930968975198
6.45579440755649
6.45227907300777
6.44876368610897
6.44524824686333
6.44173275527408
6.43821721134451
6.4347016150779
6.43118596647757
6.42767026554688
6.42415451228924
6.42063870670805
6.41712284880677
6.41360693858883
6.41009097605774
6.40657496121706
6.4030588940703
6.39954277462106
6.39602660287294
6.39251037882959
6.38899410249465
6.38547777387183
6.38196139296486
6.37844495977747
6.37492847431343
6.37141193657657
6.3678953465707
6.36437870429968
6.36086200976741
6.35734526297783
6.35382846393482
6.35031161264239
6.34679470910454
6.34327775332528
6.3397607453087
6.33624368505885
6.33272657257985
6.32920940787584
6.32569219095099
6.32217492180951
6.31865760045559
6.31514022689348
6.31162280112748
6.30810532316188
6.30458779300104
6.30107021064929
6.29755257611103
6.29403488939069
6.2905171504927
6.28699935942154
6.28348151618171
6.27996362077772
6.27644567321416
6.2729276734956
6.26940962162664
6.26589151761194
6.26237336145615
6.25885515316399
6.25533689274016
6.25181858018941
6.24830021551653
6.24478179872632
6.24126332982362
6.2377448088133
6.23422623570023
6.23070761048935
6.2271889331856
6.22367020379394
6.22015142231937
6.21663258876695
6.21311370314171
6.20959476544875
6.20607577569318
6.20255673388012
6.19903764001476
6.19551849410229
6.19199929614794
6.18848004615693
6.18496074413457
6.18144139008617
6.17792198401705
6.17440252593258
6.17088301583812
6.16736345373914
6.16384383964103
6.16032417354932
6.15680445546947
6.15328468540704
6.14976486336756
6.14624498935662
6.14272506337986
6.13920508544287
6.13568505555134
6.13216497371097
6.12864483992748
6.12512465420661
6.12160441655415
6.11808412697592
6.11456378547772
6.11104339206544
6.10752294674495
6.10400244952218
6.10048190040308
6.0969612993936
6.09344064649974
6.08991994172754
6.08639918508308
6.08287837657239
6.07935751620162
6.07583660397689
6.07231563990434
6.06879462399022
6.06527355624072
6.0617524366621
6.05823126526063
6.0547100420426
6.05118876701435
6.04766744018224
6.04414606155266
6.04062463113203
6.03710314892678
6.03358161494339
6.03006002918833
6.02653839166816
6.02301670238944
6.01949496135871
6.01597316858259
6.01245132406774
6.0089294278208
6.00540747984846
6.00188548015747
5.99836342875452
5.99484132564643
5.99131917083999
5.987796964342
5.98427470615935
5.98075239629891
5.97723003476761
5.97370762157236
5.97018515672015
5.96666264021798
5.96314007207284
5.95961745229179
5.95609478088192
5.95257205785031
5.94904928320412
5.9455264569505
5.94200357909663
5.93848064964974
5.93495766861703
5.93143463600583
5.9279115518234
5.92438841607708
5.92086522877421
5.91734198992216
5.91381869952836
5.91029535760024
5.90677196414525
5.90324851917089
5.89972502268467
5.89620147469416
5.89267787520691
5.88915422423054
5.88563052177264
5.88210676784089
5.87858296244299
5.87505910558662
5.87153519727952
5.86801123752946
5.86448722634423
5.86096316373166
5.8574390496996
5.85391488425591
5.8503906674085
5.84686639916529
5.84334207953426
5.83981770852337
5.83629328614067
5.83276881239413
5.82924428729189
5.82571971084201
5.82219508305261
5.81867040393187
5.81514567348792
5.81162089172902
5.80809605866334
5.80457117429919
5.80104623864485
5.7975212517086
5.79399621349879
5.79047112402383
5.78694598329209
5.78342079131199
5.779895548092
5.77637025364058
5.77284490796622
5.76931951107749
5.76579406298293
5.76226856369114
5.75874301321072
5.75521741155033
5.75169175871865
5.74816605472434
5.74464029957616
5.74111449328285
5.7375886358532
5.73406272729601
5.73053676762012
5.72701075683439
5.72348469494769
5.71995858196898
5.71643241790718
5.71290620277126
5.70937993657024
5.70585361931311
5.70232725100895
5.69880083166684
5.69527436129588
5.69174783990522
5.68822126750402
5.68469464410146
5.68116796970676
5.67764124432919
5.674114467978
5.67058764066248
5.66706076239201
5.66353383317587
5.6600068530235
5.65647982194429
5.65295273994768
5.64942560704314
5.64589842324014
5.64237118854823
5.63884390297696
5.63531656653586
5.63178917923456
5.6282617410827
5.62473425208993
5.6212067122659
5.61767912162035
5.61415148016303
5.61062378790368
5.6070960448521
5.60356825101811
5.60004040641156
5.59651251104233
5.59298456492032
5.58945656805544
5.58592852045768
5.582400422137
5.57887227310341
5.57534407336696
5.5718158229377
5.56828752182573
5.56475917004118
5.56123076759419
5.55770231449494
5.55417381075361
5.55064525638047
5.54711665138575
5.5435879957797
5.5400592895727
5.53653053277502
5.53300172539709
5.52947286744924
5.52594395894194
5.52241499988563
5.51888599029076
5.51535693016785
5.51182781952745
5.50829865838006
5.50476944673628
5.50124018460676
5.49771087200211
5.49418150893298
5.49065209541009
5.48712263144415
5.48359311704593
5.48006355222615
5.47653393699565
5.47300427136526
5.46947455534581
5.4659447889482
5.46241497218334
5.45888510506216
5.45535518759564
5.45182521979476
5.44829520167053
5.44476513323402
5.44123501449628
5.43770484546843
5.43417462616157
5.43064435658686
5.42711403675552
5.42358366667873
5.42005324636772
5.41652277583377
5.41299225508818
5.40946168414224
5.40593106300732
5.40240039169477
5.39886967021599
5.39533889858245
5.39180807680553
5.38827720489677
5.38474628286767
5.38121531072972
5.37768428849454
5.37415321617369
5.37062209377879
5.3670909213215
5.36355969881347
5.3600284262664
5.35649710369202
5.35296573110208
5.34943430850835
5.34590283592268
5.34237131335686
5.33883974082277
5.33530811833228
5.33177644589732
5.32824472352983
5.32471295124178
5.32118112904517
5.31764925695203
5.31411733497437
5.31058536312431
5.30705334141394
5.30352126985539
5.29998914846085
5.29645697724246
5.29292475621246
5.2893924853831
5.28586016476662
5.28232779437533
5.27879537422156
5.27526290431764
5.27173038467594
5.26819781530888
5.26466519622889
5.26113252744843
5.25759980897998
5.25406704083607
5.2505342230292
5.24700135557196
5.24346843847695
5.23993547175676
5.23640245542407
5.2328693894915
5.22933627397179
5.2258031088777
5.22226989422194
5.2187366300173
5.21520331627659
5.21166995301267
5.20813654023838
5.2046030779666
5.20106956621028
5.19753600498234
5.19400239429576
5.19046873416353
5.18693502459868
5.18340126561428
5.17986745722339
5.17633359943911
5.17279969227459
5.16926573574299
5.16573172985748
5.1621976746313
5.15866357007767
5.15512941620985
5.15159521304118
5.14806096058494
5.14452665885451
5.14099230786325
5.13745790762458
5.13392345815193
5.13038895945875
5.12685441155848
5.12331981446472
5.11978516819095
5.11625047275075
5.1127157281577
5.10918093442545
5.10564609156762
5.10211119959789
5.09857625852998
5.09504126837758
5.09150622915447
5.08797114087445
5.0844360035513
5.08090081719886
5.077365581831
5.07383029746161
5.07029496410461
5.06675958177393
5.06322415048354
5.05968867024748
5.05615314107972
5.05261756299435
5.04908193600541
5.04554626012705
5.04201053537335
5.03847476175854
5.03493893929675
5.03140306800221
5.02786714788917
5.02433117897188
5.02079516126464
5.0172590947818
5.01372297953766
5.01018681554664
5.0066506028231
5.0031143413815
4.99957803123627
4.99604167240192
4.99250526489296
4.9889688087239
4.98543230390933
4.98189575046382
4.978359148402
4.97482249773853
4.97128579848804
4.96774905066526
4.96421225428492
4.96067540936175
4.95713851591055
4.95360157394613
4.9500645834833
4.94652754453692
4.94299045712189
4.93945332125313
4.93591613694557
4.93237890421419
4.92884162307396
4.9253042935399
4.92176691562709
4.91822948935058
4.9146920147255
4.91115449176695
4.90761692049011
4.90407930091015
4.90054163304226
4.89700391690171
4.89346615250374
4.88992833986367
4.88639047899678
4.88285256991844
4.879314612644
4.87577660718888
4.8722385535685
4.86870045179831
4.86516230189379
4.86162410387043
4.8580858577438
4.85454756352941
4.8510092212429
4.84747083089982
4.84393239251586
4.84039390610668
4.83685537168795
4.83331678927541
4.82977815888481
4.82623948053192
4.82270075423253
4.81916198000249
4.81562315785762
4.81208428781384
4.80854536988701
4.80500640409312
4.8014673904481
4.79792832896795
4.79438921966868
4.79085006256634
4.787310857677
4.78377160501675
4.78023230460173
4.77669295644806
4.77315356057194
4.76961411698959
4.7660746257172
4.76253508677105
4.75899550016743
4.75545586592262
4.75191618405298
4.74837645457488
4.74483667750473
4.74129685285889
4.73775698065385
4.73421706090608
4.73067709363207
4.72713707884835
4.72359701657147
4.72005690681801
4.71651674960458
4.7129765449478
4.70943629286435
4.7058959933709
4.70235564648419
4.69881525222091
4.69527481059788
4.69173432163188
4.68819378533971
4.68465320173823
4.68111257084431
4.67757189267484
4.67403116724679
4.67049039457707
4.66694957468267
4.66340870758063
4.65986779328798
4.65632683182174
4.65278582319903
4.649244767437
4.64570366455272
4.64216251456339
4.63862131748623
4.63508007333842
4.63153878213724
4.62799744389997
4.6244560586439
4.62091462638635
4.61737314714469
4.6138316209363
4.61029004777857
4.60674842768897
4.60320676068496
4.59966504678401
4.59612328600368
4.59258147836147
4.58903962387496
4.58549772256175
4.58195577443947
4.57841377952576
4.57487173783832
4.57132964939485
4.56778751421306
4.5642453323107
4.56070310370558
4.55716082841552
4.55361850645835
4.55007613785191
4.54653372261415
4.54299126076294
4.53944875231624
4.535906197292
4.53236359570826
4.52882094758303
4.52527825293436
4.52173551178032
4.51819272413904
4.51464989002864
4.51110700946727
4.50756408247313
4.50402110906442
4.50047808925939
4.4969350230763
4.49339191053344
4.48984875164912
4.48630554644173
4.48276229492962
4.47921899713121
4.47567565306487
4.47213226274908
4.46858882620235
4.46504534344315
4.46150181449006
4.45795823936159
4.45441461807635
4.45087095065297
4.44732723711006
4.44378347746631
4.4402396717404
4.43669581995105
4.43315192211704
4.42960797825709
4.42606398839005
4.42251995253473
4.41897587070999
4.4154317429347
4.41188756922778
4.40834334960817
4.40479908409483
4.40125477270673
4.39771041546287
4.39416601238232
4.39062156348417
4.38707706878749
4.3835325283114
4.37998794207503
4.37644331009758
4.37289863239825
4.36935390899629
4.3658091399109
4.36226432516144
4.35871946476714
4.35517455874738
4.3516296071215
4.34808460990892
4.34453956712904
4.34099447880129
4.33744934494516
4.33390416558013
4.33035894072572
4.3268136704015
4.32326835462701
4.31972299342189
4.31617758680576
4.31263213479828
4.30908663741912
4.30554109468798
4.30199550662462
4.29844987324878
4.29490419458026
4.29135847063891
4.28781270144453
4.28426688701699
4.2807210273762
4.27717512254207
4.27362917253458
4.27008317737369
4.2665371370794
4.26299105167173
4.25944492117075
4.25589874559656
4.25235252496922
4.2488062593089
4.24525994863578
4.24171359297001
4.23816719233184
4.23462074674148
4.23107425621926
4.22752772078543
4.22398114046029
4.22043451526423
4.21688784521761
4.21334113034085
4.20979437065439
4.20624756617866
4.20270071693414
4.19915382294135
4.19560688422082
4.19205990079314
4.18851287267889
4.18496579989866
4.18141868247311
4.17787152042292
4.17432431376879
4.17077706253142
4.16722976673158
4.16368242639004
4.16013504152762
4.1565876121651
4.15304013832339
4.14949262002334
4.14594505728588
4.14239745013194
4.1388497985825
4.13530210265851
4.13175436238106
4.12820657777113
4.12465874884981
4.12111087563819
4.11756295815738
4.11401499642857
4.11046699047288
4.10691894031156
4.10337084596585
4.09982270745698
4.09627452480625
4.09272629803492
4.08917802716441
4.08562971221604
4.08208135321118
4.07853295017128
4.07498450311778
4.07143601207212
4.06788747705585
4.06433889809046
4.06079027519747
4.05724160839852
4.0536928977152
4.05014414316912
4.04659534478191
4.0430465025753
4.039497616571
4.03594868679072
4.03239971325624
4.02885069598937
4.02530163501187
4.02175253034563
4.0182033820125
4.01465419003439
4.01110495443323
4.00755567523094
4.00400635244951
4.00045698611097
3.9969075762373
3.99335812285062
3.98980862597296
3.98625908562645
3.98270950183324
3.97915987461548
3.97561020399536
3.97206048999508
3.96851073263693
3.96496093194312
3.961411087936
3.95786120063788
3.95431127007108
3.95076129625803
3.94721127922108
3.94366121898268
3.9401111155653
3.9365609689914
3.93301077928352
3.92946054646417
3.92591027055594
3.92235995158138
3.91880958956316
3.91525918452387
3.91170873648622
3.90815824547288
3.9046077115066
3.90105713461011
3.8975065148062
3.89395585211765
3.89040514656731
3.88685439817802
3.8833036069727
3.8797527729742
3.87620189620552
3.8726509766896
3.86910001444941
3.86554900950799
3.86199796188837
3.85844687161363
3.85489573870684
3.85134456319118
3.84779334508976
3.84424208442576
3.84069078122237
3.83713943550284
3.83358804729044
3.83003661660842
3.82648514348011
3.82293362792885
3.81938206997799
3.81583046965093
3.81227882697108
3.80872714196189
3.80517541464683
3.80162364504938
3.79807183319309
3.79451997910149
3.79096808279816
3.7874161443067
3.78386416365074
3.78031214085395
3.77676007594003
3.77320796893264
3.76965581985556
3.76610362873253
3.76255139558732
3.75899912044377
3.75544680332576
3.75189444425711
3.74834204326173
3.74478960036357
3.74123711558655
3.73768458895465
3.73413202049186
3.73057941022225
3.72702675816983
3.7234740643587
3.71992132881298
3.7163685515568
3.71281573261432
3.70926287200974
3.70570996976728
3.70215702591115
3.69860404046567
3.69505101345512
3.69149794490381
3.68794483483611
3.68439168327637
3.68083849024899
3.67728525577843
3.67373197988916
3.67017866260562
3.66662530395231
3.66307190395383
3.65951846263469
3.6559649800195
3.65241145613287
3.64885789099945
3.64530428464391
3.64175063709094
3.63819694836529
3.63464321849168
3.63108944749488
3.62753563539972
3.62398178223101
3.62042788801362
3.61687395277245
3.61331997653237
3.60976595931835
3.60621190115533
3.60265780206833
3.59910366208236
3.59554948122247
3.59199525951369
3.58844099698115
3.58488669364996
3.58133234954527
3.57777796469226
3.57422353911615
3.57066907284214
3.56711456589553
3.56356001830157
3.56000543008559
3.55645080127291
3.55289613188891
3.54934142195897
3.54578667150851
3.54223188056296
3.53867704914783
3.5351221772886
3.53156726501077
3.52801231233993
3.52445731930162
3.52090228592148
3.51734721222513
3.51379209823821
3.51023694398641
3.50668174949547
3.50312651479112
3.49957123989911
3.49601592484521
3.49246056965527
3.48890517435513
3.48534973897066
3.48179426352776
3.47823874805239
3.47468319257044
3.4711275971079
3.46757196169081
3.46401628634518
3.46046057109707
3.45690481597256
3.45334902099777
3.44979318619884
3.44623731160195
3.44268139723325
3.43912544311899
3.43556944928543
3.43201341575882
3.42845734256545
3.42490122973165
3.4213450772838
3.41778888524823
3.41423265365142
3.41067638251974
3.40712007187968
3.40356372175773
3.40000733218036
3.39645090317417
3.39289443476569
3.38933792698155
3.38578137984834
3.3822247933927
3.3786681676413
3.37511150262086
3.37155479835812
3.36799805487979
3.36444127221271
3.36088445038364
3.35732758941941
3.35377068934693
3.35021375019305
3.34665677198468
3.34309975474878
3.33954269851231
3.33598560330228
3.33242846914569
3.32887129606959
3.32531408410108
3.32175683326725
3.31819954359521
3.31464221511214
3.31108484784521
3.30752744182164
3.30396999706865
3.30041251361354
3.29685499148355
3.29329743070602
3.28973983130827
3.28618219331772
3.28262451676175
3.27906680166774
3.27550904806319
3.27195125597555
3.26839342543231
3.26483555646106
3.26127764908932
3.25771970334464
3.25416171925469
3.25060369684709
3.24704563614948
3.24348753718956
3.23992939999507
3.23637122459377
3.23281301101339
3.22925475928173
3.22569646942665
3.22213814147598
3.2185797754576
3.21502137139941
3.21146292932936
3.20790444927542
3.20434593126554
3.20078737532776
3.19722878149012
3.19367014978066
3.19011148022749
3.18655277285874
3.18299402770256
3.17943524478711
3.17587642414058
3.17231756579124
3.16875866976732
3.16519973609706
3.16164076480882
3.15808175593094
3.15452270949179
3.15096362551971
3.14740450404314
3.14384534509055
3.14028614869036
3.13672691487109
3.13316764366129
3.12960833508948
3.12604898918426
3.1224896059742
3.11893018548794
3.11537072775417
3.11181123280152
3.10825170065876
3.1046921313546
3.1011325249178
3.09757288137713
3.09401320076144
3.09045348309957
3.08689372842038
3.08333393675282
3.07977410812578
3.07621424256821
3.07265434010909
3.06909440077744
3.06553442460228
3.0619744116127
3.05841436183775
3.05485427530657
3.05129415204829
3.04773399209209
3.04417379546716
3.04061356220271
3.03705329232801
3.03349298587233
3.02993264286495
3.02637226333523
3.02281184731253
3.01925139482624
3.01569090590574
3.01213038058047
3.0085698188799
3.00500922083355
3.00144858647092
2.99788791582155
2.99432720891502
2.9907664657809
2.98720568644884
2.98364487094853
2.98008401930957
2.97652313156174
2.97296220773473
2.96940124785836
2.96584025196233
2.9622792200765
2.95871815223075
2.9551570484549
2.95159590877886
2.94803473323256
2.94447352184594
2.94091227464896
2.93735099167169
2.93378967294408
2.93022831849624
2.92666692835822
2.92310550256016
2.91954404113222
2.91598254410452
2.91242101150726
2.90885944337066
2.90529783972501
2.90173620060054
2.89817452602757
2.89461281603641
2.89105107065744
2.887489289921
2.88392747385756
2.88036562249752
2.87680373587134
2.8732418140095
2.86967985694254
2.86611786470102
2.86255583731551
2.85899377481657
2.85543167723483
2.85186954460097
2.84830737694567
2.84474517429962
2.84118293669357
2.83762066415823
2.83405835672444
2.83049601442302
2.82693363728477
2.82337122534059
2.81980877862141
2.81624629715808
2.81268378098157
2.80912123012286
2.80555864461299
2.80199602448295
2.79843336976381
2.79487068048668
2.79130795668265
2.78774519838283
2.78418240561846
2.78061957842069
2.77705671682072
2.77349382084985
2.7699308905393
2.7663679259204
2.76280492702452
2.75924189388293
2.75567882652708
2.75211572498839
2.74855258929825
2.74498941948815
2.74142621558958
2.73786297763406
2.73429970565314
2.73073639967837
2.7271730597414
2.72360968587383
2.7200462781073
2.7164828364735
2.71291936100417
2.70935585173101
2.70579230868579
2.70222873190031
2.69866512140638
2.69510147723585
2.6915377994206
2.6879740879925
2.68441034298356
2.68084656442564
2.67728275235077
2.67371890679095
2.67015502777821
2.66659111534462
2.66302716952227
2.65946319034326
2.65589917783977
2.65233513204394
2.64877105298798
2.64520694070409
2.64164279522459
2.6380786165817
2.63451440480776
2.63095015993508
2.62738588199604
2.62382157102305
2.6202572270485
2.61669285010484
2.61312844022454
2.60956399744007
2.60599952178401
2.60243501328889
2.5988704719873
2.59530589791183
2.59174129109512
2.58817665156983
2.58461197936868
2.58104727452435
2.57748253706959
2.57391776703722
2.57035296445995
2.56678812937067
2.56322326180224
2.55965836178751
2.5560934293594
2.55252846455081
2.54896346739476
2.54539843792421
2.54183337617218
2.53826828217171
2.53470315595593
2.53113799755785
2.52757280701068
2.5240075843475
2.52044232960154
2.51687704280599
2.51331172399411
2.5097463731991
2.50618099045432
2.50261557579307
2.49905012924868
2.49548465085453
2.49191914064404
2.48835359865063
2.48478802490772
2.48122241944886
2.47765678230752
2.4740911135172
2.47052541311151
2.46695968112407
2.46339391758844
2.4598281225383
2.45626229600728
2.45269643802919
2.44913054863765
2.44556462786648
2.44199867574945
2.43843269232035
2.43486667761305
2.43130063166139
2.42773455449927
2.42416844616061
2.42060230667939
2.41703613608956
2.41346993442513
2.40990370172011
2.4063374380086
2.40277114332465
2.39920481770242
2.39563846117599
2.39207207377957
2.38850565554738
2.38493920651359
2.38137272671249
2.37780621617834
2.37423967494545
2.37067310304817
2.36710650052084
2.36353986739787
2.35997320371365
2.35640650950262
2.3528397847993
2.34927302963813
2.34570624405371
2.34213942808054
2.33857258175323
2.33500570510636
2.33143879817459
2.32787186099257
2.32430489359501
2.32073789601661
2.31717086829215
2.31360381045636
2.31003672254408
2.30646960459015
2.30290245662941
2.2993352786967
2.29576807082703
2.29220083305526
2.28863356541641
2.28506626794546
2.28149894067739
2.27793158364731
2.27436419689031
2.27079678044146
2.26722933433591
2.26366185860881
2.26009435329535
2.25652681843076
2.25295925405027
2.24939166018916
2.24582403688276
2.24225638416637
2.23868870207535
2.23512099064508
2.23155324991099
2.22798547990852
2.22441768067307
2.22084985224023
2.21728199464551
2.21371410792438
2.21014619211249
2.20657824724546
2.20301027335888
2.19944227048842
2.19587423866979
2.19230617793865
2.1887380883308
2.18516996988203
2.18160182262807
2.1780336466048
2.17446544184807
2.17089720839375
2.16732894627778
2.16376065553606
2.16019233620457
2.15662398831934
2.15305561191634
2.14948720703167
2.14591877370137
2.14235031196158
2.13878182184841
2.13521330339801
2.1316447566466
2.12807618163039
2.1245075783856
2.12093894694853
2.11737028735548
2.11380159964282
2.11023288384685
2.10666414000397
2.10309536815057
2.09952656832313
2.09595774055812
2.092388884892
2.08882000136133
2.08525109000264
2.08168215085253
2.07811318394762
2.07454418932449
2.07097516701986
2.06740611707042
2.06383703951289
2.06026793438399
2.05669880172053
2.05312964155929
2.04956045393711
2.04599123889085
2.04242199645741
2.03885272667366
2.0352834295766
2.03171410520319
2.02814475359043
2.02457537477535
2.021005968795
2.01743653568649
2.01386707548689
2.01029758823335
2.00672807396305
2.00315853271317
1.99958896452094
1.99601936942369
1.99244974745862
1.98888009866306
1.98531042307433
1.98174072072982
1.97817099166691
1.97460123592303
1.97103145353566
1.96746164454221
1.96389180898024
1.96032194688725
1.95675205830083
1.95318214325857
1.9496122017981
1.94604223395702
1.94247223977304
1.93890221928387
1.9353321725272
1.93176209954087
1.92819200036259
1.92462187503023
1.9210517235816
1.91748154605457
1.91391134248708
1.91034111291705
1.90677085738238
1.90320057592112
1.89963026857124
1.89605993537083
1.89248957635794
1.88891919157067
1.88534878104713
1.88177834482549
1.87820788294395
1.87463739544069
1.87106688235397
1.86749634372207
1.86392577958326
1.8603551899759
1.85678457493831
1.85321393450886
1.84964326872602
1.84607257762821
1.84250186125385
1.83893111964148
1.83536035282959
1.83178956085678
1.8282187437616
1.82464790158268
1.82107703435861
1.81750614212812
1.81393522492987
1.81036428280259
1.80679331578503
1.80322232391596
1.79965130723419
1.79608026577855
1.79250919958797
1.78893810870128
1.78536699315739
1.78179585299531
1.77822468825396
1.77465349897237
1.77108228518959
1.7675110469447
1.76393978427672
1.76036849722484
1.75679718582816
1.75322585012594
1.7496544901573
1.74608310596153
1.7425116975779
1.73894026504569
1.73536880840419
1.73179732769278
1.72822582295084
1.72465429421776
1.72108274153296
1.71751116493596
1.71393956446623
1.71036794016329
1.70679629206668
1.70322462021596
1.69965292465078
1.69608120541076
1.69250946253556
1.68893769606489
1.68536590603848
1.68179409249605
1.67822225547741
1.67465039502236
1.67107851117072
1.66750660396238
1.66393467343722
1.66036271963514
1.65679074259617
1.65321874236021
1.64964671896727
1.64607467245745
1.64250260287081
1.6389305102474
1.63535839462739
1.63178625605088
1.62821409455811
1.62464191018929
1.62106970298461
1.61749747298437
1.61392522022884
1.61035294475842
1.60678064661338
1.60320832583417
1.59963598246117
1.59606361653484
1.59249122809562
1.58891881718403
1.58534638384065
1.58177392810595
1.57820145002058
1.57462894962514
1.57105642696027
1.56748388206662
1.56391131498493
1.5603387257559
1.55676611442035
1.553193481019
1.54962082559271
1.54604814818229
1.54247544882868
1.53890272757273
1.5353299844554
1.53175721951763
1.52818443280046
1.52461162434488
1.52103879419192
1.51746594238271
1.51389306895832
1.51032017395991
1.50674725742863
1.50317431940568
1.49960135993231
1.49602837904971
1.49245537679927
1.48888235322226
1.48530930835998
1.48173624225382
1.47816315494519
1.47459004647554
1.4710169168863
1.46744376621896
1.46387059451502
1.46029740181605
1.45672418816367
1.45315095359941
1.44957769816494
1.44600442190195
1.44243112485208
1.43885780705709
1.43528446855869
1.43171110939869
1.42813772961889
1.42456432926116
1.42099090836732
1.41741746697931
1.41384400513904
1.41027052288845
1.40669702026955
1.40312349732437
1.39954995409489
1.39597639062324
1.39240280695155
1.38882920312189
1.38525557917646
1.38168193515741
1.37810827110702
1.3745345870675
1.37096088308113
1.36738715919023
1.36381341543716
1.36023965186423
1.35666586851391
1.35309206542858
1.34951824265068
1.34594440022276
1.3423705381873
1.3387966565868
1.33522275546391
1.33164883486122
1.32807489482135
1.32450093538697
1.32092695660079
1.31735295850548
1.31377894114382
1.31020490455863
1.30663084879265
1.30305677388875
1.29948267988983
1.29590856683874
1.29233443477844
1.2887602837519
1.28518611380212
1.2816119249721
1.27803771730486
1.27446349084354
1.27088924563126
1.26731498171107
1.26374069912619
1.26016639791981
1.25659207813517
1.25301773981549
1.24944338300412
1.24586900774431
1.24229461407944
1.23872020205286
1.23514577170802
1.23157132308833
1.22799685623727
1.22442237119831
1.22084786801503
1.2172733467309
1.2136988073896
1.21012425003467
1.20654967470982
1.20297508145865
1.19940047032493
1.19582584135239
1.19225119458474
1.18867653006585
1.18510184783947
1.1815271479495
1.17795243043984
1.17437769535437
1.17080294273708
1.16722817263188
1.16365338508281
1.1600785801339
1.15650375782923
1.15292891821288
1.14935406132899
1.14577918722169
1.14220429593519
1.13862938751368
1.13505446200141
1.13147951944267
1.12790455988178
1.12432958336308
1.12075458993091
1.11717957962967
1.11360455250382
1.11002950859779
1.10645444795601
1.10287937062307
1.0993042766435
1.09572916606192
1.09215403892285
1.08857889527096
1.08500373515096
1.08142855860753
1.07785336568537
1.07427815642928
1.07070293088401
1.06712768909442
1.06355243110536
1.05997715696169
1.05640186670833
1.05282656039019
1.04925123805232
1.04567589973967
1.04210054549724
1.03852517537011
1.03494978940344
1.03137438764231
1.02779897013189
1.02422353691734
1.02064808804388
1.01707262355679
1.01349714350127
1.00992164792273
1.00634613686643
1.00277061037778
0.999195068502154
0.995619511284996
0.992043938771762
0.988468351007913
0.984892748039008
0.9813171299106
0.977741496668283
0.974165848357678
0.970590185024381
0.967014506714095
0.963438813472534
0.959863105345407
0.956287382378477
0.952711644617581
0.94913589210855
0.945560124897207
0.941984343029477
0.93840854655122
0.934832735508443
0.931256909947104
0.927681069913251
0.92410521545287
0.920529346612108
0.916953463437028
0.913377565973781
0.909801654268484
0.906225728367404
0.902649788316738
0.899073834162734
0.895497865951708
0.891921883730001
0.888345887543921
0.884769877439843
0.881193853464228
0.877617815663488
0.874041764084131
0.870465698772676
0.866889619775647
0.863313527139579
0.859737420911109
0.856161301136867
0.852585167863485
0.849009021137697
0.845432861006247
0.841856687515804
0.838280500713229
0.834704300645308
0.831128087358935
0.827551860900935
0.823975621318281
0.820399368657862
0.816823102966664
0.813246824291706
0.809670532680026
0.806094228178689
0.802517910834804
0.798941580695534
0.795365237807985
0.791788882219366
0.788212513976902
0.784636133127831
0.78105973971951
0.777483333799203
0.773906915414242
0.770330484612056
0.766754041440057
0.76317758594565
0.759601118176377
0.756024638179715
0.752448146003143
0.748871641694342
0.745295125300842
0.741718596870249
0.738142056450314
0.734565504088641
0.730988939833028
0.727412363731219
0.723835775830983
0.720259176180196
0.716682564826709
0.713105941818356
0.709529307203076
0.705952661028828
0.702376003343616
0.698799334195425
0.695222653632291
0.691645961702324
0.68806925845358
0.684492543934226
0.68091581819245
0.677339081276446
0.673762333234439
0.670185574114707
0.66660880396555
0.663032022835289
0.65945523077232
0.655878427824979
0.652301614041773
0.648724789471074
0.645147954161422
0.641571108161326
0.637994251519371
0.634417384284133
0.630840506504192
0.627263618228226
0.623686719504918
0.620109810382989
0.616532890911154
0.612955961138212
0.609379021112989
0.605802070884329
0.602225110501065
0.598648140012104
0.595071159466464
0.591494168913031
0.587917168400837
0.584340157978905
0.580763137696326
0.577186107602228
0.573609067745715
0.570032018175914
0.56645495894208
0.562877890093378
0.55930081167912
0.55572372374858
0.552146626351122
0.548569519536034
0.544992403352748
0.541415277850695
0.537838143079291
0.534260999088056
0.530683845926495
0.527106683644215
0.523529512290725
0.51995233191568
0.516375142568699
0.512797944299502
0.50922073715779
0.505643521193315
0.502066296455859
0.498489062995199
0.494911820861217
0.491334570103782
0.487757310772833
0.484180042918235
0.480602766590023
0.477025481838198
0.473448188712799
0.4698708872639
0.466293577541622
0.462716259596067
0.459138933477418
0.455561599235927
0.45198425692175
0.448406906585185
0.444829548276589
0.441252182046277
0.437674807944585
0.434097426021923
0.430520036328727
0.426942638915475
0.423365233832639
0.419787821130783
0.41621040086044
0.412632973072252
0.409055537816802
0.405478095144792
0.401900645106941
0.398323187753909
0.394745723136531
0.391168251305545
0.38759077231183
0.384013286206239
0.380435793039638
0.376858292862981
0.373280785727225
0.369703271683354
0.366125750782455
0.362548223075504
0.358970688613645
0.355393147447977
0.351815599629729
0.348238045210013
0.344660484240103
0.341082916771281
0.337505342854815
0.333927762542007
0.330350175884253
0.326772582932933
0.323194983739464
0.319617378355358
0.316039766832069
0.312462149221117
0.308884525574121
0.305306895942605
0.301729260378277
0.298151618932728
0.294573971657648
0.290996318604819
0.287418659826008
0.283840995372977
0.280263325297609
0.2766856496517
0.273107968487195
0.269530281856011
0.265952589810083
0.262374892401509
0.258797189682182
0.25521948170424
0.251641768519795
0.248064050181025
0.244486326739977
0.240908598248944
0.237330864760132
0.233753126325842
0.230175382998321
0.226597634829955
0.223019881873133
0.219442124180215
0.215864361803628
0.212286594795883
0.208708823209461
0.20513104709692
0.201553266510855
0.197975481503817
0.194397692128471
0.190819898437547
0.187242100483703
0.183664298319734
0.180086491998363
0.176508681572423
0.172930867094768
0.169353048618289
0.165775226195925
0.162197399880544
0.158619569725227
0.155041735782956
0.151463898106722
0.147886056749711
0.144308211765003
0.140730363205784
0.137152511125194
0.133574655576517
0.129996796612974
0.126418934287842
0.122841068654546
0.119263199766346
0.115685327676673
0.11210745243896
0.108529574106714
0.104951692733365
0.101373808372541
0.097795921077677
0.0942180309025211
0.0906401379006134
0.0870622421256993
0.0834843436314771
0.0799064424716437
0.0763285387000635
0.0727506323704762
0.0691727235367893
0.0655948122528163
0.062016898572538
0.0584389825498724
0.0548610642388045
0.0512831436933869
0.0477052209676784
0.044127296115712
0.0405493691916813
0.0369714402497622
0.0333935093441129
0.0298155765289979
0.0262376418586325
0.0226597053873229
0.0190817671694425
0.0155038272593779
0.0119258857115442
0.00834794258036159
0.00476999792027066
0.00119205178584961
-0.00238589576834959
-0.00596384468778583
-0.00954179491783512
-0.0131197464038375
-0.0166976990910735
-0.0202756529248347
-0.0238536078503533
-0.0274315638128808
-0.0310095207575148
-0.0345874786294195
-0.0381654373736762
-0.0417433969353775
-0.0453213572595098
-0.0488993182910788
-0.0524772799751023
-0.0560552422563649
-0.0596332050798528
-0.0632111683903746
-0.0667891321327665
-0.0703670962518218
-0.0739450606922429
-0.0775230253987126
-0.081100990315918
-0.0846789553885593
-0.0882569205611657
-0.0918348857783353
-0.0954128509845112
-0.0989908161242769
-0.102568781142069
-0.106146745982267
-0.109724710589276
-0.11330267490747
-0.11688063888112
-0.120458602454539
-0.124036565571938
-0.127614528177557
-0.131192490215516
-0.134770451629962
-0.138348412364993
-0.141926372364663
-0.145504331572992
-0.149082289933966
-0.152660247391569
-0.156238203889677
-0.159816159372182
-0.163394113782898
-0.166972067065657
-0.170550019164247
-0.174127970022365
-0.17770591958369
-0.181283867791933
-0.184861814590696
-0.188439759923557
-0.192017703734067
-0.195595645965736
-0.199173586562056
-0.202751525466485
-0.20632946262239
-0.209907397973154
-0.213485331462159
-0.217063263032637
-0.220641192627863
-0.224219120191086
-0.227797045665461
-0.23137496899409
-0.234952890120144
-0.238530808986665
-0.242108725536733
-0.245686639713291
-0.249264551459378
-0.252842460717835
-0.256420367431646
-0.259998271543528
-0.263576172996413
-0.267154071733052
-0.270731967696214
-0.27430986082854
-0.277887751072759
-0.281465638371432
-0.28504352266722
-0.288621403902635
-0.292199282020275
-0.295777156962535
-0.299355028671898
-0.302932897090744
-0.306510762161492
-0.310088623826416
-0.313666482027851
-0.317244336708016
-0.320822187809208
-0.324400035273581
-0.327977879043214
-0.331555719060291
-0.335133555266854
-0.338711387604962
-0.342289216016609
-0.345867040443683
-0.349444860828164
-0.353022677111959
-0.356600489236911
-0.360178297144753
-0.363756100777331
-0.367333900076393
-0.37091169498356
-0.374489485440541
-0.378067271388921
-0.381645052770304
-0.385222829526229
-0.388800601598195
-0.392378368927728
-0.395956131456173
-0.399533889124959
-0.403111641875436
-0.406689389648955
-0.410267132386743
-0.413844870030031
-0.417422602520069
-0.421000329797999
-0.42457805180496
-0.428155768482067
-0.431733479770302
-0.435311185610685
-0.438888885944265
-0.442466580711899
-0.446044269854489
-0.449621953312925
-0.453199631028013
-0.45677730294054
-0.46035496899127
-0.463932629120894
-0.467510283270056
-0.471087931379342
-0.474665573389396
-0.478243209240755
-0.481820838874003
-0.485398462229547
-0.488976079247824
-0.492553689869233
-0.496131294034093
-0.499708891682768
-0.503286482755535
-0.506864067192579
-0.510441644934168
-0.51401921592049
-0.517596780091597
-0.521174337387602
-0.524751887748505
-0.528329431114423
-0.531906967425194
-0.535484496620795
-0.539062018641183
-0.542639533426137
-0.546217040915494
-0.549794541049062
-0.553372033766481
-0.556949519007538
-0.560526996711848
-0.564104466818992
-0.567681929268572
-0.571259384000147
-0.574836830953236
-0.578414270067252
-0.581991701281597
-0.585569124535669
-0.589146539768877
-0.592723946920386
-0.596301345929565
-0.599878736735604
-0.603456119277718
-0.607033493494969
-0.610610859326508
-0.614188216711367
-0.617765565588634
-0.621342905897206
-0.624920237576096
-0.628497560564164
-0.632074874800278
-0.635652180223298
-0.639229476772019
-0.642806764385148
-0.646384043001334
-0.64996131255932
-0.653538572997702
-0.65711582425506
-0.66069306627
-0.664270298980893
-0.66784752232629
-0.671424736244619
-0.675001940674234
-0.678579135553535
-0.68215632082075
-0.685733496414162
-0.689310662271973
-0.692887818332425
-0.69646496453361
-0.700042100813599
-0.703619227110525
-0.707196343362376
-0.710773449507153
-0.714350545482737
-0.717927631227038
-0.721504706677951
-0.725081771773271
-0.728658826450786
-0.732235870648173
-0.735812904303171
-0.739389927353443
-0.742966939736592
-0.746543941390214
-0.750120932251787
-0.753697912258836
-0.757274881348789
-0.76085183945901
-0.764428786526934
-0.768005722489827
-0.771582647285037
-0.77515956084981
-0.77873646312132
-0.782313354036663
-0.78589023353301
-0.789467101547512
-0.793043958017121
-0.796620802878855
-0.800197636069599
-0.803774457526312
-0.807351267185898
-0.810928064985163
-0.814504850860898
-0.818081624749861
-0.821658386588766
-0.825235136314238
-0.828811873862898
-0.832388599171294
-0.835965312176056
-0.839542012813573
-0.843118701020379
-0.846695376732865
-0.850272039887413
-0.853848690420299
-0.857425328267843
-0.861001953366331
-0.864578565651903
-0.868155165060751
-0.871731751528949
-0.875308324992561
-0.87888488538768
-0.882461432650313
-0.886037966716368
-0.889614487521709
-0.893190995002268
-0.896767489093795
-0.900343969732148
-0.903920436853074
-0.907496890392249
-0.911073330285282
-0.914649756467784
-0.918226168875338
-0.921802567443438
-0.92537895210763
-0.928955322803327
-0.932531679465926
-0.936108022030814
-0.939684350433211
-0.943260664608412
-0.946836964491671
-0.950413250018194
-0.953989521123097
-0.957565777741423
-0.961142019808343
-0.964718247258716
-0.96829446002764
-0.971870658049951
-0.975446841260568
-0.979023009594335
-0.982599162985987
-0.986175301370344
-0.989751424682117
-0.993327532855951
-0.996903625826389
-1.0004797035281
-1.00405576589558
-1.00763181286336
-1.01120784436585
-1.01478386033746
-1.01835986071252
-1.02193584542541
-1.02551181441037
-1.02908776760164
-1.03266370493336
-1.03623962633972
-1.03981553175482
-1.0433914211126
-1.04696729434718
-1.05054315139255
-1.05411899218257
-1.05769481665108
-1.061270624732
-1.06484641635905
-1.06842219146605
-1.07199794998657
-1.07557369185438
-1.07914941700304
-1.08272512536616
-1.08630081687725
-1.08987649146974
-1.0934521490771
-1.09702778963273
-1.10060341306994
-1.10417901932209
-1.10775460832237
-1.11133018000405
-1.11490573430026
-1.11848127114411
-1.12205679046871
-1.12563229220703
-1.12920777629211
-1.13278324265688
-1.13635869123417
-1.13993412195699
-1.14350953475802
-1.14708492957003
-1.15066030632576
-1.15423566495789
-1.15781100539907
-1.16138632758182
-1.16496163143869
-1.16853691690219
-1.17211218390477
-1.17568743237876
-1.17926266225664
-1.18283787347062
-1.186413065953
-1.18998823963597
-1.19356339445175
-1.19713853033242
-1.20071364721009
-1.20428874501676
-1.20786382368439
-1.21143888314506
-1.21501392333051
-1.21858894417261
-1.22216394560331
-1.22573892755425
-1.2293138899571
-1.23288883274361
-1.2364637558454
-1.24003865919405
-1.243613542721
-1.24718840635782
-1.25076325003592
-1.25433807368669
-1.25791287724144
-1.26148766063156
-1.26506242378817
-1.26863716664257
-1.27221188912588
-1.27578659116921
-1.27936127270361
-1.28293593366013
-1.28651057396969
-1.29008519356319
-1.29365979237161
-1.29723437032569
-1.30080892735628
-1.30438346339405
-1.30795797836973
-1.31153247221395
-1.31510694485734
-1.31868139623042
-1.32225582626365
-1.32583023488752
-1.32940462203243
-1.33297898762874
-1.3365533316067
-1.34012765389663
-1.34370195442875
-1.34727623313322
-1.35085048994011
-1.35442472477957
-1.35799893758159
-1.36157312827611
-1.36514729679315
-1.36872144306247
-1.37229556701398
-1.37586966857748
-1.37944374768271
-1.38301780425934
-1.38659183823694
-1.39016584954516
-1.39373983811357
-1.39731380387163
-1.40088774674874
-1.40446166667441
-1.4080355635779
-1.41160943738857
-1.41518328803566
-1.41875711544838
-1.4223309195559
-1.42590470028725
-1.42947845757156
-1.43305219133779
-1.43662590151498
-1.44019958803198
-1.44377325081768
-1.4473468898009
-1.45092050491044
-1.45449409607493
-1.45806766322306
-1.46164120628347
-1.46521472518477
-1.46878821985544
-1.47236169022392
-1.47593513621862
-1.47950855776801
-1.48308195480043
-1.48665532724402
-1.49022867502712
-1.49380199807781
-1.49737529632433
-1.50094856969468
-1.50452181811684
-1.50809504151883
-1.51166823982868
-1.51524141297413
-1.51881456088309
-1.5223876834833
-1.52596078070247
-1.52953385246833
-1.53310689870843
-1.53667991935038
-1.54025291432169
-1.5438258835499
-1.54739882696238
-1.55097174448648
-1.55454463604961
-1.558117501579
-1.56169034100187
-1.56526315424539
-1.56883594123674
-1.57240870190292
-1.57598143617092
-1.57955414396784
-1.5831268252205
-1.58669947985581
-1.59027210780053
-1.59384470898148
-1.59741728332531
-1.60098983075879
-1.60456235120855
-1.60813484460104
-1.61170731086275
-1.61527974992017
-1.61885216169979
-1.62242454612793
-1.62599690313085
-1.62956923263481
-1.63314153456601
-1.63671380885067
-1.64028605541483
-1.64385827418465
-1.6474304650859
-1.65100262804467
-1.65457476298686
-1.65814686983825
-1.66171894852463
-1.66529099897177
-1.6688630211054
-1.67243501485103
-1.6760069801343
-1.67957891688072
-1.68315082501579
-1.68672270446496
-1.69029455515352
-1.6938663770068
-1.69743816995014
-1.70100993390865
-1.70458166880751
-1.70815337457192
-1.71172505112682
-1.71529669839729
-1.7188683163082
-1.72243990478452
-1.72601146375101
-1.72958299313248
-1.73315449285369
-1.73672596283931
-1.74029740301395
-1.74386881330217
-1.74744019362853
-1.7510115439175
-1.75458286409346
-1.75815415408079
-1.76172541380381
-1.76529664318674
-1.7688678421538
-1.77243901062913
-1.77601014853675
-1.77958125580078
-1.78315233234526
-1.78672337809403
-1.79029439297094
-1.7938653768999
-1.79743632980459
-1.80100725160877
-1.80457814223602
-1.8081490016101
-1.8117198296544
-1.81529062629251
-1.81886139144788
-1.82243212504375
-1.82600282700362
-1.82957349725064
-1.83314413570813
-1.83671474229918
-1.84028531694697
-1.8438558595745
-1.84742637010481
-1.8509968484608
-1.8545672945654
-1.8581377083414
-1.86170808971157
-1.86527843859874
-1.86884875492551
-1.87241903861444
-1.87598928958811
-1.87955950776906
-1.88312969307975
-1.88669984544254
-1.89026996477974
-1.89384005101363
-1.89741010406649
-1.90098012386045
-1.90455011031757
-1.90812006335997
-1.91168998290958
-1.91525986888842
-1.91882972121835
-1.92239953982118
-1.92596932461875
-1.9295390755327
-1.93310879248468
-1.93667847539627
-1.94024812418912
-1.94381773878466
-1.94738731910434
-1.95095686506952
-1.95452637660142
-1.95809585362141
-1.96166529605069
-1.96523470381036
-1.96880407682154
-1.97237341500528
-1.97594271828248
-1.97951198657408
-1.98308121980099
-1.98665041788406
-1.99021958074391
-1.99378870830121
-1.99735780047671
-2.00092685719089
-2.0044958783643
-2.00806486391733
-2.01163381377055
-2.01520272784404
-2.0187716060583
-2.02234044833343
-2.02590925458964
-2.02947802474708
-2.03304675872571
-2.03661545644549
-2.04018411782644
-2.04375274278834
-2.04732133125108
-2.05088988313437
-2.05445839835789
-2.0580268768413
-2.06159531850409
-2.06516372326592
-2.06873209104622
-2.07230042176439
-2.07586871533972
-2.07943697169142
-2.08300519073876
-2.0865733724009
-2.09014151659707
-2.09370962324611
-2.09727769226714
-2.10084572357903
-2.10441371710055
-2.10798167275069
-2.11154959044814
-2.11511747011146
-2.11868531165935
-2.1222531150104
-2.12582088008298
-2.12938860679566
-2.13295629506677
-2.13652394481457
-2.14009155595746
-2.14365912841352
-2.14722666210096
-2.15079415693778
-2.15436161284201
-2.1579290297317
-2.16149640752464
-2.1650637461386
-2.16863104549155
-2.17219830550102
-2.17576552608477
-2.1793327071602
-2.1828998486451
-2.18646695045676
-2.19003401251265
-2.19360103473
-2.1971680170262
-2.20073495931843
-2.2043018615239
-2.20786872355961
-2.21143554534258
-2.21500232678978
-2.21856906781828
-2.22213576834468
-2.22570242828587
-2.2292690475586
-2.23283562607952
-2.23640216376516
-2.23996866053205
-2.24353511629678
-2.24710153097566
-2.25066790448491
-2.25423423674104
-2.25780052766011
-2.26136677715826
-2.26493298515163
-2.26849915155632
-2.27206527628812
-2.27563135926307
-2.27919740039696
-2.28276339960554
-2.28632935680451
-2.28989527190956
-2.2934611448362
-2.29702697550002
-2.30059276381641
-2.30415850970082
-2.30772421306849
-2.3112898738347
-2.31485549191457
-2.31842106722342
-2.32198659967625
-2.325552089188
-2.32911753567355
-2.33268293904784
-2.33624829922567
-2.33981361612177
-2.34337888965088
-2.34694411972755
-2.35050930626629
-2.35407444918164
-2.35763954838796
-2.36120460379961
-2.36476961533099
-2.36833458289616
-2.37189950640937
-2.37546438578468
-2.37902922093605
-2.38259401177749
-2.38615875822281
-2.38972346018591
-2.39328811758056
-2.39685273032041
-2.40041729831909
-2.40398182149015
-2.40754629974708
-2.41111073300327
-2.41467512117216
-2.418239464167
-2.42180376190095
-2.42536801428719
-2.42893222123888
-2.43249638266893
-2.43606049849047
-2.43962456861622
-2.44318859295897
-2.44675257143158
-2.45031650394676
-2.45388039041703
-2.45744423075502
-2.46100802487312
-2.46457177268375
-2.46813547409933
-2.47169912903206
-2.47526273739424
-2.47882629909798
-2.48238981405533
-2.48595328217818
-2.48951670337864
-2.49308007756843
-2.49664340465947
-2.50020668456344
-2.50376991719196
-2.50733310245665
-2.51089624026909
-2.51445933054063
-2.51802237318268
-2.52158536810652
-2.52514831522346
-2.52871121444468
-2.53227406568124
-2.53583686884421
-2.53939962384463
-2.54296233059322
-2.5465249890009
-2.55008759897833
-2.55365016043626
-2.55721267328534
-2.56077513743605
-2.56433755279897
-2.56789991928434
-2.57146223680263
-2.57502450526404
-2.57858672457877
-2.58214889465686
-2.58571101540849
-2.58927308674357
-2.59283510857203
-2.59639708080368
-2.59995900334819
-2.60352087611542
-2.60708269901484
-2.61064447195617
-2.61420619484872
-2.61776786760201
-2.62132949012531
-2.62489106232781
-2.62845258411874
-2.63201405540725
-2.63557547610243
-2.63913684611318
-2.64269816534847
-2.64625943371705
-2.64982065112772
-2.65338181748907
-2.6569429327097
-2.66050399669828
-2.66406500936318
-2.66762597061282
-2.67118688035555
-2.67474773849946
-2.67830854495275
-2.68186929962365
-2.68543000242003
-2.68899065324997
-2.69255125202121
-2.69611179864159
-2.69967229301886
-2.70323273506062
-2.70679312467449
-2.71035346176801
-2.71391374624847
-2.71747397802334
-2.7210341569998
-2.72459428308509
-2.72815435618633
-2.73171437621065
-2.73527434306481
-2.73883425665591
-2.74239411689065
-2.74595392367589
-2.74951367691818
-2.7530733765243
-2.75663302240052
-2.76019261445349
-2.76375215258956
-2.76731163671493
-2.77087106673575
-2.77443044255842
-2.77798976408876
-2.7815490312328
-2.78510824389647
-2.78866740198562
-2.79222650540604
-2.79578555406343
-2.79934454786324
-2.80290348671113
-2.80646237051248
-2.8100211991727
-2.81357997259706
-2.81713869069071
-2.82069735335891
-2.82425596050673
-2.82781451203901
-2.83137300786073
-2.83493144787672
-2.83848983199175
-2.84204816011038
-2.84560643213732
-2.84916464797701
-2.85272280753392
-2.85628091071234
-2.85983895741657
-2.86339694755085
-2.86695488101926
-2.87051275772587
-2.87407057757451
-2.87762834046916
-2.88118604631363
-2.88474369501158
-2.88830128646678
-2.89185882058264
-2.89541629726273
-2.89897371641038
-2.90253107792889
-2.90608838172154
-2.90964562769152
-2.91320281574183
-2.91675994577553
-2.92031701769549
-2.92387403140461
-2.9274309868055
-2.93098788380097
-2.93454472229355
-2.9381015021857
-2.94165822337989
-2.94521488577849
-2.94877148928375
-2.95232803379777
-2.95588451922272
-2.95944094546066
-2.96299731241344
-2.96655361998293
-2.970109868071
-2.97366605657915
-2.97722218540905
-2.98077825446234
-2.98433426364035
-2.98789021284446
-2.99144610197593
-2.99500193093585
-2.99855769962544
-3.00211340794577
-3.00566905579768
-3.00922464308209
-3.01278016969967
-3.01633563555108
-3.01989104053704
-3.02344638455806
-3.0270016675145
-3.0305568893068
-3.03411204983504
-3.03766714899958
-3.04122218670041
-3.0447771628376
-3.04833207731101
-3.05188693002054
-3.05544172086582
-3.05899644974667
-3.06255111656255
-3.06610572121309
-3.06966026359752
-3.07321474361535
-3.07676916116568
-3.08032351614766
-3.08387780846037
-3.08743203800278
-3.09098620467388
-3.09454030837235
-3.09809434899696
-3.10164832644633
-3.10520224061893
-3.10875609141331
-3.11230987872786
-3.11586360246074
-3.11941726251015
-3.12297085877427
-3.12652439115112
-3.13007785953847
-3.13363126383438
-3.13718460393645
-3.14073787974237
-3.14429109114969
-3.14784423805593
-3.15139732035842
-3.15495033795457
-3.15850329074159
-3.16205617861653
-3.16560900147646
-3.1691617592184
-3.1727144517391
-3.17626707893531
-3.17981964070382
-3.18337213694115
-3.18692456754376
-3.19047693240809
-3.19402923143057
-3.19758146450726
-3.20113363153439
-3.20468573240794
-3.20823776702393
-3.21178973527805
-3.21534163706623
-3.21889347228416
-3.22244524082733
-3.22599694259133
-3.22954857747145
-3.23310014536308
-3.23665164616148
-3.24020307976179
-3.2437544460589
-3.24730574494779
-3.25085697632334
-3.25440814008034
-3.25795923611342
-3.2615102643171
-3.26506122458587
-3.26861211681421
-3.27216294089644
-3.27571369672665
-3.27926438419895
-3.28281500320735
-3.28636555364571
-3.28991603540797
-3.29346644838774
-3.29701679247866
-3.30056706757424
-3.30411727356807
-3.30766741035331
-3.31121747782328
-3.31476747587127
-3.3183174043902
-3.32186726327293
-3.32541705241249
-3.32896677170164
-3.33251642103289
-3.33606600029905
-3.33961550939247
-3.34316494820559
-3.34671431663061
-3.35026361455977
-3.35381284188527
-3.35736199849903
-3.36091108429296
-3.36446009915878
-3.3680090429883
-3.37155791567298
-3.37510671710452
-3.37865544717425
-3.38220410577345
-3.38575269279335
-3.38930120812512
-3.39284965165978
-3.3963980232881
-3.39994632290106
-3.40349455038935
-3.40704270564352
-3.4105907885541
-3.41413879901163
-3.41768673690638
-3.42123460212849
-3.42478239456817
-3.42833011411548
-3.43187776066026
-3.43542533409229
-3.43897283430142
-3.4425202611772
-3.44606761460912
-3.44961489448662
-3.45316210069902
-3.45670923313554
-3.46025629168535
-3.46380327623735
-3.4673501866805
-3.47089702290365
-3.47444378479551
-3.47799047224463
-3.4815370851396
-3.4850836233686
-3.48863008682007
-3.4921764753822
-3.49572278894319
-3.49926902739084
-3.50281519061316
-3.50636127849789
-3.50990729093268
-3.51345322780507
-3.51699908900267
-3.5205448744128
-3.52409058392264
-3.52763621741927
-3.53118177478992
-3.53472725592141
-3.53827266070055
-3.5418179890142
-3.54536324074892
-3.54890841579128
-3.55245351402755
-3.55599853534413
-3.55954347962725
-3.56308834676306
-3.56663313663744
-3.57017784913634
-3.5737224841454
-3.57726704155042
-3.58081152123702
-3.58435592309039
-3.58790024699625
-3.59144449283965
-3.59498866050568
-3.59853274987939
-3.60207676084564
-3.60562069328943
-3.60916454709528
-3.61270832214782
-3.61625201833161
-3.61979563553081
-3.62333917362986
-3.6268826325129
-3.63042601206386
-3.63396931216679
-3.63751253270543
-3.64105567356364
-3.64459873462497
-3.64814171577294
-3.65168461689076
-3.65522743786183
-3.65877017856927
-3.66231283889613
-3.66585541872533
-3.6693979179397
-3.67294033642191
-3.67648267405465
-3.68002493072039
-3.68356710630154
-3.68710920068024
-3.69065121373875
-3.69419314535914
-3.69773499542316
-3.70127676381277
-3.70481845040969
-3.70836005509537
-3.71190157775135
-3.71544301825907
-3.71898437649965
-3.72252565235426
-3.72606684570385
-3.72960795642939
-3.73314898441178
-3.73668992953149
-3.74023079166916
-3.74377157070515
-3.74731226651984
-3.75085287899347
-3.75439340800623
-3.75793385343798
-3.76147421516846
-3.76501449307753
-3.76855468704476
-3.77209479694975
-3.77563482267189
-3.77917476409036
-3.78271462108425
-3.7862543935327
-3.78979408131465
-3.79333368430882
-3.796873202394
-3.80041263544879
-3.80395198335154
-3.80749124598055
-3.81103042321399
-3.81456951492996
-3.81810852100668
-3.82164744132163
-3.82518627575274
-3.82872502417757
-3.83226368647358
-3.8358022625183
-3.83934075218877
-3.8428791553622
-3.84641747191562
-3.84995570172591
-3.85349384466969
-3.85703190062385
-3.86056986946475
-3.86410775106873
-3.86764554531212
-3.87118325207115
-3.87472087122189
-3.87825840263999
-3.88179584620135
-3.88533320178166
-3.88887046925654
-3.89240764850131
-3.89594473939127
-3.89948174180141
-3.90301865560704
-3.90655548068284
-3.91009221690377
-3.91362886414443
-3.9171654222794
-3.92070189118314
-3.92423827072977
-3.92777456079346
-3.93131076124834
-3.93484687196823
-3.93838289282712
-3.94191882369856
-3.94545466445593
-3.94899041497286
-3.95252607512233
-3.95606164477768
-3.95959712381198
-3.96313251209805
-3.96666780950864
-3.97020301591637
-3.97373813119382
-3.97727315521326
-3.98080808784692
-3.98434292896706
-3.98787767844557
-3.99141233615432
-3.99494690196496
-3.9984813757492
-4.00201575737858
-4.00555004672429
-4.00908424365762
-4.01261834804949
-4.01615235977098
-4.0196862786928
-4.02322010468567
-4.02675383762042
-4.03028747736707
-4.03382102379619
-4.03735447677762
-4.04088783618156
-4.04442110187803
-4.04795427373656
-4.05148735162677
-4.05502033541824
-4.0585532249804
-4.06208602018232
-4.06561872089313
-4.06915132698182
-4.0726838383171
-4.07621625476768
-4.07974857620197
-4.08328080248865
-4.08681293349581
-4.09034496909158
-4.09387690914405
-4.09740875352092
-4.10094050209012
-4.10447215471904
-4.10800371127526
-4.11153517162608
-4.11506653563857
-4.11859780318001
-4.12212897411722
-4.12566004831675
-4.12919102564538
-4.13272190596946
-4.13625268915543
-4.13978337506957
-4.14331396357784
-4.14684445454627
-4.15037484784053
-4.15390514332624
-4.15743534086892
-4.16096544033403
-4.16449544158686
-4.16802534449231
-4.17155514891534
-4.17508485472074
-4.17861446177325
-4.1821439699372
-4.18567337907712
-4.18920268905721
-4.19273189974158
-4.19626101099425
-4.1997900226788
-4.20331893465899
-4.2068477467983
-4.21037645896014
-4.21390507100761
-4.21743358280388
-4.220961994212
-4.22449030509464
-4.22801851531443
-4.23154662473373
-4.23507463321507
-4.23860254062051
-4.24213034681244
-4.24565805165248
-4.24918565500239
-4.25271315672392
-4.25624055667823
-4.25976785472696
-4.26329505073124
-4.26682214455185
-4.27034913604992
-4.27387602508612
-4.27740281152106
-4.28092949521494
-4.28445607602829
-4.28798255382114
-4.29150892845347
-4.29503519978509
-4.29856136767563
-4.30208743198468
-4.30561339257165
-4.30913924929573
-4.31266500201591
-4.31619065059121
-4.3197161948804
-4.32324163474196
-4.32676697003447
-4.3302922006162
-4.33381732634521
-4.33734234707966
-4.34086726267737
-4.34439207299587
-4.34791677789288
-4.35144137722563
-4.35496587085144
-4.35849025862747
-4.3620145404106
-4.36553871605744
-4.36906278542484
-4.37258674836894
-4.37611060474626
-4.37963435441287
-4.38315799722488
-4.38668153303775
-4.39020496170759
-4.39372828308964
-4.39725149703938
-4.40077460341189
-4.40429760206201
-4.40782049284501
-4.41134327561546
-4.4148659502278
-4.41838851653657
-4.42191097439581
-4.42543332365973
-4.42895556418224
-4.43247769581696
-4.43599971841767
-4.43952163183782
-4.44304343593054
-4.44656513054892
-4.45008671554601
-4.4536081907745
-4.45712955608699
-4.46065081133601
-4.46417195637371
-4.46769299105237
-4.47121391522399
-4.47473472874015
-4.47825543145272
-4.48177602321298
-4.48529650387231
-4.48881687328183
-4.49233713129254
-4.4958572777552
-4.4993773125204
-4.50289723543867
-4.50641704636033
-4.50993674513552
-4.51345633161399
-4.5169758056459
-4.52049516708082
-4.52401441576794
-4.52753355155676
-4.53105257429655
-4.53457148383593
-4.53809028002386
-4.54160896270895
-4.54512753173953
-4.54864598696417
-4.55216432823073
-4.55568255538714
-4.55920066828116
-4.5627186667604
-4.56623655067248
-4.56975431986439
-4.57327197418323
-4.576789513476
-4.58030693758939
-4.58382424636996
-4.58734143966409
-4.59085851731789
-4.59437547917745
-4.5978923250888
-4.60140905489738
-4.6049256684487
-4.60844216558813
-4.61195854616078
-4.61547481001176
-4.61899095698593
-4.62250698692779
-4.62602289968174
-4.6295386950921
-4.63305437300294
-4.63656993325816
-4.6400853757014
-4.64360070017635
-4.64711590652646
-4.65063099459475
-4.65414596422432
-4.65766081525798
-4.66117554753852
-4.66469016090814
-4.66820465520925
-4.67171903028398
-4.6752332859742
-4.6787474221219
-4.68226143856833
-4.68577533515505
-4.6892891117231
-4.69280276811362
-4.69631630416751
-4.69982971972529
-4.70334301462754
-4.70685618871431
-4.71036924182607
-4.71388217380253
-4.71739498448306
-4.72090767370768
-4.72442024131546
-4.72793268714581
-4.7314450110375
-4.73495721282927
-4.73846929236002
-4.7419812494679
-4.74549308399111
-4.74900479576798
-4.75251638463614
-4.75602785043317
-4.75953919299658
-4.76305041216369
-4.76656150777168
-4.77007247965726
-4.7735833276574
-4.77709405160847
-4.78060465134665
-4.78411512670824
-4.78762547752931
-4.79113570364518
-4.79464580489181
-4.79815578110427
-4.80166563211793
-4.80517535776784
-4.80868495788855
-4.81219443231473
-4.81570378088082
-4.81921300342078
-4.82272209976884
-4.82623106975882
-4.82973991322419
-4.83324862999842
-4.83675721991466
-4.84026568280597
-4.84377401850529
-4.84728222684492
-4.85079030765766
-4.85429826077542
-4.85780608603046
-4.86131378325424
-4.86482135227877
-4.86832879293532
-4.87183610505512
-4.87534328846922
-4.8788503430083
-4.88235726850317
-4.88586406478413
-4.88937073168121
-4.89287726902468
-4.89638367664443
-4.89988995436998
-4.90339610203051
-4.9069021194554
-4.91040800647372
-4.91391376291406
-4.917419388605
-4.92092488337503
-4.92443024705238
-4.92793547946479
-4.93144058044025
-4.93494554980614
-4.93845038738982
-4.94195509301871
-4.94545966651953
-4.94896410771875
-4.95246841644332
-4.95597259251917
-4.95947663577261
-4.96298054602949
-4.96648432311523
-4.96998796685563
-4.97349147707591
-4.97699485360096
-4.98049809625564
-4.98400120486455
-4.9875041792523
-4.99100701924297
-4.99450972466028
-4.9980122953283
-5.00151473107034
-5.00501703170987
-5.00851919707013
-5.01202122697397
-5.01552312124401
-5.01902487970269
-5.0225265021722
-5.0260279884748
-5.02952933843211
-5.03303055186582
-5.03653162859723
-5.0400325684477
-5.04353337123814
-5.04703403678931
-5.05053456492153
-5.05403495545531
-5.05753520821052
-5.06103532300726
-5.06453529966503
-5.06803513800339
-5.07153483784133
-5.07503439899793
-5.07853382129201
-5.08203310454185
-5.08553224856594
-5.08903125318237
-5.092530118209
-5.09602884346369
-5.09952742876329
-5.10302587392551
-5.10652417876704
-5.1100223431046
-5.11352036675486
-5.11701824953409
-5.12051599125822
-5.12401359174302
-5.12751105080426
-5.13100836825731
-5.13450554391726
-5.13800257759911
-5.14149946911765
-5.14499621828732
-5.1484928249221
-5.15198928883627
-5.15548560984341
-5.15898178775702
-5.16247782239061
-5.16597371355705
-5.16946946106952
-5.17296506474039
-5.17646052438198
-5.17995583980653
-5.18345101082589
-5.18694603725194
-5.19044091889611
-5.19393565556951
-5.19743024708306
-5.20092469324771
-5.20441899387368
-5.20791314877145
-5.21140715775116
-5.21490102062237
-5.21839473719476
-5.22188830727746
-5.22538173067982
-5.22887500721085
-5.23236813667903
-5.23586111889256
-5.23935395365956
-5.24284664078793
-5.24633918008549
-5.24983157135968
-5.25332381441754
-5.2568159090662
-5.26030785511186
-5.26379965236168
-5.26729130062142
-5.27078279969681
-5.27427414939386
-5.27776534951806
-5.28125639987463
-5.28474730026872
-5.28823805050484
-5.29172865038749
-5.29521909972104
-5.29870939830968
-5.30219954595695
-5.30568954246607
-5.30917938764065
-5.31266908128365
-5.31615862319792
-5.31964801318603
-5.32313725104998
-5.32662633659202
-5.33011526961373
-5.33360404991704
-5.33709267730301
-5.34058115157248
-5.34406947252653
-5.34755763996533
-5.35104565368924
-5.35453351349848
-5.35802121919261
-5.36150877057159
-5.36499616743434
-5.36848340957977
-5.37197049680677
-5.37545742891386
-5.37894420569921
-5.38243082696079
-5.38591729249648
-5.38940360210371
-5.39288975557976
-5.39637575272123
-5.39986159332555
-5.40334727718855
-5.4068328041069
-5.4103181738761
-5.41380338629183
-5.41728844114992
-5.42077333824532
-5.42425807737276
-5.42774265832725
-5.43122708090287
-5.43471134489408
-5.43819545009424
-5.44167939629734
-5.44516318329651
-5.44864681088502
-5.45213027885572
-5.45561358700084
-5.45909673511315
-5.46257972298437
-5.46606255040626
-5.46954521717015
-5.47302772306762
-5.47651006788976
-5.4799922514268
-5.48347427346949
-5.48695613380795
-5.49043783223229
-5.4939193685319
-5.49740074249596
-5.50088195391386
-5.50436300257454
-5.50784388826654
-5.51132461077789
-5.5148051698967
-5.51828556541088
-5.521765797108
-5.52524586477485
-5.52872576819902
-5.53220550716683
-5.5356850814646
-5.5391644908787
-5.54264373519485
-5.54612281419876
-5.54960172767574
-5.55308047541103
-5.55655905718899
-5.56003747279456
-5.56351572201181
-5.56699380462448
-5.57047172041667
-5.57394946917144
-5.57742705067209
-5.58090446470161
-5.58438171104267
-5.58785878947714
-5.59133569978752
-5.59481244175516
-5.59828901516174
-5.60176541978866
-5.60524165541654
-5.60871772182628
-5.61219361879794
-5.61566934611211
-5.61914490354802
-5.62262029088555
-5.62609550790413
-5.62957055438229
-5.63304543009943
-5.63652013483331
-5.63999466836234
-5.64346903046435
-5.64694322091698
-5.65041723949738
-5.65389108598291
-5.65736476014996
-5.6608382617753
-5.66431159063466
-5.66778474650433
-5.67125772915977
-5.67473053837647
-5.6782031739293
-5.68167563559316
-5.68514792314228
-5.6886200363512
-5.69209197499348
-5.69556373884275
-5.69903532767234
-5.70250674125572
-5.70597797936559
-5.70944904177401
-5.71291992825365
-5.71639063857631
-5.71986117251334
-5.72333152983635
-5.72680171031617
-5.73027171372357
-5.73374153982927
-5.73721118840325
-5.74068065921557
-5.74414995203596
-5.7476190666334
-5.7510880027772
-5.75455676023605
-5.75802533877847
-5.76149373817242
-5.76496195818604
-5.76842999858683
-5.77189785914191
-5.77536553961874
-5.77883303978372
-5.78230035940345
-5.78576749824379
-5.78923445607086
-5.79270123265011
-5.7961678277466
-5.79963424112574
-5.80310047255193
-5.80656652178985
-5.81003238860329
-5.81349807275622
-5.81696357401234
-5.82042889213498
-5.82389402688662
-5.82735897803046
-5.83082374532839
-5.83428832854289
-5.83775272743514
-5.84121694176702
-5.84468097129996
-5.84814481579463
-5.85160847501146
-5.85507194871131
-5.85853523665356
-5.86199833859821
-5.86546125430489
-5.86892398353225
-5.87238652603921
-5.87584888158486
-5.87931104992711
-5.88277303082431
-5.88623482403365
-5.88969642931301
-5.89315784641875
-5.8966190751085
-5.90008011513784
-5.90354096626361
-5.90700162824183
-5.91046210082786
-5.91392238377718
-5.91738247684452
-5.92084237978509
-5.92430209235293
-5.92776161430257
-5.93122094538767
-5.93468008536171
-5.93813903397818
-5.94159779099003
-5.94505635615011
-5.94851472921076
-5.95197290992404
-5.9554308980416
-5.95888869331509
-5.96234629549549
-5.96580370433384
-5.96926091958105
-5.97271794098753
-5.97617476830363
-5.97963140127808
-5.98308783966105
-5.98654408320158
-5.99000013164884
-5.99345598475091
-5.99691164225674
-6.00036710391405
-6.00382236947071
-6.00727743867383
-6.01073231127064
-6.01418698700834
-6.01764146563331
-6.02109574689207
-6.02454983053039
-6.0280037162939
-6.03145740392806
-6.03491089317792
-6.03836418378854
-6.04181727550448
-6.04527016806966
-6.04872286122847
-6.05217535472431
-6.05562764830095
-6.05907974170097
-6.06253163466789
-6.06598332694396
-6.06943481827141
-6.07288610839211
-6.07633719704764
-6.07978808397987
-6.08323876892965
-6.08668925163771
-6.09013953184443
-6.09358960929058
-6.0970394837163
-6.10048915486117
-6.10393862246444
-6.10738788626536
-6.11083694600245
-6.11428580141485
-6.11773445224039
-6.12118289821769
-6.12463113908421
-6.12807917457741
-6.1315270044343
-6.13497462839235
-6.13842204618758
-6.14186925755692
-6.14531626223684
-6.14876305996206
-6.15220965046885
-6.15565603349225
-6.15910220876785
-6.16254817602974
-6.1659939350131
-6.16943948545119
-6.17288482707864
-6.17632995962872
-6.17977488283525
-6.18321959643152
-6.18666410015033
-6.19010839372414
-6.19355247688513
-6.19699634936542
-6.20044001089715
-6.20388346121188
-6.20732670004093
-6.21076972711474
-6.21421254216509
-6.21765514492195
-6.22109753511595
-6.22453971247679
-6.22798167673442
-6.2314234276184
-6.23486496485796
-6.23830628818183
-6.24174739731981
-6.24518829199932
-6.24862897194916
-6.25206943689741
-6.2555096865718
-6.25894972069986
-6.26238953900905
-6.26582914122639
-6.26926852707834
-6.27270769629193
-6.27614664859323
-6.27958538370879
-6.28302390136417
-6.28646220128508
-6.28990028319742
-6.29333814682564
-6.29677579189514
-6.30021321813088
-6.30365042525692
-6.3070874129981
-6.31052418107795
-6.31396072922044
-6.31739705714935
-6.32083316458813
-6.32426905125993
-6.32770471688785
-6.33114016119493
-6.33457538390299
-6.33801038473482
-6.34144516341286
-6.34487971965861
-6.34831405319427
-6.35174816374128
-6.35518205102092
-6.35861571475451
-6.36204915466276
-6.36548237046631
-6.36891536188637
-6.37234812864221
-6.3757806704552
-6.3792129870447
-6.38264507813094
-6.3860769434334
-6.38950858267184
-6.39293999556558
-6.39637118183357
-6.39980214119448
-6.40323287336785
-6.40666337807115
-6.41009365502381
-6.41352370394412
-6.4169535245499
-6.42038311655949
-6.42381247969057
-6.42724161366093
-6.4306705181878
-6.43409919298858
-6.43752763778093
-6.44095585228209
-6.44438383620846
-6.44781158927679
-6.45123911120448
-6.45466640170827
-6.45809346050389
-6.46152028730833
-6.46494688183677
-6.4683732438064
-6.471799372933
-6.47522526893243
-6.47865093152064
-6.48207636041268
-6.48550155532492
-6.48892651597211
-6.49235124207009
-6.49577573333408
-6.49919998947967
-6.5026240102216
-6.50604779527462
-6.50947134435413
-6.51289465717542
-6.51631773345264
-6.51974057290129
-6.52316317523521
-6.52658554016974
-6.53000766741976
-6.53342955669952
-6.5368512077235
-6.5402726202066
-6.54369379386279
-6.54711472840682
-6.55053542355329
-6.55395587901581
-6.55737609450965
-6.5607960697484
-6.56421580444672
-6.56763529831957
-6.57105455108076
-6.57447356244469
-6.57789233212596
-6.58131085983883
-6.58472914529783
-6.58814718821746
-6.59156498831196
-6.59498254529569
-6.59839985888413
-6.60181692879066
-6.60523375473087
-6.60865033641992
-6.61206667357176
-6.61548276590129
-6.61889861312365
-6.62231421495384
-6.62572957110646
-6.62914468129755
-6.63255954524227
-6.63597416265609
-6.63938853325432
-6.64280265675254
-6.64621653286707
-6.64963016131361
-6.65304354180719
-6.65645667406473
-6.65986955780363
-6.66328219273887
-6.66669457858869
-6.67010671506842
-6.67351860189561
-6.67693023878784
-6.68034162546206
-6.68375276163593
-6.6871636470278
-6.69057428135573
-6.69398466433678
-6.69739479569015
-6.70080467513532
-6.70421430239047
-6.70762367717555
-6.71103279920969
-6.71444166821223
-6.71785028390333
-6.72125864600389
-6.72466675423505
-6.72807460831655
-6.73148220797094
-6.7348895529185
-6.73829664288218
-6.74170347758329
-6.74511005674587
-6.74851638009184
-6.75192244734447
-6.75532825822857
-6.75873381246702
-6.76213910978541
-6.76554414990847
-6.76894893256168
-6.77235345747083
-6.7757577243617
-6.77916173296245
-6.78256548299965
-6.78596897420033
-6.78937220629266
-6.7927751790055
-6.79617789206841
-6.7995803452112
-6.80298253816359
-6.80638447065679
-6.80978614242277
-6.8131875531925
-6.81658870269842
-6.81998959067407
-6.8233902168533
-6.8267905809701
-6.83019068275941
-6.83359052195692
-6.83699009829894
-6.84038941152282
-6.84378846136569
-6.84718724756686
-6.85058576986426
-6.85398402799758
-6.85738202170778
-6.86077975073706
-6.86417721482652
-6.86757441371966
-6.8709713471591
-6.87436801488924
-6.87776441665749
-6.88116055220835
-6.88455642128952
-6.88795202364828
-6.8913473590334
-6.8947424271966
-6.89813722788664
-6.90153176085612
-6.90492602585802
-6.9083200226448
-6.91171375097104
-6.91510721059406
-6.91850040126881
-6.9218933227546
-6.9252859748098
-6.92867835719405
-6.93207046966884
-6.93546231199605
-6.93885388393886
-6.94224518526217
-6.94563621573196
-6.94902697511516
-6.9524174631796
-6.95580767969496
-6.95919762443236
-6.96258729716481
-6.96597669766399
-6.96936582570623
-6.97275468106609
-6.97614326352272
-6.97953157285362
-6.98291960884083
-6.98630737126511
-6.98969485990975
-6.99308207456069
-6.99646901500427
-6.99985568102768
-7.00324207242135
-7.00662818897616
-7.01001403048532
-7.01339959674403
-7.01678488754817
-7.02016990269574
-7.02355464198631
-7.0269391052227
-7.03032329220711
-7.03370720274513
-7.03709083664308
-7.04047419371149
-7.04385727376055
-7.04724007660322
-7.05062260205524
-7.05400484993319
-7.05738682005615
-7.06076851224408
-7.06414992632298
-7.06753106211607
-7.07091191945202
-7.07429249816084
-7.0776727980749
-7.08105281902789
-7.08443256085695
-7.08781202340148
-7.09119120650329
-7.09457011000584
-7.09794873375603
-7.10132707760294
-7.10470514139925
-7.10808292499686
-7.11146042825465
-7.11483765103122
-7.11821459318941
-7.12159125459497
-7.12496763511517
-7.12834373462085
-7.13171955298549
-7.13509509008719
-7.13847034580396
-7.14184532001861
-7.14522001261797
-7.14859442348846
-7.15196855252402
-7.15534239961984
-7.15871596467449
-7.16208924759035
-7.16546224827234
-7.16883496662807
-7.17220740256952
-7.17557955601405
-7.17895142687991
-7.18232301509039
-7.18569432057222
-7.18906534325528
-7.19243608307486
-7.19580653996814
-7.19917671387727
-7.20254660474801
-7.20591621252906
-7.20928553717669
-7.21265457864788
-7.21602333690572
-7.21939181191707
-7.22276000365405
-7.22612791208936
-7.22949553720517
-7.23286287898574
-7.23622993742006
-7.23959671250174
-7.24296320423055
-7.24632941261006
-7.24969533764587
-7.2530609793535
-7.25642633775207
-7.25979141286357
-7.26315620471782
-7.26652071334821
-7.26988493879526
-7.27324888110178
-7.27661254031925
-7.2799759165039
-7.28333900971801
-7.28670182002879
-7.29006434750865
-7.29342659223671
-7.29678855429969
-7.30015023378846
-7.30351163080034
-7.306872745438
-7.31023357781449
-7.31359412804622
-7.31695439625503
-7.32031438257301
-7.32367408713542
-7.3270335100877
-7.3303926515802
-7.33375151177105
-7.33711009082528
-7.34046838891615
-7.34382640622229
-7.34718414293349
-7.35054159924338
-7.35389877535623
-7.357255671481
-7.36061228783854
-7.36396862465578
-7.36732468216829
-7.37068046062044
-7.37403596026201
-7.37739118135647
-7.38074612417097
-7.38410078898672
-7.38745517609071
-7.39080928577711
-7.39416311835549
-7.39751667414057
-7.40086995345793
-7.40422295664202
-7.40757568403604
-7.41092813599774
-7.41428031289204
-7.41763221509408
-7.42098384298807
-7.42433519697132
-7.42768627745232
-7.43103708484984
-7.4343876195936
-7.43773788212356
-7.44108787289357
-7.44443759236704
-7.44778704101955
-7.45113621934068
-7.4544851278309
-7.45783376700233
-7.46118213738122
-7.46453023950563
-7.46787807392645
-7.47122564120899
-7.47457294193107
-7.47791997668335
-7.48126674607389
-7.48461325071932
-7.48795949125452
-7.49130546832865
-7.49465118260253
-7.49799663475623
-7.50134182548225
-7.50468675549002
-7.50803142550301
-7.51137583626043
-7.51471998852004
-7.51806388305517
-7.52140752065614
-7.52475090212632
-7.52809402829313
-7.53143689999575
-7.53477951809271
-7.53812188346063
-7.54146399699874
-7.5448058596165
-7.54814747224773
-7.55148883584467
-7.55482995137932
-7.55817081984474
-7.56151144224901
-7.56485181962667
-7.56819195303227
-7.57153184353745
-7.57487149223623
-7.57821090024716
-7.58155006871128
-7.58488899878958
-7.58822769166778
-7.59156614855282
-7.59490437067786
-7.59824235929959
-7.60158011569826
-7.60491764117851
-7.60825493707076
-7.61159200473083
-7.61492884553965
-7.61826546090928
-7.62160185227478
-7.62493802109866
-7.62827396887386
-7.63160969711745
-7.63494520737714
-7.63828050123095
-7.6416155802859
-7.64495044618238
-7.6482851005854
-7.65161954519729
-7.65495378174789
-7.65828781199955
-7.66162163775047
-7.66495526082606
-7.66828868309786
-7.67162190645802
-7.67495493284161
-7.67828776422036
-7.68162040260093
-7.68495285002307
-7.68828510857044
-7.6916171803576
-7.69494906754485
-7.69828077233139
-7.70161229695154
-7.70494364368391
-7.70827481484879
-7.71160581281177
-7.71493663997863
-7.71826729879828
-7.72159779176293
-7.72492812141608
-7.72825829033964
-7.73158830117135
-7.73491815659132
-7.73824785933072
-7.74157741216841
-7.74490681793281
-7.74823607950794
-7.75156519982568
-7.75489418187593
-7.75822302870283
-7.76155174339904
-7.76488032911712
-7.76820878906742
-7.77153712652006
-7.77486534480332
-7.77819344730563
-7.78152143747632
-7.78484931882789
-7.7881770949341
-7.79150476944155
-7.79483234605421
-7.79815982854714
-7.80148722076413
-7.80481452661878
-7.80814175009657
-7.81146889525395
-7.81479596621985
-7.8181229672025
-7.82144990248373
-7.82477677642767
-7.82810359347375
-7.83143035813986
-7.83475707503775
-7.83808374885479
-7.84141038436297
-7.84473698642839
-7.84806355999774
-7.85139011011688
-7.85471664192139
-7.85804316064155
-7.8613696716044
-7.86469618023376
-7.86802269204963
-7.87134921268442
-7.87467574786676
-7.8780023034335
-7.88132888533401
-7.88465549962164
-7.88798215246313
-7.89130885014492
-7.89463559906787
-7.89796240575351
-7.90128927683891
-7.90461621909526
-7.90794323941463
-7.9112703448239
-7.91459754247645
-7.91792483966467
-7.92125224381361
-7.92457976249174
-7.92790740341479
-7.9312351744394
-7.9345630835798
-7.93789113899167
-7.94121934899273
-7.94454772205988
-7.94787626682857
-7.95120499210523
-7.9545339068652
-7.95786302025638
-7.96119234159939
-7.96452188039913
-7.96785164634134
-7.97118164931
-7.97451189937235
-7.97784240679423
-7.98117318204074
-7.98450423578658
-7.9878355789132
-7.99116722252092
-7.99449917792673
-7.99783145667055
-8.0011640705197
-8.00449703148313
-8.00783035180286
-8.01116404396788
-8.01449812072109
-8.01783259505172
-8.02116748022243
-8.0245027897621
-8.02783853746829
-8.03117473742271
-8.03451140399634
-8.03784855185401
-8.0411861959504
-8.04452435155693
-8.04786303426924
-8.05120225999539
-8.05454204496137
-8.0578824057551
-8.06122335929252
-8.06456492285826
-8.06790711409626
-8.07124995100735
-8.07459345198502
-8.07793763581451
-8.0812825216825
-8.08462812917551
-8.08797447830553
-8.09132158952042
-8.09466948370272
-8.09801818218332
-8.10136770675943
-8.10471807970847
-8.10806932378686
-8.11142146224995
-8.11477451887598
-8.11812851796242
-8.1214834843411
-8.12483944339801
-8.12819642109834
-8.13155444397595
-8.13491353917247
-8.1382737344317
-8.14163505814137
-8.14499753932371
-8.14836120766803
-8.15172609355394
-8.15509222804783
-8.15845964293724
-8.16182837076161
-8.16519844480972
-8.16856989915248
-8.17194276865714
-8.17531708902615
-8.17869289680965
-8.1820702294204
-8.18544912517184
-8.18882962329359
-8.19221176396645
-8.19559558835626
-8.19898113861858
-8.20236845794083
-8.20575759059654
-8.20914858192141
-8.21254147838772
-8.21593632764862
-8.21933317852003
-8.22273208106995
-8.22613308662602
-8.22953624782646
-8.23294161864687
-8.23634925445328
-8.23975921204612
-8.24317154968758
-8.24658632717349
-8.25000360586191
-8.25342344872505
-8.25684592041201
-8.26027108728511
-8.26369901749991
-8.26712978102315
-8.27056344974009
-8.27400009748517
-8.27743980009997
-8.28088263552216
-8.28432868385668
-8.28777802742474
-8.29123075086776
-8.29468694119236
-8.29814668788205
-8.30161008297993
-8.30507722114044
-8.30854819976064
-8.31202311907131
-8.31550208221935
-8.31898519539555
-8.32247256791185
-8.32596431234183
-8.3294605446067
-8.33296138415628
-8.33646695403371
-8.33997738104157
-8.34349279587837
-8.34701333330518
-8.35053913223517
-8.35407033597102
-8.35760709230422
-8.36114955374288
-8.36469787766964
-8.36825222654002
-8.37181276808395
-8.37537967548753
-8.37895312765402
-8.38253330940573
-8.38612041177633
-8.38971463217413
-8.3933161747198
-8.39692525052055
-8.40054207791843
-8.40416688283758
-8.40779989911894
-8.41144136881589
-8.41509154257519
-8.41875068003787
-8.4224190501967
-8.42609693182342
-8.42978461392647
-8.43348239622758
-8.43719058955216
-8.44090951650933
-8.44463951187535
-8.44838092332464
-8.45213411186831
-8.45589945263892
-8.45967733551355
-8.46346816578366
-8.4672723650193
-8.47109037180676
-8.47492264263003
-8.47876965276844
-8.48263189724802
-8.48650989191756
-8.49040417444553
-8.4943153055125
-8.49824387011042
-8.50219047873775
-8.50615576888502
-8.51014040641101
-8.51414508723872
-8.5181705389967
-8.52221752279292
-8.52628683520888
-8.53037931030198
-8.53449582183169
-8.53863728562157
-8.54280466207014
-8.54699895895726
-8.55122123431386
-8.55547259944792
-8.55975422252607
-8.564067331995
-8.5684132206835
-8.57279325001659
-8.57720885429718
-8.58166154600766
-8.58615292089598
-8.59068466393351
-8.59525855527151
-8.59987647735925
-8.60454042212399
-8.60925249905591
-8.61401494397322
-8.61883012846485
-8.62370057039736
-8.62862894515608
-8.6336180982734
-8.63867105885907
-8.643791054545
-8.64898152825468
-8.6542461560546
-8.65958886722277
-8.66501386612317
-8.67052565687293
-8.67612907023508
-8.68182929364656
-8.68763190453374
-8.69354290754189
-8.69956877628895
-8.70571649930249
-8.7119936325295
-8.71840835773963
-8.72496954833165
-8.7316868438459
-8.73857073393559
-8.74563265424523
-8.75288509480436
-8.76034172410849
-8.76801753102548
-8.77592898784585
-8.78409423742315
-8.7925333104446
-8.80126837676108
-8.81032403772374
-8.81972766817269
-8.82950981760476
-8.83970468363506
-8.85035067126343
-8.86149105970268
-8.8731747989435
-8.88545746880817
-8.89840243750156
-8.91208227427757
-8.92658047806309
-8.94199361298415
-8.9584339628301
-8.97603286079619
-8.99494490244816
-9.01535332523354
-9.03747695459758
-9.06157927307904
-9.087980403868
-9.11707317363607
-9.14934496498795
-9.18540793586176
-9.22604161758781
-9.27225420223883
-9.32537286166556
-9.3871804428561
-9.46012890399024
-9.54768479034396
-9.65491269162569
-9.78951199631935
-9.96377670487746
-10.1985973766977
-10.5324837681164
-11.0447809081995
-11.9276372966261
-13.7828609144608
-19.65989027356
-88.3477287360098
790.171715283262
