-22.8888610532708
-22.7808990575217
-22.6727672996264
-22.5644665513289
-22.4559975854505
-22.3473611758905
-22.2385580976289
-22.1295891267263
-22.0204550403262
-21.9111566166557
-21.8016946350272
-21.6920698758392
-21.5822831205777
-21.4723351518175
-21.3622267532231
-21.25195870955
-21.1415318066455
-21.0309468314501
-20.9202045719983
-20.8093058174199
-20.6982513579405
-20.5870419848829
-20.4756784906678
-20.364161668815
-20.2524923139437
-20.1406712217739
-20.0286991891269
-19.9165770139265
-19.8043054951992
-19.6918854330754
-19.57931762879
-19.4666028846832
-19.3537420042009
-19.2407357918955
-19.1275850534268
-19.0142905955621
-18.9008532261773
-18.787273754257
-18.6735529898953
-18.5596917442966
-18.445690829775
-18.3315510597563
-18.2172732487773
-18.1028582124865
-17.9883067676449
-17.8736197321256
-17.758797924915
-17.6438421661126
-17.5287532769316
-17.4135320796987
-17.2981793978548
-17.1826960559555
-17.0670828796707
-16.9513406957849
-16.835470332198
-16.7194726179247
-16.6033483830949
-16.4870984589541
-16.3707236778631
-16.2542248732985
-16.1376028798521
-16.0208585332318
-15.9039926702608
-15.7870061288782
-15.6698997481387
-15.5526743682126
-15.4353308303856
-15.3178699770593
-15.2002926517501
-15.0825996990901
-14.9647919648265
-14.8468702958214
-14.7288355400516
-14.6106885466088
-14.4924301656989
-14.374061248642
-14.2555826478727
-14.1369952169387
-14.0182998105012
-13.899497284335
-13.7805884953275
-13.6615743014787
-13.5424555619006
-13.4232331368174
-13.3039078875647
-13.184480676589
-13.0649523674478
-12.9453238248088
-12.8255959144494
-12.7057695032568
-12.585845459227
-12.4658246514645
-12.3457079501818
-12.2254962266989
-12.105190353443
-11.9847912039479
-11.8642996528529
-11.7437165759031
-11.6230428499484
-11.5022793529429
-11.3814269639444
-11.2604865631138
-11.1394590317146
-11.0183452521119
-10.8971461077723
-10.7758624832629
-10.6544952642506
-10.5330453375017
-10.4115135908812
-10.2899009133515
-10.1682081949727
-10.0464363269014
-9.92458620138946
-9.80265871178437
-9.68065475252751
-9.55857521915406
-9.43642100829196
-9.31419301766129
-9.1918921460732
-9.06951929342942
-8.94707536072138
-8.82456125002961
-8.70197786452265
-8.57932610845619
-8.45660688717265
-8.33382110710001
-8.21096967575106
-8.0880535017227
-7.96507349469501
-7.84203056543015
-7.71892562577195
-7.59575958864496
-7.47253336805329
-7.34924787907996
-7.22590403788595
-7.10250276170952
-6.97904496886487
-6.85553157874181
-6.73196351180467
-6.60834168959094
-6.48466703471124
-6.36094047084775
-6.23716292275333
-6.11333531625114
-5.98945857823318
-5.8655336366596
-5.7415614205575
-5.61754286002073
-5.49347888620816
-5.36937043134328
-5.24521842871288
-5.12102381266646
-4.99678751861528
-4.87251048303111
-4.74819364344561
-4.62383793844924
-4.49944430769055
-4.37501369187478
-4.25054703276333
-4.12604527317284
-4.00150935697393
-3.87694022909046
-3.7523388354988
-3.62770612322645
-3.50304304035122
-3.37835053600046
-3.25362956035033
-3.12888106462401
-3.00410600109172
-2.8793053230692
-2.75447998491695
-2.62963094203936
-2.50475915088342
-2.37986556893819
-2.25495115473363
-2.13001686783984
-2.00506366886566
-1.88009251945818
-1.75510438230162
-1.63010022111632
-1.50508100065792
-1.38004768671613
-1.25500124611404
-1.12994264670732
-1.00487285738256
-0.8797928480568
-0.754703589676672
-0.629606054217222
-0.504501214680497
-0.379390045095602
-0.25427352051627
-0.129152617021402
-0.00402831171291526
0.12109841728511
0.246226590826907
0.371355228746576
0.496483349858902
0.621609971960908
0.746734111831904
0.871854785236078
0.996971006921897
1.12208179062478
1.24718614906691
1.37228309395967
1.49737163600393
1.62245078489149
1.7475195493065
1.87257693692668
1.99762195442402
2.12265360746708
2.24767090072156
2.37267283785193
2.49765842152303
2.62262665340111
2.74757653415596
2.87250706346161
2.9974172399984
3.12230606145468
3.24717252452847
3.37201562492871
3.49683435737765
3.62162771561242
3.74639469238701
3.87113427947406
3.99584546766733
4.12052724678361
4.24517860566489
4.36979853218057
4.49438601323001
4.6189400347455
4.74345958169361
4.86794363807923
4.99239118694776
5.11680121038831
5.2411726895361
5.36550460457626
5.48979593474766
5.6140456583453
5.73825275272452
5.86241619430542
5.98653495857591
6.11060802009631
6.23463435250372
6.35861292851664
6.48254271993992
6.60642269766998
6.73025183169928
6.85402909112289
6.97775344414395
7.10142385807919
7.2250392993665
7.34859873357053
7.47210112539083
7.5955454386684
7.71893063639382
7.84225568071548
7.96551953294819
8.08872115358221
8.21185950229275
8.33493353794926
8.45794221862707
8.58088450161805
8.70375934344132
8.82656569985627
8.9493025258751
9.07196877577634
9.19456340311869
9.31708536075616
9.43953360085351
9.56190707490234
9.68420473373907
9.80642552756273
9.92856840595344
10.0506323178937
10.1726162117878
10.2945190354864
10.4163397363078
10.5380772610627
10.6597305560815
10.7812985672398
10.9027802399882
11.024174519382
11.1454803501136
11.2666966765439
11.3878224427394
11.508856592509
11.6297980694415
11.7506458169478
11.8713987783044
11.992055896698
12.112616115273
12.2330783771837
12.3534416256463
12.4737048039935
12.5938668557367
12.7139267246249
12.8338833547133
12.9537356904297
13.0734826766479
13.1931232587668
13.3126563827875
13.432080995402
13.5513960440821
13.670600477173
13.7896932439963
13.9086732949531
14.0275395816381
14.1462910569559
14.2649266752457
14.383445392413
14.501846166069
14.6201279556762
14.7382897227044
14.8563304307953
14.9742490459331
15.0920445366304
15.2097158741201
15.3272620325619
15.4446819892579
15.5619747248836
15.6791392237294
15.7961744739583
15.9130794678787
16.0298532022347
16.14649467851
16.2630029032526
16.3793768884212
16.4956156517471
16.6117182171242
16.7276836150184
16.8435108829064
16.9591990657351
17.07474721642
17.1901543963644
17.3054196760185
17.4205421354714
17.5355208650801
17.6503549661425
17.7650435516105
17.8795857468512
17.9939806904612
18.1082275351272
18.2223254485521
18.3362736144393
18.4500712335453
18.5637175248025
18.6772117265209
18.7905530976719
18.9037409192619
19.016774495807
19.1296531569048
19.242376258925
19.3549431868168
19.467353356058
19.5796062147359
19.691701245788
19.8036379694108
19.9154159456543
20.0270347772065
20.1384941123962
20.2497936484332
20.3609331348989
20.4719123775151
20.5827312422213
20.6933896595673
20.8038876294861
20.9142252264495
21.0244026050553
21.1344200061025
21.2442777631665
21.353976309762
21.4635161871301
21.5728980527137
21.6821226894037
21.7911910156186
21.900104096323
22.0088631550785
22.1174695872291
22.2259249743588
22.3342311001576
22.44238996786
22.5504038194286
22.658275156687
22.7660067646419
22.8736017372452
22.9810635059159
23.0883958711264
23.1956030374757
23.302689652689
23.4096608510556
23.5165223018687
23.6232802636039
23.7299416445791
23.8365140710087
23.9430059635595
24.0494266235977
24.1557863305939
24.2620964523951
24.3683695703696
24.4746196217413
24.5808620619837
24.6871140505448
24.793394663902
24.8997251406957
25.0061291646612
25.1126331923196
25.2192668337592
25.3260632968113
25.4330599070867
25.5402987194726
25.6478272400968
25.7556992826584
25.8639759891703
25.9727270526231
26.0820321897865
26.1919829253253
26.3026847664915
26.4142598714238
26.5268503460872
26.6406223488387
26.7557712423023
26.8725281165266
26.9911681272982
27.1120212649828
27.2354864193433
27.3620499760321
27.4923107382159
27.6270138253876
27.7670975492483
27.913759437289
28.0685511643715
28.2335182684324
28.4114113147938
28.6060149444068
28.8226791504437
29.0692136726235
29.3574707724312
29.7063215746944
30.1476921375074
30.7400474577144
31.6026451096653
33.0197289006937
35.8572785734529
44.2556135170107
122.629498110197
1430.51279868528
