62.9679808893282
62.6405218452865
62.3130671627415
61.9856166131829
61.6581699699372
61.3307270081655
61.0032875048633
60.6758512388574
60.3484179908066
60.0209875431985
59.6935596803498
59.366134188404
59.0387108553304
58.7112894709237
58.3838698268016
58.0564517164048
57.7290349349951
57.4016192796548
57.0742045492858
56.7467905446079
56.4193770681587
56.0919639242922
55.7645509191779
55.4371378608002
55.1097245589571
54.7823108252601
54.4548964731323
54.1274813178095
53.8000651763374
53.4726478675724
53.1452292121804
52.8178090326363
52.4903871532235
52.1629634000331
51.835537600964
51.5081095857215
51.180679185818
50.8532462345717
50.5258105671065
50.1983720203525
49.8709304330439
49.5434856457206
49.2160375007271
48.8885858422126
48.5611305161304
48.2336713702385
47.9062082540989
47.5787410190782
47.2512695183473
46.9237936068811
46.5963131414593
46.2688279806661
45.9413379848909
45.6138430163273
45.286342938975
44.9588376186389
44.6313269229297
44.3038107212647
43.976288884868
43.6487612867705
43.3212278018113
42.9936883066373
42.6661426797047
42.3385908012793
42.0110325534367
41.6834678200637
41.3558964868586
41.0283184413329
40.7007335728104
40.3731417724301
40.0455429331465
39.7179369497293
39.3903237187663
39.062703138664
38.7350751096474
38.4074395337632
38.0797963148805
37.7521453586905
37.4244865727096
37.0968198662806
36.7691451505739
36.441462338588
36.1137713451525
35.7860720869293
35.4583644824138
35.130648451937
34.8029239176671
34.4751908036115
34.1474490356182
33.8196985413781
33.4919392504272
33.164171094148
32.836394005772
32.5086079203816
32.1808127749126
31.8530085081564
31.5251950607617
31.1973723752378
30.8695403959564
30.5416990691541
30.2138483429353
29.8859881672747
29.5581184940197
29.2302392768929
28.9023504714959
28.5744520353114
28.246543927706
27.9186261099333
27.5906985451377
27.2627611983557
26.9348140365209
26.6068570284671
26.2788901449298
25.9509133585516
25.6229266438844
25.2949299773935
24.9669233374611
24.6389067043898
24.310880060406
23.982843389664
23.6547966782498
23.3267399141856
22.9986730874327
22.670596189896
22.3425092154284
22.0144121598347
21.686305020876
21.3581877982739
21.0300604937154
20.7019231108562
20.3737756553267
20.0456181347364
19.7174505586777
19.3892729387313
19.0610852884709
18.7328876234691
18.4046799613004
18.0764623215484
17.7482347258104
17.4199971977013
17.0917497628611
16.7634924489592
16.4352252856991
16.1069483048264
15.778661540132
15.4503650274593
15.1220588047089
14.7937429118464
14.4654173909065
14.1370822860005
13.8087376433211
13.4803835111501
13.1520199398643
12.8236469819411
12.4952646919662
12.1668731266396
11.8384723447829
11.5100624073447
11.1816433774092
10.8532153202025
10.5247783030991
10.1963323956297
9.86787766948892
9.53941419854137
9.21094205882958
8.88246132858185
8.5539720882204
8.22547442036692
7.89696840985284
7.56845414372569
7.23993171125754
6.91140120395333
6.58286271555799
6.25431634206588
5.92576218172842
5.5972003350631
5.26863090486074
4.94005399619531
4.61146971643211
4.28287817523652
3.954279484583
3.62567375876355
3.29706111439723
2.9684416704398
2.63981554819107
2.31118287130554
1.9825437658019
1.65389836007206
1.32524678488951
0.996589173421637
0.667925661235602
0.33925638631215
0.0105814890523809
-0.318098887711915
-0.646784598706898
-0.975475496208017
-1.30417143002935
-1.63287224751478
-1.9615777935251
-2.29028791043179
-2.61900243810221
-2.94772121389335
-3.27644407263808
-3.60517084663797
-3.93390136565056
-4.26263545687961
-4.59137294496499
-4.92011365197222
-5.24885739738032
-5.57760399807385
-5.90635326833054
-6.23510501981123
-6.56385906154993
-6.89261519994221
-7.22137323873648
-7.55013297902118
-7.87889421921586
-8.20765675506078
-8.53642037960672
-8.86518488320338
-9.19395005349072
-9.52271567538821
-9.85148153108489
-10.180247400029
-10.5090130589194
-10.8377782816949
-11.166542839525
-11.4953065008003
-11.8240690311233
-12.152830193301
-12.4815897473327
-12.810347450405
-13.1391030568814
-13.4678563182956
-13.7966069833411
-14.1253547978658
-14.4540995048659
-14.7828408444759
-15.1115785539641
-15.4403123677274
-15.7690420172832
-16.0977672312659
-16.4264877354213
-16.7552032526026
-17.0839135027672
-17.412618202974
-17.7413170673786
-18.0700098072341
-18.398696130889
-18.7273757437851
-19.0560483484612
-19.384713644551
-19.7133713287879
-20.0420210950062
-20.3706626341452
-20.699295634255
-21.0279197805025
-21.3565347551783
-21.6851402377058
-22.0137359046488
-22.3423214297262
-22.6708964838235
-22.9994607350047
-23.3280138485305
-23.6565554868754
-23.985085309747
-24.3136029741067
-24.6421081341939
-24.9706004415507
-25.2990795450491
-25.6275450909227
-25.9559967227987
-26.284434081731
-26.612856806242
-26.9412645323588
-27.2696568936639
-27.5980335213359
-27.9263940442031
-28.2547380887991
-28.5830652794188
-28.9113752381835
-29.2396675851054
-29.5679419381617
-29.8961979133662
-30.2244351248535
-30.5526531849671
-30.880851704347
-31.2090302920302
-31.5371885555579
-31.8653261010817
-32.1934425334831
-32.5215374565019
-32.849610472867
-33.1776611844351
-33.5056891923484
-33.8336940971854
-34.1616754991402
-34.4896329981932
-34.8175661943036
-35.1454746876182
-35.4733580786761
-35.8012159686429
-36.1290479595505
-36.4568536545482
-36.7846326581797
-37.1123845766645
-37.4401090182078
-37.7678055933187
-38.0954739151521
-38.4231135998724
-38.750724267038
-39.0783055400047
-39.4058570463617
-39.7333784183878
-40.060869293531
-40.3883293149287
-40.7157581319479
-41.0431554007672
-41.3705207849847
-41.6978539562737
-42.0251545950667
-42.3524223912885
-42.6796570451324
-43.0068582678881
-43.3340257828107
-43.6611593260503
-43.9882586476431
-44.3153235125511
-44.6423537017839
-44.9693490135744
-45.2963092646445
-45.6232342915302
-45.9501239520192
-46.276978126653
-46.6037967203431
-46.9305796640853
-47.2573269167823
-47.5840384671958
-47.9107143360154
-48.2373545780697
-48.5639592846923
-48.890528586223
-49.2170626547047
-49.5435617067458
-49.8700260065874
-50.1964558693726
-50.522851664651
-50.8492138201198
-51.1755428256321
-51.501839237498
-51.8281036830713
-52.1543368656861
-52.4805395699326
-52.80671266735
-53.1328571225025
-53.4589739995274
-53.7850644691711
-54.1111298163694
-54.4371714483852
-54.7631909035832
-55.0891898608987
-55.4151701500392
-55.7411337624974
-56.0670828634678
-56.3930198046832
-56.7189471383622
-57.0448676322721
-57.3707842860557
-57.6967003489785
-58.0226193391368
-58.348545064379
-58.6744816450484
-59.000433538731
-59.3264055672513
-59.6524029460954
-59.9784313165706
-60.3044967809708
-60.6306059410435
-60.9567659401646
-61.2829845096053
-61.6092700193786
-61.9356315341593
-62.2620788748702
-62.5886226866357
-62.9152745138217
-63.2420468830942
-63.5689533953793
-63.8960088279461
-64.2232292478854
-64.5506321384677
-64.8782365400136
-65.206063207404
-65.5341347863815
-65.8624760112869
-66.1911139274247
-66.5200781415044
-66.8494011043926
-67.1791184311147
-67.5092692639005
-67.8398966849638
-68.1710481873033
-68.5027762129665
-68.8351387703148
-69.1682001439935
-69.5020317140999
-69.8367129046188
-70.1723322851484
-70.5089888556055
-70.8467935498341
-71.1858710030453
-71.5263616378304
-71.868424137553
-72.2122383935934
-72.5580090343906
-72.9059696749859
-73.2563880630282
-73.6095723491474
-73.965878777881
-74.3257211872412
-74.6895828312019
-75.0580312136166
-75.4317368639891
-75.8114973295489
-76.1982681500664
-76.5932032991126
-76.9977086371781
-77.4135135211787
-77.8427681759985
-78.2881782964507
-78.7531945679853
-79.242285078179
-79.7613361085083
-80.3182576912251
-80.9239269254093
-81.5937105717581
-82.3500275419966
-83.2268823172154
-84.278387467689
-85.5960429042398
-87.3473267056695
-89.8737071750018
-93.9887293934906
-102.170197593052
-126.263849320361
-350.755776692369
-4070.2009793821
