-0.174532925199433
-0.175513925199433
-0.176494925199433
-0.177475925199433
-0.178456925199433
-0.179437925199433
-0.180418925199433
-0.181399925199433
-0.182380925199433
-0.183361925199433
-0.184342925199433
-0.185323925199433
-0.186304925199433
-0.187285925199433
-0.188266925199433
-0.189247925199433
-0.190228925199433
-0.191209925199433
-0.192190925199433
-0.193171925199433
-0.194152925199433
-0.195133925199433
-0.196114925199433
-0.197095925199433
-0.198076925199433
-0.199057925199433
-0.200038925199433
-0.201019925199433
-0.202000925199433
-0.202981925199433
-0.203962925199433
-0.204943925199433
-0.205924925199433
-0.206905925199433
-0.207886925199433
-0.208867925199433
-0.209848925199433
-0.210829925199433
-0.211810925199433
-0.212791925199433
-0.213772925199433
-0.214753925199433
-0.215734925199433
-0.216715925199433
-0.217696925199433
-0.218677925199433
-0.219658925199433
-0.220639925199433
-0.221620925199433
-0.222601925199433
-0.223582925199433
-0.224563925199433
-0.225544925199433
-0.226525925199433
-0.227506925199433
-0.228487925199433
-0.229468925199433
-0.230449925199433
-0.231430925199434
-0.232411925199434
-0.233392925199434
-0.234373925199434
-0.235354925199434
-0.236335925199434
-0.237316925199434
-0.238297925199434
-0.239278925199434
-0.240259925199434
-0.241240925199434
-0.242221925199434
-0.243202925199434
-0.244183925199434
-0.245164925199434
-0.246145925199434
-0.247126925199434
-0.248107925199434
-0.249088925199434
-0.250069925199434
-0.251050925199434
-0.252031925199434
-0.253012925199434
-0.253993925199434
-0.254974925199434
-0.255955925199434
-0.256936925199434
-0.257917925199434
-0.258898925199434
-0.259879925199434
-0.260860925199434
-0.261841925199434
-0.262822925199434
-0.263803925199434
-0.264784925199434
-0.265765925199434
-0.266746925199434
-0.267727925199434
-0.268708925199434
-0.269689925199434
-0.270670925199434
-0.271651925199434
-0.272632925199434
-0.273613925199434
-0.274594925199434
-0.275575925199434
-0.276556925199434
-0.277537925199434
-0.278518925199434
-0.279499925199434
-0.280480925199434
-0.281461925199434
-0.282442925199434
-0.283423925199434
-0.284404925199434
-0.285385925199434
-0.286366925199434
-0.287347925199434
-0.288328925199434
-0.289309925199434
-0.290290925199434
-0.291271925199434
-0.292252925199434
-0.293233925199434
-0.294214925199434
-0.295195925199434
-0.296176925199434
-0.297157925199434
-0.298138925199434
-0.299119925199434
-0.300100925199434
-0.301081925199434
-0.302062925199434
-0.303043925199434
-0.304024925199434
-0.305005925199434
-0.305986925199434
-0.306967925199434
-0.307948925199434
-0.308929925199434
-0.309910925199434
-0.310891925199434
-0.311872925199434
-0.312853925199434
-0.313834925199434
-0.314815925199434
-0.315796925199434
-0.316777925199434
-0.317758925199434
-0.318739925199434
-0.319720925199434
-0.320701925199434
-0.321682925199434
-0.322663925199434
-0.323644925199434
-0.324625925199434
-0.325606925199434
-0.326587925199434
-0.327568925199434
-0.328549925199434
-0.329530925199434
-0.330511925199434
-0.331492925199434
-0.332473925199434
-0.333454925199434
-0.334435925199434
-0.335416925199435
-0.336397925199435
-0.337378925199435
-0.338359925199435
-0.339340925199435
-0.340321925199435
-0.341302925199435
-0.342283925199435
-0.343264925199435
-0.344245925199435
-0.345226925199435
-0.346207925199435
-0.347188925199435
-0.348169925199435
-0.349150925199435
-0.350131925199435
-0.351112925199435
-0.352093925199435
-0.353074925199435
-0.354055925199435
-0.355036925199435
-0.356017925199435
-0.356998925199435
-0.357979925199435
-0.358960925199435
-0.359941925199435
-0.360922925199435
-0.361903925199435
-0.362884925199435
-0.363865925199435
-0.364846925199435
-0.365827925199435
-0.366808925199435
-0.367789925199435
-0.368770925199435
-0.369751925199435
-0.370732925199435
-0.371713925199435
-0.372694925199435
-0.373675925199435
-0.374656925199435
-0.375637925199435
-0.376618925199435
-0.377599925199435
-0.378580925199435
-0.379561925199435
-0.380542925199435
-0.381523925199435
-0.382504925199435
-0.383485925199435
-0.384466925199435
-0.385447925199435
-0.386428925199435
-0.387409925199435
-0.388390925199435
-0.389371925199435
-0.390352925199435
-0.391333925199435
-0.392314925199435
-0.393295925199435
-0.394276925199435
-0.395257925199435
-0.396238925199435
-0.397219925199435
-0.398200925199435
-0.399181925199435
-0.400162925199435
-0.401143925199435
-0.402124925199435
-0.403105925199435
-0.404086925199435
-0.405067925199435
-0.406048925199435
-0.407029925199435
-0.408010925199435
-0.408991925199435
-0.409972925199435
-0.410953925199435
-0.411934925199435
-0.412915925199435
-0.413896925199435
-0.414877925199435
-0.415858925199435
-0.416839925199435
-0.417820925199435
-0.418801925199435
-0.419782925199435
-0.420763925199435
-0.421744925199435
-0.422725925199435
-0.423706925199435
-0.424687925199435
-0.425668925199435
-0.426649925199435
-0.427630925199435
-0.428611925199435
-0.429592925199435
-0.430573925199435
-0.431554925199435
-0.432535925199435
-0.433516925199435
-0.434497925199435
-0.435478925199435
-0.436459925199435
-0.437440925199436
-0.438421925199436
-0.439402925199436
-0.440383925199436
-0.441364925199436
-0.442345925199436
-0.443326925199436
-0.444307925199436
-0.445288925199436
-0.446269925199436
-0.447250925199436
-0.448231925199436
-0.449212925199436
-0.450193925199436
-0.451174925199436
-0.452155925199436
-0.453136925199436
-0.454117925199436
-0.455098925199436
-0.456079925199436
-0.457060925199436
-0.458041925199436
-0.459022925199436
-0.460003925199436
-0.460984925199436
-0.461965925199436
-0.462946925199436
-0.463927925199436
-0.464908925199436
-0.465889925199436
-0.466870925199436
-0.467851925199436
-0.468832925199436
-0.469813925199436
-0.470794925199436
-0.471775925199436
-0.472756925199436
-0.473737925199436
-0.474718925199436
-0.475699925199436
-0.476680925199436
-0.477661925199436
-0.478642925199436
-0.479623925199436
-0.480604925199436
-0.481585925199436
-0.482566925199436
-0.483547925199436
-0.484528925199436
-0.485509925199436
-0.486490925199436
-0.487471925199436
-0.488452925199436
-0.489433925199436
-0.490414925199436
-0.491395925199436
-0.492376925199436
-0.493357925199436
-0.494338925199436
-0.495319925199436
-0.496300925199436
-0.497281925199436
-0.498262925199436
-0.499243925199436
-0.500224925199436
-0.501205925199436
-0.502186925199436
-0.503167925199436
-0.504148925199436
-0.505129925199436
-0.506110925199436
-0.507091925199436
-0.508072925199436
-0.509053925199436
-0.510034925199436
-0.511015925199436
-0.511996925199436
-0.512977925199436
-0.513958925199436
-0.514939925199436
-0.515920925199436
-0.516901925199436
-0.517882925199436
-0.518863925199436
-0.519844925199436
-0.520825925199436
-0.521806925199436
-0.522787925199436
-0.523768925199436
-0.524749925199436
-0.525730925199436
-0.526711925199436
-0.527692925199436
-0.528673925199436
-0.529654925199436
-0.530635925199436
-0.531616925199436
-0.532597925199436
-0.533578925199436
-0.534559925199436
-0.535540925199436
-0.536521925199436
-0.537502925199436
-0.538483925199436
-0.539464925199436
-0.540445925199436
-0.541426925199436
-0.542407925199436
-0.543388925199436
-0.544369925199436
-0.545350925199437
-0.546331925199437
-0.547312925199437
-0.548293925199437
-0.549274925199437
-0.550255925199437
-0.551236925199437
-0.552217925199437
-0.553198925199437
-0.554179925199437
-0.555160925199437
-0.556141925199437
-0.557122925199437
-0.558103925199437
-0.559084925199437
-0.560065925199437
-0.561046925199437
-0.562027925199437
-0.563008925199437
-0.563989925199437
-0.564970925199437
-0.565951925199437
-0.566932925199437
-0.567913925199437
-0.568894925199437
-0.569875925199437
-0.570856925199437
-0.571837925199437
-0.572818925199437
-0.573799925199437
-0.574780925199437
-0.575761925199437
-0.576742925199437
-0.577723925199437
-0.578704925199437
-0.579685925199437
-0.580666925199437
-0.581647925199437
-0.582628925199437
-0.583609925199437
-0.584590925199437
-0.585571925199437
-0.586552925199437
-0.587533925199437
-0.588514925199437
-0.589495925199437
-0.590476925199437
-0.591457925199437
-0.592438925199437
-0.593419925199437
-0.594400925199437
-0.595381925199437
-0.596362925199437
-0.597343925199437
-0.598324925199437
-0.599305925199437
-0.600286925199437
-0.601267925199437
-0.602248925199437
-0.603229925199437
-0.604210925199437
-0.605191925199437
-0.606172925199437
-0.607153925199437
-0.608134925199437
-0.609115925199437
-0.610096925199437
-0.611077925199437
