0.348650560353399
0.348806639759643
0.348961913257844
0.349116380766303
0.349270042203407
0.349422897487628
0.349574946537525
0.349726189271749
0.349876625609038
0.350026255468225
0.350175078768235
0.350323095428087
0.350470305366899
0.350616708503886
0.350762304758359
0.350907094049735
0.351051076297529
0.351194251421362
0.35133661934096
0.351478179976154
0.351618933246885
0.351758879073202
0.351898017375267
0.352036348073351
0.352173871087842
0.352310586339243
0.352446493748173
0.352581593235369
0.35271588472169
0.352849368128113
0.35298204337574
0.353113910385797
0.353244969079635
0.353375219378733
0.353504661204699
0.353633294479268
0.353761119124311
0.353888135061829
0.35401434221396
0.354139740502975
0.354264329851284
0.354388110181438
0.354511081416126
0.354633243478179
0.354754596290572
0.354875139776427
0.354994873859009
0.355113798461732
0.355231913508162
0.355349218922012
0.35546571462715
0.355581400547597
0.355696276607529
0.355810342731281
0.355923598843343
0.356036044868369
0.35614768073117
0.356258506356722
0.356368521670167
0.35647772659681
0.356586121062125
0.356693704991754
0.35680047831151
0.356906440947378
0.357011592825517
0.357115933872258
0.357219464014112
0.357322183177765
0.357424091290085
0.357525188278118
0.357625474069096
0.357724948590431
0.357823611769724
0.35792146353476
0.358018503813514
0.358114732534151
0.358210149625027
0.358304755014691
0.358398548631886
0.358491530405553
0.358583700264828
0.358675058139046
0.358765603957746
0.358855337650665
0.358944259147745
0.359032368379134
0.359119665275184
0.359206149766459
0.359291821783729
0.359376681257976
0.359460728120396
0.359543962302397
0.359626383735604
0.359707992351859
0.359788788083222
0.359868770861973
0.359947940620615
0.360026297291872
0.360103840808694
0.360180571104257
0.360256488111965
0.360331591765449
0.360405881998573
0.360479358745432
0.360552021940355
0.360623871517905
0.360694907412883
0.360765129560327
0.360834537895515
0.360903132353966
0.360970912871441
0.361037879383944
0.361104031827728
0.36116937013929
0.361233894255374
0.361297604112977
0.361360499649346
0.361422580801981
0.361483847508635
0.361544299707318
0.361603937336296
0.361662760334094
0.361720768639497
0.361777962191551
0.361834340929566
0.361889904793113
0.361944653722033
0.361998587656432
0.362051706536682
0.362104010303429
0.362155498897587
0.362206172260344
0.362256030333162
0.362305073057778
0.362353300376205
0.362400712230736
0.36244730856394
0.36249308931867
0.36253805443806
0.362582203865527
0.362625537544771
0.362668055419781
0.362709757434831
0.362750643534485
0.362790713663595
0.362829967767305
0.362868405791051
0.362906027680563
0.362942833381865
0.362978822841277
0.363013996005415
0.363048352821195
0.363081893235832
0.36311461719684
0.363146524652035
0.363177615549538
0.363207889837771
0.363237347465462
0.363265988381645
0.36329381253566
0.363320819877156
0.36334701035609
0.36337238392273
0.363396940527655
0.363420680121753
0.363443602656228
0.363465708082596
0.363486996352687
0.363507467418646
0.363527121232936
0.363545957748335
0.363563976917939
0.363581178695161
0.363597563033735
0.363613129887713
0.363627879211467
0.363641810959692
0.3636549250874
0.363667221549928
0.363678700302934
0.3636893613024
0.363699204504629
0.363708229866248
0.363716437344208
0.363723826895784
0.363730398478575
0.363736152050503
0.363741087569816
0.363745204995086
0.363748504285209
0.363750985399406
0.363752648297221
0.363753492938524
0.363753519283507
0.363752727292687
0.363751116926903
0.363748688147319
0.363745440915418
0.363741375193008
0.363736490942216
0.363730788125491
0.3637242667056
0.363716926645631
0.363708767908988
0.363699790459392
0.363689994260882
0.363679379277807
0.363667945474834
0.363655692816939
0.363642621269408
0.363628730797838
0.363614021368132
0.363598492946495
0.363582145499441
0.36356497899378
0.363546993396624
0.36352818867538
0.363508564797749
0.363488121731724
0.363466859445589
0.36344477790791
0.363421877087538
0.363398156953605
0.363373617475517
0.363348258622955
0.363322080365866
0.363295082674467
0.363267265519232
0.363238628870896
0.363209172700442
0.363178896979106
0.363147801678364
0.363115886769932
0.363083152225755
0.363049598018011
0.363015224119096
0.362980030501622
0.36294401713841
0.362907184002486
0.362869531067069
0.362831058305569
0.362791765691575
0.362751653198853
0.362710720801332
0.3626689684731
0.362626396188392
0.362583003921584
0.362538791647182
0.362493759339812
0.362447906974211
0.362401234525214
0.362353741967747
0.362305429276811
0.362256296427472
0.362206343394852
0.36215557015411
0.362103976680433
0.362051562949019
0.361998328935068
0.361944274613759
0.361889399960242
0.361833704949617
0.361777189556919
0.361719853757101
0.361661697525013
0.361602720835388
0.361542923662818
0.361482305981736
0.361420867766393
0.36135860899084
0.3612955296289
0.361231629654148
0.361166909039884
0.361101367759109
0.3610350057845
0.360967823088379
0.360899819642685
0.360830995418947
0.360761350388251
0.360690884521207
0.360619597787917
0.360547490157942
0.36047456160026
0.360400812083237
0.360326241574581
0.360250850041305
0.360174637449684
0.360097603765212
0.360019748952555
0.359941072975505
0.359861575796931
0.359781257378728
0.35970011768176
0.359618156665813
0.359535374289528
0.359451770510348
0.359367345284452
0.359282098566692
0.359196030310526
0.359109140467944
0.359021428989399
0.35893289582373
0.358843540918081
0.358753364217819
0.358662365666449
0.358570545205524
0.358477902774548
0.358384438310885
0.358290151749651
0.358195043023615
0.358099112063078
0.358002358795771
0.357904783146722
0.357806385038138
0.357707164389273
0.35760712111629
0.357506255132117
0.357404566346301
0.357302054664847
0.357198719990062
0.357094562220377
0.356989581250175
0.356883776969603
0.356777149264372
0.356669698015564
0.356561423099406
0.356452324387057
0.356342401744368
0.356231655031637
0.356120084103357
0.35600768880794
0.355894468987442
0.355780424477258
0.35566555510582
0.355549860694265
0.355433341056096
0.35531599599682
0.355197825313573
0.355078828794718
0.354959006219435
0.354838357357272
0.354716881967692
0.354594579799581
0.354471450590738
0.354347494067332
0.354222709943338
0.354097097919932
0.353970657684862
0.353843388911776
0.353715291259521
0.353586364371391
0.353456607874348
0.353326021378181
0.353194604474629
0.353062356736445
0.35292927771641
0.352795366946285
0.352660623935699
0.352525048170968
0.35238863911385
0.352251396200212
0.352113318838616
0.351974406408818
0.351834658260167
0.351694073709904
0.35155265204134
0.351410392501927
0.351267294301184
0.351123356608492
0.350978578550732
0.35083295920976
0.350686497619701
0.350539192764051
0.350391043572569
0.350242048917941
0.350092207612192
0.349941518402827
0.349789979968681
0.349637590915446
0.349484349770841
0.349330254979397
0.34917530489682
0.349019497783897
0.348862831799875
0.348705304995298
0.348546915304204
0.34838766053566
0.348227538364526
0.348066546321387
0.347904681781552
0.347741941953031
0.347578323863353
0.347413824345099
0.347248440020013
0.347082167281492
0.346915002275285
0.346746940878152
0.34657797867425
0.34640811092891
0.346237332559508
0.346065638102986
0.34589302167959
0.345719476952264
0.345544997081085
0.345369574671985
0.345193201718874
0.345015869538164
0.344837568694413
0.344658288915681
0.344478018996774
0.344296746688307
0.344114458569016
0.343931139898159
0.343746774444249
0.343561344285367
0.343374829575267
0.343187208268007
0.342998455791969
0.342808544661737
0.342617444013117
0.342425119042282
0.342231530324436
0.34203663297958
0.341840375642397
0.3416426991785
0.34144353506835
0.341242803350282
0.341040409970196
0.340836243320479
0.34063016965172
0.34042202688686
0.340211616121807
0.339998689692264
0.339782933999538
0.339563944073336
0.339341184605261
0.339113927814819
0.338881149444491
0.33864134389185
0.338392169553905
0.338129696573021
0.337846573736834
0.337526538210881
0.337121131708292
0.336331837614444
-2.80361776682939
