0.0155728797801836
0.0154923906164329
0.0154118937681474
0.0153313892471235
0.0152508770653316
0.0151703572349162
0.0150898297681971
0.0150092946776689
0.0149287519760022
0.0148482016760433
0.0147676437908155
0.0146870783335189
0.0146065053175308
0.0145259247564069
0.0144453366638809
0.0143647410538656
0.0142841379404528
0.0142035273379144
0.0141229092607025
0.0140422837234498
0.0139616507409707
0.013881010328261
0.013800362500499
0.0137197072730458
0.0136390446614459
0.0135583746814275
0.0134776973489036
0.0133970126799718
0.0133163206909154
0.0132356213982039
0.0131549148184932
0.0130742009686266
0.0129934798656353
0.0129127515267386
0.0128320159693452
0.012751273211053
0.0126705232696504
0.0125897661631165
0.0125090019096218
0.0124282305275291
0.0123474520353937
0.0122666664519644
0.012185873796184
0.0121050740871899
0.012024267344315
0.0119434535870881
0.0118626328352348
0.0117818051086782
0.0117009704275395
0.0116201288121385
0.0115392802829948
0.0114584248608283
0.0113775625665598
0.0112966934213119
0.0112158174464098
0.0111349346633819
0.0110540450939606
0.0109731487600833
0.0108922456838929
0.0108113358877388
0.0107304193941777
0.0106494962259742
0.0105685664061018
0.0104876299577439
0.0104066869042943
0.0103257372693583
0.0102447810767533
0.0101638183505103
0.010082849114874
0.010001873394304
0.00992089121347613
0.00983990259728261
0.00975890757083355
0.00967790615945777
0.00959689838870341
0.00951588428433941
0.00943486387235628
0.00935383717896683
0.00927280423060736
0.00919176505393885
0.00911071967584779
0.00902966812344705
0.00894861042407715
0.00886754660530728
0.00878647669493633
0.00870540072099393
0.00862431871174154
0.0085432306956737
0.00846213670151882
0.00838103675824063
0.00829993089503919
0.00821881914135195
0.00813770152685509
0.00805657808146447
0.00797544883533703
0.00789431381887197
0.00781317306271172
0.00773202659774346
0.00765087445510026
0.00756971666616222
0.00748855326255789
0.00740738427616555
0.00732620973911437
0.0072450296837858
0.00716384414281494
0.00708265314909188
0.00700145673576291
0.00692025493623199
0.00683904778416231
0.00675783531347719
0.00667661755836201
0.00659539455326557
0.0065141663329011
0.00643293293224826
0.00635169438655422
0.00627045073133542
0.00618920200237893
0.0061079482357441
0.00602668946776384
0.00594542573504642
0.00586415707447696
0.00578288352321913
0.0057016051187166
0.00562032189869462
0.00553903390116188
0.00545774116441204
0.00537644372702533
0.00529514162787042
0.00521383490610606
0.00513252360118262
0.00505120775284414
0.00496988740113004
0.00488856258637668
0.0048072333492194
0.00472589973059413
0.00464456177173951
0.00456321951419841
0.0044818729998201
0.0044005222707621
0.00431916736949178
0.00423780833878881
0.00415644522174676
0.00407507806177503
0.00399370690260121
0.00391233178827274
0.0038309527631591
0.00374956987195367
0.00366818315967628
0.00358679267167476
0.00350539845362745
0.00342400055154502
0.0033425990117729
0.00326119388099342
0.0031797852062278
0.00309837303483859
0.00301695741453183
0.0029355383933594
0.00285411601972106
0.00277269034236703
0.00269126141040028
0.0026098292732787
0.00252839398081762
0.00244695558319234
0.00236551413094019
0.00228406967496317
0.00220262226653043
0.00212117195728092
0.00203971879922533
0.00195826284474929
0.00187680414661548
0.00179534275796637
0.00171387873232684
0.00163241212360657
0.00155094298610297
0.00146947137450366
0.00138799734388931
0.00130652094973601
0.00122504224791834
0.00114356129471196
0.00106207814679639
0.00098059286125783
0.000899105495591856
0.000817616107706371
0.000736124755924596
0.000654631498987482
0.000573136396056939
0.000491639506718797
0.000410140890985634
0.000328640609299437
0.00024713872253526
0.00016563529200327
8.41303794527701e-05
2.6240470744706e-06
-7.88836424963534e-05
-0.00016039262617645
-0.000241902840431845
-0.00032341422127461
-0.000404926704260071
-0.000486440224483022
-0.000567954716575578
-0.000649470114702915
-0.000730986352561124
-0.000812503363373194
-0.000894021079886648
-0.00097553943436978
-0.00105705835860864
-0.00113857778390395
-0.00122009764106785
-0.00130161786042038
-0.00138313837178682
-0.00146465910449408
-0.00154617998736756
-0.00162770094872812
-0.0017092219163886
-0.00179074281765103
-0.00187226357930284
-0.00195378412761411
-0.00203530438833431
-0.00211682428668921
-0.00219834374737741
-0.00227986269456753
-0.00236138105189499
-0.00244289874245893
-0.00252441568881901
-0.00260593181299265
-0.00268744703645185
-0.00276896128012021
-0.00285047446436994
-0.00293198650901903
-0.00301349733332873
-0.00309500685599994
-0.0031765149951713
-0.00325802166841613
-0.00333952679273994
-0.00342103028457743
-0.00350253205979038
-0.00358403203366558
-0.00366553012091176
-0.00374702623565767
-0.0038285202914504
-0.00391001220125262
-0.00399150187744097
-0.00407298923180424
-0.00415447417554159
-0.00423595661926122
-0.00431743647297893
-0.00439891364611639
-0.00448038804750063
-0.00456185958536291
-0.00464332816733754
-0.00472479370046207
-0.00480625609117618
-0.00488771524532224
-0.00496917106814479
-0.00505062346429108
-0.00513207233781169
-0.00521351759216137
-0.00529495913020013
-0.00537639685419476
-0.00545783066582003
-0.00553926046616161
-0.0056206861557183
-0.00570210763440423
-0.00578352480155267
-0.00586493755591952
-0.00594634579568746
-0.0060277494184703
-0.00610914832131825
-0.00619054240072335
-0.00627193155262541
-0.00635331567241919
-0.00643469465496151
-0.00651606839457874
-0.00659743678507641
-0.00667879971974736
-0.00676015709138356
-0.00684150879228536
-0.00692285471427407
-0.00700419474870483
-0.00708552878647976
-0.00716685671806316
-0.00724817843349682
-0.00732949382241735
-0.00741080277407325
-0.00749210517734478
-0.00757340092076495
-0.0076546898925404
-0.00773597198057532
-0.00781724707249708
-0.00789851505568175
-0.00797977581728262
-0.00806102924426112
-0.00814227522341831
-0.00822351364142808
-0.0083047443848755
-0.00838596734029283
-0.00846718239420319
-0.00854838943316155
-0.00862958834380157
-0.00871077901288599
-0.00879196132735642
-0.0088731351743901
-0.0089543004414581
-0.00903545701638643
-0.00911660478742344
-0.00919774364330813
-0.00927887347334574
-0.00935999416748527
-0.0094411056164028
-0.00952220771159019
-0.00960330034544889
-0.00968438341138849
-0.0097654568039331
-0.00984652041883289
-0.00992757415318138
-0.0100086179055425
-0.0100896515760827
-0.0101706750667136
-0.0102516882812407
-0.0103326911255238
-0.0104136835076446
-0.0104946653380864
-0.0105756365299242
-0.0106565969990275
-0.0107375466642741
-0.0108184854477769
-0.010899413275128
-0.0109803300756536
-0.0110612357826887
-0.0111421303338666
-0.011223013671429
-0.0113038857425513
-0.0113847464996963
-0.0114655959009825
-0.0115464339105816
-0.0116272604991395
-0.011708075644224
-0.0117888793308052
-0.0118696715517635
-0.0119504523084334
-0.0120312216111852
-0.0121119794800403
-0.0121927259453341
-0.0122734610484203
-0.0123541848424253
-0.0124348973930527
-0.0125155987794452
-0.0125962890951058
-0.0126769684488834
-0.0127576369660321
-0.0128382947893398
-0.0129189420803435
-0.0129995790206279
-0.0130802058132275
-0.0131608226841223
-0.0132414298838501
-0.0133220276892395
-0.0134026164052768
-0.0134831963671099
-0.0135637679422101
-0.0136443315327043
-0.0137248875778883
-0.0138054365569399
-0.0138859789918552
-0.0139665154506109
-0.014047046550602
-0.014127572962353
-0.0142080954135418
-0.0142886146933738
-0.0143691316573158
-0.0144496472322531
-0.0145301624220953
-0.0146106783138775
-0.0146911960844147
-0.0147717170075567
-0.0148522424621162
-0.0149327739405403
-0.0150133130583948
-0.015093861564765
-0.0151744213536646
-0.0152549944765755
-0.0153355831562395
-0.0154161898018477
-0.0154968170258015
-0.0155774676622222
-0.0156581447874397
-0.015738851742678
-0.0158195921592387
-0.0159003699864977
-0.0159811895230803
-0.0160620554516192
-0.0161429728776184
-0.0162239473729578
-0.0163049850246871
-0.0163860924899014
-0.0164672770575474
-0.0165485467182062
-0.0166299102430739
-0.0167113772735691
-0.01679295842322
-0.016874665393879
-0.0169565111085955
-0.0170385098639964
-0.0171206775055606
-0.0172030316298603
-0.0172855918187256
-0.0173683799112692
-0.0174514203211015
-0.0175347404076135
-0.0176183709124249
-0.0177023464745213
-0.0177867062410794
-0.0178714945953438
-0.0179567620282261
-0.0180425661878945
-0.0181289731508323
-0.018216058970676
-0.01830391157802
-0.0183926331270834
-0.018482342916322
-0.0185731810531249
-0.0186653130925237
-0.0187589359648645
-0.0188542856289893
-0.0189516470647501
-0.0190513674810922
-0.0191538740111938
-0.0192596977744684
-0.0193695071400199
-0.0194841545636051
-0.0196047439121715
-0.0197327295202376
-0.0198700658596552
-0.0200194406982757
-0.0201846514513987
-0.0203712385931957
-0.0205876062905977
-0.0208471291852795
-0.0211724239826604
-0.0216048897227247
-0.0222289385338172
-0.0232456907357752
-0.0252677182409997
-0.0312236078092178
-0.0867187556304871
-1.00693242057112
