0
10.8633494175422
21.7244099489791
32.5831923905102
43.4397075553113
54.2939662734573
65.1459793918448
75.9957577741147
86.8433123005748
97.6886538681223
108.531793390166
119.372741796547
130.211510033466
141.048109063396
151.882549865015
162.714843433118
173.545000778546
184.373032928104
195.19895092448
206.022765826173
216.84448870741
227.664130658064
238.481702783583
249.297216204903
260.110682058374
270.922111495678
281.731515683751
292.538905804701
303.344293055733
314.147688649063
324.949103811844
335.748549786081
346.546037828556
357.341579210742
368.135185218728
378.926867153134
389.716636329035
400.504504075877
411.290481737396
422.07458067154
432.856812250384
443.637187860054
454.415718900641
465.192416786123
475.967292944279
486.740358816614
497.511625858272
508.281105537957
519.04880933785
529.814748753526
540.578935293874
551.341380481015
562.102095850215
572.86109294981
583.618383341117
594.373978598354
605.127890308559
615.880130071501
626.630709499605
637.379640217863
648.126933863754
658.872602087157
669.616656550272
680.359108927533
691.099970905528
701.83925418291
712.576970470317
723.313131490287
734.047748977174
744.780834677064
755.512400347688
766.242457758342
776.9710186898
787.698094934229
798.423698295103
809.147840587123
819.870533636126
830.591789279004
841.311619363617
852.030035748709
862.74705030382
873.462674909202
884.176921455734
894.889801844837
905.601327988383
916.311511808616
927.02036523806
937.727900219436
948.434128705576
959.139062659333
969.842714053499
980.545094870714
991.246217103383
1001.94609275359
1012.644733833
1023.34215236278
1034.03836037353
1044.73336990517
1055.42719300683
1066.11984173684
1076.81132816256
1087.50166436035
1098.19086241544
1108.87893442188
1119.56589248241
1130.25174870841
1140.93651521981
1151.62020414496
1162.30282762058
1172.98439779166
1183.66492681139
1194.34442684103
1205.02291004985
1215.70038861503
1226.3768747216
1237.05238056229
1247.72691833751
1258.4005002552
1269.0731385308
1279.74484538709
1290.41563305417
1301.08551376932
1311.75449977693
1322.42260332842
1333.08983668213
1343.75621210322
1354.42174186362
1365.08643824191
1375.75031352324
1386.41337999921
1397.07564996783
1407.7371357334
1418.39784960641
1429.05780390345
1439.71701094716
1450.37548306609
1461.0332325946
1471.69027187285
1482.34661324659
1493.00226906718
1503.65725169141
1514.31157348148
1524.96524680484
1535.61828403416
1546.27069754718
1556.92249972668
1567.57370296031
1578.22431964058
1588.87436216471
1599.52384293456
1610.17277435651
1620.82116884142
1631.46903880449
1642.11639666518
1652.76325484711
1663.409625778
1674.05552188952
1684.70095561725
1695.34593940055
1705.99048568248
1716.6346069097
1727.2783155324
1737.92162400416
1748.5645447819
1759.20709032576
1769.849273099
1780.49110556794
1791.13260020183
1801.77376947276
1812.41462585558
1823.05518182781
1833.6954498695
1844.33544246319
1854.97517209379
1865.61465124847
1876.2538924166
1886.89290808961
1897.53171076093
1908.17031292589
1918.8087270816
1929.44696572686
1940.08504136211
1950.72296648925
1961.36075361163
1971.99841523388
1982.63596386187
1993.27341200257
2003.91077216399
2014.54805685504
2025.1852785855
2035.82244986583
2046.45958320715
2057.09669112113
2067.73378611984
2078.37088071572
2089.00798742144
2099.64511874983
2110.28228721373
2120.91950532597
2131.55678559921
2142.19414054586
2152.83158267798
2163.46912450721
2174.10677854462
2184.74455730064
2195.38247328497
2206.02053900646
2216.65876697304
2227.29716969156
2237.93575966779
2248.5745494062
2259.21355140998
2269.85277818085
2280.492242219
2291.13195602299
2301.77193208965
2312.41218291397
2323.05272098898
2333.69355880573
2344.33470885308
2354.97618361768
2365.61799558384
2376.26015723344
2386.90268104581
2397.54557949765
2408.18886506292
2418.83255021274
2429.47664741528
2440.12116913568
2450.76612783593
2461.41153597479
2472.05740600764
2482.70375038646
2493.35058155964
2503.99791197194
2514.64575406436
2525.29412027405
2535.9430230342
2546.59247477394
2557.24248791825
2567.89307488784
2578.54424809904
2589.19601996374
2599.84840288924
2610.50140927818
2621.15505152841
2631.80934203291
2642.46429317968
2653.11991735163
2663.7762269265
2674.43323427671
2685.0909517693
2695.74939176582
2706.40856662222
2717.06848868873
2727.72917030978
2738.3906238239
2749.05286156359
2759.71589585523
2770.37973901898
2781.04440336868
2791.70990121174
2802.37624484902
2813.04344657475
2823.71151867642
2834.38047343465
2845.05032312314
2855.7210800085
2866.39275635021
2877.06536440045
2887.73891640405
2898.41342459836
2909.08890121314
2919.76535847047
2930.44280858465
2941.12126376206
2951.80073620108
2962.48123809201
2973.16278161692
2983.84537894955
2994.52904225524
3005.21378369078
3015.89961540435
3026.58654953537
3037.27459821442
3047.96377356315
3058.65408769411
3069.34555271074
3080.03818070717
3090.73198376819
3101.42697396908
3112.12316337556
3122.82056404365
3133.51918801959
3144.21904733968
3154.92015403025
3165.62252010751
3176.32615757745
3187.03107843571
3197.73729466755
3208.44481824765
3219.15366114009
3229.86383529815
3240.57535266432
3251.28822517009
3262.00246473591
3272.71808327106
3283.43509267353
3294.15350482997
3304.8733316155
3315.59458489371
3326.31727651645
3337.04141832381
3347.76702214397
3358.4940997931
3369.22266307527
3379.95272378235
3390.68429369388
3401.417384577
3412.15200818632
3422.88817626384
3433.62590053883
3444.36519272775
3455.10606453411
3465.84852764842
3476.59259374805
3487.33827449715
3498.08558154653
3508.83452653361
3519.58512108225
3530.33737680271
3541.09130529154
3551.84691813145
3562.60422689127
3573.36324312581
3584.12397837579
3594.88644416774
3605.65065201391
3616.41661341215
3627.1843398459
3637.953842784
3648.72513368067
3659.49822397542
3670.27312509292
3681.04984844296
3691.82840542036
3702.60880740489
3713.39106576117
3724.17519183862
3734.96119697139
3745.74909247824
3756.53888966254
3767.33059981216
3778.12423419941
3788.91980408097
3799.71732069787
3810.51679527539
3821.31823902304
3832.12166313448
3842.92707878752
3853.73449714403
3864.54392934996
3875.35538653525
3886.16887981385
3896.9844202837
3907.80201902666
3918.62168710859
3929.44343557929
3940.26727547251
3951.09321780599
3961.92127358146
3972.75145378472
3983.58376938561
3994.41823133811
4005.25485058042
4016.093638035
4026.93460460868
4037.77776119277
4048.62311866318
4059.47068788054
4070.32047969041
4081.17250492338
4092.02677439535
4102.8832989077
4113.74208924756
4124.60315618811
4135.46651048882
4146.33216289589
4157.20012414255
4168.0704049495
4178.94301602543
4189.81796806744
4200.69527176168
4211.57493778394
4222.45697680037
4233.34139946821
4244.22821643664
4255.11743834773
4266.00907583746
4276.90313953684
4287.79964007317
4298.69858807146
4309.59999415596
4320.50386895186
4331.41022308723
4342.31906719512
4353.23041191592
4364.14426790004
4375.06064581084
4385.97955632798
4396.9010101511
4407.8250180041
4418.75159063982
4429.68073884547
4440.61247344871
4451.54680532467
4462.48374540384
4473.4233046813
4484.36549422724
4495.31032519917
4506.25780885613
4517.20795657533
4528.16077987165
4539.11629042078
4550.07450008673
4561.0354209548
4571.99906537152
4582.96544599323
4593.93457584601
4604.90646840018
4615.88113766411
4626.85859830397
4637.83886579896
4648.82195664577
4659.80788863371
4670.79668122314
4681.7883560805
4692.78293785921
4703.78045538501
4714.78094354296
4725.78444647013
4736.79102340204
4747.80076059847
4758.81379976778
4769.83042466495
4780.85147512347
