5819
5822.44398226946
5825.89426133702
5829.35080445676
5832.81357888321
5836.28255187133
5839.75769067644
5843.23896255425
5846.72633476082
5850.2197745525
5853.71924918599
5857.22472591823
5860.73617200644
5864.25355470807
5867.77684128078
5871.30599898244
5874.84099507109
5878.3817968049
5881.92837144221
5885.48068624145
5889.03870846114
5892.60240535988
5896.17174419634
5899.74669222918
5903.32721671712
5906.91328491884
5910.50486409302
5914.10192149828
5917.70442439319
5921.31234003623
5924.92563568579
5928.54427860013
5932.1682360374
5935.79747525557
5939.43196351245
5943.07166806568
5946.71655617266
5950.36659509061
5954.02175207647
5957.68199438695
5961.3472892785
5965.01760400724
5968.69290582903
5972.37316199938
5976.05833977348
5979.74840640617
5983.44332915191
5987.14307526478
5990.84761199848
5994.55690660628
5998.27092634104
6001.98963845515
6005.71301020058
6009.44100882881
6013.17360159084
6016.91075573716
6020.65243851778
6024.39861718217
6028.14925897924
6031.90433115739
6035.66380096442
6039.42763564759
6043.19580245353
6046.96826862831
6050.74500141735
6054.52596806548
6058.31113581686
6062.10047191502
6065.89394360283
6069.69151812248
6073.49316271549
6077.29884462268
6081.10853108416
6084.92218933934
6088.73978662688
6092.56129018475
6096.38666725012
6100.21588505945
6104.0489108484
6107.8857118519
6111.72625530405
6115.57050843819
6119.41843848684
6123.27001268173
6127.12519825375
6130.98396243298
6134.84627244866
6138.71209552918
6142.58139890209
6146.45414979409
6150.33031543099
6154.20986303774
6158.09275983842
6161.97897305621
6165.8684699134
6169.76121763138
6173.65718343064
6177.55633453074
6181.45863815036
6185.36406150721
6189.2725718181
6193.1841362989
6197.09872216453
6201.01629662898
6204.93682690528
6208.86028020551
6212.78662374078
6216.71582472126
6220.64785035613
6224.58266785361
6228.52024442095
6232.4605472644
6236.40354358926
6240.34920059983
6244.2974854994
6248.24836549032
6252.20180777389
6256.15777955047
6260.11624801937
6264.07718037895
6268.04054382654
6272.00630555846
6275.97443277005
6279.94489265564
6283.91765240853
6287.89267922104
6291.86994028447
6295.84940278912
6299.83103392427
6303.8148008782
6307.80067083818
6311.78861099047
6315.77858852033
6319.770570612
6323.76452444872
6327.76041721274
6331.75821608529
6335.7578882466
6339.75940087591
6343.76272115144
6347.76781625046
6351.77465334919
6355.7831996229
6359.79342224585
6363.80528839133
6367.81876523164
6371.83381993811
6375.85041968107
6379.86853162992
6383.88812295306
6387.90916081794
6391.93161239105
6395.95544483792
6399.98062532315
6404.00712101036
6408.03489906228
6412.06392664066
6416.09417090636
6420.12559901929
6424.15817813846
6428.19187542197
6432.22665802702
6436.26249310989
6440.299347826
6444.33718932988
6448.37598477518
6452.41570131468
6456.45630610032
6460.49776628316
6464.54004901345
6468.58312144058
6472.62695071313
6476.67150397884
6480.71674838468
6484.76265107678
6488.80917920052
6492.85629990048
6496.90398032048
6500.95218760356
6505.00088889204
6509.0500513275
6513.09964205077
6517.14962820199
6521.19997692058
6525.25065534529
6529.30163061417
6533.3528698646
6537.40434023331
6541.45600885641
6545.50784286934
6549.55980940694
6553.61187560347
6557.66400859256
6561.71617550729
6565.76834348017
6569.82047964316
6573.87255112769
6577.92452506467
6581.9763685845
6586.02804881712
6590.07953289195
6594.13078793799
6598.18178108379
6602.23247945747
6606.28285018674
6610.33286039892
6614.38247722097
6618.43166777948
6622.48039920068
6626.52863861053
6630.57635313463
6634.62350989834
6638.67007602671
6642.71601864459
6646.76130487656
6650.805901847
6654.84977668013
6658.89289649996
6662.93522843036
6666.97673959509
6671.01739711778
6675.05716812199
6679.09601973119
6683.13391906882
6687.17083325829
6691.20672942303
6695.24157468646
6699.27533617207
6703.30798100338
6707.33947630405
6711.36978919782
6715.39888680857
6719.42673626034
6723.45330467736
6727.47855918409
6731.50246690517
6735.52499496557
6739.54611049048
6743.56578060544
6747.58397243631
6751.60065310934
6755.61578975112
6759.6293494887
6763.64129944956
6767.65160676165
6771.66023855341
6775.66716195382
6779.67234409241
6783.67575209929
6787.67735310519
6791.67711424148
6795.6750026402
6799.67098543408
6803.66502975659
6807.65710274198
6811.64717152525
6815.63520324226
6819.62116502971
6823.60502402518
6827.58674736717
6831.56630219514
6835.54365564952
6839.51877487175
6843.49162700434
6847.46217919085
6851.43039857598
6855.39625230556
6859.35970752661
6863.32073138736
6867.2792910373
6871.23535362719
6875.18888630913
6879.13985623656
6883.08823056432
6887.03397644867
6890.97706104734
6894.91745151956
6898.85511502609
6902.79001872926
6906.72212979303
6910.65141538299
6914.57784266643
6918.50137881234
6922.42199099149
6926.33964637644
6930.25431214161
6934.16595546326
6938.0745435196
6941.98004349076
6945.8824225589
6949.78164790818
6953.67768672485
6957.57050619727
6961.46007351594
6965.34635587356
6969.22932046507
6973.10893448765
6976.98516514083
6980.85797962645
6984.72734514878
6988.59322891449
6992.45559813273
6996.31442001516
7000.16966177599
7004.02129063203
7007.8692738027
7011.71357851011
7015.55417197905
7019.3910214371
7023.22409411459
7027.05335724469
7030.87877806342
7034.70032380973
7038.51796172549
7042.33165905554
7046.14138304775
7049.94710095303
7053.74878002537
7057.54638752191
7061.3398907029
7065.12925683182
7068.91445317534
7072.6954470034
7076.47220558922
7080.24469620934
7084.01288614363
7087.77674267534
7091.53623309112
7095.29132468104
7099.0419847386
7102.78818056079
7106.52987944809
7110.26704870445
7113.99965563739
7117.72766755793
7121.45105178066
7125.16977562372
7128.88380640881
7132.5931114612
7136.29765810976
7139.99741368688
7143.69234552854
7147.38242097427
7151.06760736714
7154.74787205375
7158.42318238419
7162.09350571202
7165.75880939427
7169.41906079136
7173.07422726706
7176.72427618848
7180.36917492597
7184.0088908531
7187.64339134654
7191.27264378602
7194.89661555424
7198.51527403674
7202.12858662184
7205.7365207005
7209.33904366618
7212.93612291471
7216.52772584415
7220.1138198546
7223.69437234804
7227.2693507281
7230.83872239988
7234.40245476968
7237.96051524476
7241.51287123308
7245.05949014297
7248.60033938283
7252.13538636075
7255.66459848416
7259.18794315941
7262.70538779131
7266.21689978265
7269.72244653369
7273.22199544161
7276.71551389984
7280.20296929749
7283.68432901853
7287.15956044113
7290.62863093673
7294.09150786917
7297.54815859372
7300.99855045601
7304.44265079084
7307.88042692098
7311.31184615579
7314.73687578971
7318.15548310071
7321.5676353485
7324.97329977263
7328.37244359044
7331.76503399477
7335.1510381515
7338.53042319684
7341.90315623436
7345.26920433177
7348.62853451734
7351.98111377599
7355.32690904496
7358.66588720912
7361.99801509565
7365.32325946831
7368.64158702095
7371.95296437043
7375.25735804861
7378.55473449356
7381.84506003963
7385.12830090634
7388.40442318595
7391.6733928294
7394.93517563043
7398.18973720763
7401.43704298392
7404.67705816324
7407.90974770376
7411.13507628705
7414.35300828245
7417.56350770574
7420.76653817074
7423.96206283262
7427.15004432082
7430.33044465928
7433.50322517093
7436.66834636225
7439.8257677827
7442.9754478518
7446.11734364409
7449.25141061854
7452.37760227354
7455.49586970003
7458.60616099291
7461.70842046002
7464.80258753444
7467.8885952378
7470.9663679384
7474.03581795078
7477.0968401244
7480.14930269374
7483.19303053041
7486.22777099636
7489.25311258937
7492.26823716262
7495.27073535093
