6384.10220782844
6369.76132744823
6355.42009152375
6341.0785005212
6326.73655492466
6312.39425523602
6298.05160197494
6283.70859567882
6269.36523690271
6255.02152621928
6240.67746421875
6226.33305150888
6211.98828871486
6197.64317647929
6183.29771546214
6168.95190634065
6154.60574980933
6140.25924657987
6125.91239738112
6111.565202959
6097.21766407647
6082.86978151348
6068.5215560669
6054.17298855048
6039.82407979481
6025.47483064722
6011.12524197178
5996.77531464923
5982.42504957689
5968.07444766868
5953.72350985499
5939.37223708269
5925.02063031503
5910.6686905316
5896.3164187283
5881.96381591727
5867.61088312682
5853.25762140139
5838.90403180151
5824.55011540374
5810.19587330059
5795.8413066005
5781.48641642777
5767.13120392251
5752.7756702406
5738.4198165536
5724.06364404873
5709.70715392879
5695.35034741215
5680.99322573264
5666.63579013954
5652.27804189749
5637.91998228646
5623.56161260171
5609.2029341537
5594.84394826804
5580.48465628546
5566.12505956175
5551.7651594677
5537.40495738902
5523.04445472633
5508.6836528951
5494.32255332554
5479.96115746262
5465.59946676597
5451.23748270985
5436.87520678306
5422.51264048892
5408.14978534521
5393.78664288411
5379.42321465211
5365.05950221004
5350.69550713293
5336.33123100999
5321.96667544457
5307.60184205408
5293.23673246995
5278.87134833754
5264.50569131616
5250.13976307893
5235.77356531279
5221.4070997184
5207.04036801011
5192.67337191588
5178.30611317728
5163.93859354936
5149.57081480066
5135.20277871308
5120.83448708193
5106.46594171576
5092.0971444364
5077.72809707883
5063.35880149118
5048.98925953463
5034.61947308341
5020.24944402467
5005.87917425849
4991.50866569778
4977.13792026826
4962.76693990838
4948.39572656925
4934.02428221463
4919.65260882083
4905.28070837669
4890.90858288348
4876.53623435489
4862.16366481693
4847.79087630793
4833.41787087842
4819.0446505911
4804.67121752082
4790.29757375446
4775.9237213909
4761.549662541
4747.17539932748
4732.80093388491
4718.42626835962
4704.05140490968
4689.6763457048
4675.30109292632
4660.92564876713
4646.55001543158
4632.17419513549
4617.79819010605
4603.42200258176
4589.0456348124
4574.66908905894
4560.29236759351
4545.91547269935
4531.5384066707
4517.1611718128
4502.78377044182
4488.40620488477
4474.02847747947
4459.65059057452
4445.27254652917
4430.89434771332
4416.51599650746
4402.13749530258
4387.75884650013
4373.38005251198
4359.00111576033
4344.62203867767
4330.24282370672
4315.86347330039
4301.48398992167
4287.10437604364
4272.72463414936
4258.34476673182
4243.96477629391
4229.58466534835
4215.2044364176
4200.82409203385
4186.44363473893
4172.06306708425
4157.68239163079
4143.30161094896
4128.92072761861
4114.53974422894
4100.15866337847
4085.77748767492
4071.39621973523
4057.01486218544
4042.63341766068
4028.25188880505
4013.87027827164
3999.48858872239
3985.10682282809
3970.72498326831
3956.34307273132
3941.96109391404
3927.57904952199
3913.19694226924
3898.8147748783
3884.43255008014
3870.05027061407
3855.6679392277
3841.28555867687
3826.90313172563
3812.52066114613
3798.13814971858
3783.75560023121
3769.37301548018
3754.99039826956
3740.60775141121
3726.22507772478
3711.84238003762
3697.45966118474
3683.07692400872
3668.69417135967
3654.31140609518
3639.92863108025
3625.54584918723
3611.16306329573
3596.78027629263
3582.39749107197
3568.01471053489
3553.63193758958
3539.24917515123
3524.86642614197
3510.48369349078
3496.10098013347
3481.71828901258
3467.33562307737
3452.9529852837
3438.57037859403
3424.18780597732
3409.80527040897
3395.42277487078
3381.04032235089
3366.65791584369
3352.2755583498
3337.89325287598
3323.51100243507
3309.12881004597
3294.74667873352
3280.36461152847
3265.98261146744
3251.60068159281
3237.2188249527
3222.83704460091
3208.45534359682
3194.07372500537
3179.69219189699
3165.31074734751
3150.92939443817
3136.54813625545
3122.16697589113
3107.78591644213
3093.40496101052
3079.0241127034
3064.64337463291
3050.26274991608
3035.88224167486
3021.50185303599
3007.12158713097
2992.741447096
2978.36143607191
2963.98155720411
2949.60181364251
2935.22220854147
2920.84274505976
2906.46342636045
2892.0842556109
2877.70523598266
2863.32637065143
2848.94766279701
2834.5691156032
2820.19073225776
2805.81251595238
2791.43446988255
2777.05659724757
2762.67890125045
2748.30138509783
2733.92405199997
2719.54690517065
2705.16994782714
2690.7931831901
2676.41661448354
2662.04024493476
2647.6640777743
2633.28811623583
2618.91236355617
2604.53682297513
2590.16149773555
2575.78639108314
2561.4115062665
2547.03684653702
2532.66241514882
2518.28821535868
2503.91425042602
2489.54052361277
2475.16703818339
2460.79379740473
2446.42080454603
2432.04806287882
2417.67557567688
2403.30334621615
2388.93137777472
2374.5596736327
2360.18823707223
2345.81707137736
2331.44617983401
2317.07556572994
2302.70523235462
2288.33518299922
2273.96542095656
2259.59594952099
2245.22677198837
2230.85789165601
2216.4893118226
2202.12103578814
2187.75306685388
2173.38540832227
2159.01806349689
2144.65103568241
2130.28432818447
2115.91794430969
2101.55188736558
2087.18616066043
2072.82076750335
2058.4557112041
2044.09099507313
2029.72662242142
2015.3625965605
2000.99892080233
1986.6355984593
1972.27263284409
1957.91002726968
1943.54778504925
1929.18590949613
1914.82440392373
1900.46327164548
1886.10251597481
1871.742140225
1857.38214770921
1843.02254174037
1828.66332563112
1814.30450269377
1799.94607624022
1785.58804958191
1771.23042602974
1756.87320889405
1742.51640148451
1728.16000711008
1713.80402907897
1699.44847069855
1685.09333527528
1670.73862611471
1656.38434652133
1642.03049979859
1627.67708924879
1613.32411817305
1598.97158987121
1584.61950764182
1570.26787478204
1555.91669458759
1541.56597035271
1527.21570537008
1512.86590293073
1498.51656632407
1484.16769883772
1469.81930375754
1455.47138436751
1441.12394394971
1426.77698578423
1412.43051314914
1398.0845293204
1383.73903757182
1369.394041175
1355.04954339927
1340.70554751162
1326.36205677666
1312.01907445655
1297.67660381092
1283.33464809686
1268.99321056883
1254.65229447859
1240.31190307519
1225.97203960485
1211.63270731095
1197.29390943395
1182.95564921134
1168.61792987758
1154.28075466406
1139.94412679899
1125.60804950742
1111.27252601112
1096.93755952856
1082.60315327483
1068.2693104616
1053.93603429706
1039.60332798589
1025.27119472913
1010.93963772423
996.608660164893
982.278265241105
967.94845613903
953.619236040973
939.290608125328
924.962575566521
910.635141534964
896.308309196995
881.982081714835
867.656462246532
853.33145394591
839.007059962521
824.683283441598
810.360127524002
796.037595346175
781.715690040094
767.394414733224
753.073772548471
738.753766604135
724.434400013871
710.115675886639
695.797597326668
681.480167433407
667.163389301492
652.847266020703
638.531800675925
624.216996347115
609.902856109263
595.589383032361
581.276580181371
566.964450616193
552.652997391642
538.342223557418
524.032132158084
509.722726233045
495.414008816535
481.105982937599
466.79865162008
452.492017882619
438.186084738652
423.880855196409
409.576332258929
395.272518924071
380.969418184537
366.667033027911
352.365366436689
338.064421388341
323.764200855372
309.464707805399
295.16594520126
280.867916001121
266.570623158629
252.274069623086
237.978258339661
223.683192249652
209.3888742908
195.095307397683
180.802494502205
166.510438534207
152.219142422255
137.928609094666
123.63884148087
109.349842513304
95.0616151301153
80.7741622792872
66.4874869254371
52.201592062532
37.9164807430752
23.6321561757113
9.34862250295756
4.93412675470003
