6000
5997.04557674096
5994.09166595004
5991.13827046996
5988.18539314296
5985.23303681077
5982.28120431463
5979.32989849525
5976.37912219286
5973.42887824718
5970.4791694974
5967.52999878221
5964.58136893978
5961.63328280774
5958.68574322323
5955.73875302284
5952.79231504264
5949.84643211816
5946.90110708441
5943.95634277586
5941.01214202642
5938.06850766949
5935.1254425379
5932.18294946395
5929.24103127936
5926.29969081534
5923.35893090251
5920.41875437094
5917.47916405015
5914.54016276908
5911.60175335612
5908.66393863906
5905.72672144516
5902.79010460107
5899.85409093288
5896.91868326609
5893.98388442562
5891.04969723582
5888.11612452043
5885.1831691026
5882.25083380489
5879.31912144928
5876.38803485712
5873.45757684918
5870.52775024562
5867.59855786598
5864.67000252922
5861.74208705365
5858.81481425698
5855.88818695632
5852.96220796813
5850.03688010825
5847.11220619192
5844.18818903372
5841.26483144761
5838.34213624692
5835.42010624434
5832.4987442519
5829.57805308103
5826.65803554247
5823.73869444634
5820.82003260209
5817.90205281854
5814.98475790383
5812.06815066545
5809.15223391024
5806.23701044435
5803.32248307328
5800.40865460187
5797.49552783426
5794.58310557394
5791.6713906237
5788.76038578567
5785.85009386129
5782.9405176513
5780.03165995576
5777.12352357406
5774.21611130486
5771.30942594615
5768.4034702952
5765.4982471486
5762.59375930222
5759.69000955122
5756.78700069005
5753.88473551247
5750.9832168115
5748.08244737944
5745.18243000788
5742.28316748769
5739.384662609
5736.48691816122
5733.58993693303
5730.69372171237
5727.79827528644
5724.90360044171
5722.00969996389
5719.11657663797
5716.22423324818
5713.33267257799
5710.44189741013
5707.55191052656
5704.6627147085
5701.7743127364
5698.88670738994
5695.99990144805
5693.11389768886
5690.22869888975
5687.34430782734
5684.46072727744
5681.5779600151
5678.69600881458
5675.81487644937
5672.93456569214
5670.0550793148
5667.17642008845
5664.2985907834
5661.42159416917
5658.54543301445
5655.67011008717
5652.79562815441
5649.92198998246
5647.0491983368
5644.1772559821
5641.30616568219
5638.43593020011
5635.56655229805
5632.6980347374
5629.8303802787
5626.96359168167
5624.0976717052
5621.23262310733
5618.36844864528
5615.50515107541
5612.64273315326
5609.7811976335
5606.92054726996
5604.06078481561
5601.20191302259
5598.34393464216
5595.48685242473
5592.63066911984
5589.77538747616
5586.92101024152
5584.06754016284
5581.21497998621
5578.36333245681
5575.51260031896
5572.66278631609
5569.81389319074
5566.96592368459
5564.11888053841
5561.27276649207
5558.42758428458
5555.58333665402
5552.74002633758
5549.89765607156
5547.05622859134
5544.2157466314
5541.37621292531
5538.53763020572
5535.70000120438
5532.86332865211
5530.02761527881
5527.19286381346
5524.35907698412
5521.52625751791
5518.69440814103
5515.86353157873
5513.03363055535
5510.20470779427
5507.37676601793
5504.54980794783
5501.72383630454
5498.89885380764
5496.0748631758
5493.25186712672
5490.42986837713
5487.60886964281
5484.78887363859
5481.96988307832
5479.15190067489
5476.33492914021
5473.51897118522
5470.7040295199
5467.89010685323
5465.07720589322
5462.26532934689
5459.4544799203
5456.64466031849
5453.83587324551
5451.02812140445
5448.22140749736
5445.41573422532
5442.6111042884
5439.80752038567
5437.00498521518
5434.20350147399
5431.40307185813
5428.60369906263
5425.8053857815
5423.00813470772
5420.21194853326
5417.41682994906
5414.62278164503
5411.82980631005
5409.03790663198
5406.24708529763
5403.45734499277
5400.66868840215
5397.88111820946
5395.09463709734
5392.3092477474
5389.52495284019
5386.7417550552
5383.95965707088
5381.1786615646
5378.39877121269
5375.61998869041
5372.84231667195
5370.06575783043
5367.2903148379
5364.51599036534
5361.74278708265
5358.97070765866
5356.1997547611
5353.42993105664
5350.66123921084
5347.89368188818
5345.12726175205
5342.36198146475
5339.59784368747
5336.83485108032
5334.07300630229
5331.31231201127
5328.55277086404
5325.79438551628
5323.03715862255
5320.2810928363
5317.52619080986
5314.77245519444
5312.01988864013
5309.26849379588
5306.51827330954
5303.76922982781
5301.02136599625
5298.27468445932
5295.5291878603
5292.78487884136
5290.0417600435
5287.29983410661
5284.5591036694
5281.81957136945
5279.08123984317
5276.34411172583
5273.60818965153
5270.87347625322
5268.13997416268
5265.40768601052
5262.67661442619
5259.94676203797
5257.21813147297
5254.4907253571
5251.76454631511
5249.03959697059
5246.3158799459
5243.59339786226
5240.87215333966
5238.15214899693
5235.4333874517
5232.71587132039
5229.99960321824
5227.28458575928
5224.57082155633
5221.85831322101
5219.14706336374
5216.43707459371
5213.72834951892
5211.02089074614
5208.31470088091
5205.60978252757
5202.90613828923
5200.20377076777
5197.50268256384
5194.80287627686
5192.10435450502
5189.40711984528
5186.71117489334
5184.01652224368
5181.32316448953
5178.63110422287
5175.94034403443
5173.25088651369
5170.56273424889
5167.875889827
5165.19035583372
5162.50613485352
5159.82322946959
5157.14164226383
5154.46137581693
5151.78243270824
5149.10481551589
5146.42852681671
5143.75356918625
5141.0799451988
5138.40765742733
5135.73670844356
5133.06710081791
5130.39883711949
5127.73191991614
5125.06635177441
5122.40213525952
5119.73927293541
5117.07776736473
5114.41762110879
5111.75883672762
5109.10141677993
5106.44536382312
5103.79068041327
5101.13736910514
5098.48543245218
5095.8348730065
5093.1856933189
5090.53789593885
5087.89148341448
5085.2464582926
5082.60282311868
5079.96058043684
5077.31973278988
5074.68028271925
5072.04223276506
5069.40558546605
5066.77034335963
5064.13650898186
5061.50408486744
5058.8730735497
5056.24347756064
5053.61529943087
5050.98854168965
5048.36320686487
5045.73929748304
5043.11681606932
5040.49576514747
5037.8761472399
5035.25796486762
5032.64122055028
5030.02591680611
5027.41205615199
5024.7996411034
5022.18867417442
5019.57915787774
5016.97109472466
5014.36448722508
5011.7593378875
5009.15564921901
5006.5534237253
5003.95266391064
5001.35337227791
4998.75555132857
4996.15920356265
4993.56433147878
4990.97093757416
4988.37902434458
4985.78859428438
4983.19964988651
4980.61219364245
4978.02622804228
4975.44175557462
4972.85877872668
4970.2772999842
4967.69732183151
4965.11884675146
4962.5418772255
4959.96641573358
4957.39246475424
4954.82002676454
4952.2491042401
4949.67969965507
4947.11181548215
4944.54545419257
4941.9806182561
4939.41731014102
4936.85553231418
4934.29528724092
4931.73657738513
4929.17940520921
4926.62377317407
4924.06968373917
4921.51713936245
4918.96614250038
4916.41669560795
4913.86880113865
4911.32246154446
4908.77767927588
4906.23445678192
4903.69279651007
4901.15270090633
4898.61417241518
4896.07721347961
4893.54182654109
4891.00801403956
4888.47577841348
4885.94512209978
4883.41604753384
4880.88855714957
4878.3626533793
4875.83833865389
4873.31561540262
4870.79448605327
4868.27495303208
4865.75701876374
4863.24068567141
4860.72595617673
4858.21283269975
4855.70131765903
4853.19141347153
4850.6831225527
4848.17644731641
4845.67139017499
4843.16795353922
4840.66613981829
4838.16595141986
4835.66739075002
4833.17046021327
4830.67516221257
4828.18149914929
4825.68947342324
4823.19908743265
4820.71034357416
4818.22324424285
4815.7377918322
4813.25398873412
4810.77183733892
4808.29134003532
4805.81249921047
4803.33531724989
4800.85979653754
4798.38593945575
4795.91374838528
4793.44322570525
4790.97437379321
4788.50719502508
4786.04169177518
4783.57786641621
4781.11572131927
4778.65525885381
4776.1964813877
