8000
7999.479055467
7998.95521289591
7998.42847279087
7997.89883565878
7997.36630200935
7996.83087235507
7996.29254721121
7995.75132709584
7995.20721252981
7994.66020403675
7994.11030214307
7993.55750737799
7993.0018202735
7992.44324136435
7991.88177118812
7991.31741028513
7990.75015919851
7990.18001847415
7989.60698866074
7989.03107030973
7988.45226397538
7987.87057021469
7987.28598958747
7986.6985226563
7986.10816998653
7985.51493214629
7984.91880970649
7984.31980324083
7983.71791332575
7983.11314054049
7982.50548546707
7981.89494869026
7981.28153079763
7980.6652323795
7980.04605402898
7979.42399634193
7978.799059917
7978.17124535561
7977.54055326194
7976.90698424294
7976.27053890834
7975.63121787062
7974.98902174504
7974.34395114964
7973.69600670519
7973.04518903526
7972.39149876616
7971.73493652698
7971.07550294958
7970.41319866856
7969.7480243213
7969.07998054794
7968.40906799138
7967.73528729728
7967.05863911406
7966.37912409289
7965.69674288772
7965.01149615524
7964.32338455491
7963.63240874894
7962.9385694023
7962.24186718271
7961.54230276066
7960.83987680936
7960.13459000482
7959.42644302577
7958.71543655371
7958.00157127287
7957.28484787027
7956.56526703563
7955.84282946146
7955.11753584301
7954.38938687827
7953.65838326798
7952.92452571563
7952.18781492745
7951.44825161244
7950.70583648231
7949.96057025153
7949.21245363732
7948.46148735965
7947.7076721412
7946.95100870743
7946.19149778652
7945.42914010938
7944.66393640968
7943.89588742383
7943.12499389097
7942.35125655296
7941.57467615444
7940.79525344274
7940.01298916796
7939.22788408291
7938.43993894315
7937.64915450696
7936.85553153538
7936.05907079214
7935.25977304373
7934.45763905937
7933.65266961099
7932.84486547327
7932.03422742361
7931.22075624213
7930.40445271168
7929.58531761785
7928.76335174894
7927.93855589598
7927.11093085271
7926.28047741561
7925.44719638388
7924.61108855944
7923.77215474691
7922.93039575367
7922.08581238978
7921.23840546804
7920.38817580396
7919.53512421576
7918.6792515244
7917.82055855353
7916.95904612952
7916.09471508146
7915.22756624115
7914.3576004431
7913.48481852452
7912.60922132535
7911.73080968823
7910.84958445851
7909.96554648425
7909.0786966162
7908.18903570784
7907.29656461535
7906.4012841976
7905.50319531618
7904.60229883536
7903.69859562215
7902.79208654623
7901.88277247998
7900.97065429849
7900.05573287956
7899.13800910367
7898.21748385399
7897.29415801641
7896.3680324795
7895.43910813452
7894.50738587544
7893.5728665989
7892.63555120426
7891.69544059355
7890.7525356715
7889.80683734551
7888.8583465257
7887.90706412485
7886.95299105845
7885.99612824464
7885.03647660429
7884.07403706092
7883.10881054074
7882.14079797266
7881.17000028825
7880.19641842176
7879.22005331014
7878.240905893
7877.25897711263
7876.27426791401
7875.28677924478
7874.29651205525
7873.30346729843
7872.30764592998
7871.30904890824
7870.30767719423
7869.30353175161
7868.29661354675
7867.28692354867
7866.27446272904
7865.25923206222
7864.24123252523
7863.22046509775
7862.19693076213
7861.17063050338
7860.14156530917
7859.10973616983
7858.07514407835
7857.03779003039
7855.99767502426
7854.95480006091
7853.90916614397
7852.86077427973
7851.8096254771
7850.75572074768
7849.6990611057
7848.63964756805
7847.57748115427
7846.51256288655
7845.44489378971
7844.37447489125
7843.30130722129
7842.22539181261
7841.14672970063
7840.06532192341
7838.98116952165
7837.8942735387
7836.80463502054
7835.71225501581
7834.61713457576
7833.5192747543
7832.41867660796
7831.31534119592
7830.20926957999
7829.10046282459
7827.98892199681
7826.87464816635
7825.75764240555
7824.63790578936
7823.51543939537
7822.39024430381
7821.26232159752
7820.13167236196
7818.99829768524
7817.86219865806
7816.72337637375
7815.58183192829
7814.43756642025
7813.29058095082
7812.14087662382
7810.98845454568
7809.83331582545
7808.67546157477
7807.51489290794
7806.35161094183
7805.18561679595
7804.01691159239
7802.84549645588
7801.67137251374
7800.4945408959
7799.31500273489
7798.13275916586
7796.94781132656
7795.76016035733
7794.56980740112
7793.37675360348
7792.18100011255
7790.98254807909
7789.78139865644
7788.57755300053
7787.3710122699
7786.16177762569
7784.9498502316
7783.73523125395
7782.51792186164
7781.29792322617
7780.0752365216
7778.84986292462
7777.62180361446
7776.39105977297
7775.15763258457
7773.92152323625
7772.6827329176
7771.44126282079
7770.19711414056
7768.95028807422
7767.70078582167
7766.44860858539
7765.19375757043
7763.93623398439
7762.67603903748
7761.41317394245
7760.14763991464
7758.87943817195
7757.60856993484
7756.33503642636
7755.05883887209
7753.7799785002
7752.49845654142
7751.21427422904
7749.92743279889
7748.63793348939
7747.3457775415
7746.05096619874
7744.75350070718
7743.45338231546
7742.15061227476
7740.84519183882
7739.53712226391
7738.22640480888
7736.91304073511
7735.59703130652
7734.2783777896
7732.95708145337
7731.63314356938
7730.30656541175
7728.97734825712
7727.64549338468
7726.31100207615
7724.9738756158
7723.63411529043
7722.29172238936
7720.94669820446
7719.59904403014
7718.24876116332
7716.89585090346
7715.54031455255
7714.1821534151
7712.82136879817
7711.4579620113
7710.09193436659
7708.72328717866
7707.35202176463
7705.97813944416
7704.60164153942
7703.2225293751
7701.84080427839
7700.45646757903
7699.06952060923
7697.67996470375
7696.28780119983
7694.89303143725
7693.49565675827
7692.09567850767
7690.69309803273
7689.28791668326
7687.88013581153
7686.46975677233
7685.05678092298
7683.64120962325
7682.22304423543
7680.80228612432
7679.3789366572
7677.95299720383
7676.5244691365
7675.09335382996
7673.65965266146
7672.22336701073
7670.78449826001
7669.343047794
7667.8990169999
7666.45240726738
7665.00321998862
7663.55145655824
7662.09711837338
7660.64020683362
7659.18072334105
7657.71866930021
7656.25404611813
7654.7868552043
7653.31709797068
7651.84477583173
7650.36989020434
7648.89244250788
7647.4124341642
7645.92986659759
7644.44474123482
7642.95705950511
7641.46682284016
7639.97403267411
7638.47869044356
7636.98079758757
7635.48035554766
7633.97736576778
7632.47182969436
7630.96374877628
7629.45312446484
7627.93995821381
7626.42425147941
7624.90600572028
7623.38522239754
7621.86190297473
7620.33604891782
7618.80766169524
7617.27674277785
7615.74329363895
7614.20731575427
7612.66881060197
7611.12777966265
7609.58422441933
7608.03814635749
7606.48954696499
7604.93842773216
7603.38479015172
7601.82863571884
7600.26996593111
7598.70878228852
7597.14508629349
7595.57887945087
7594.01016326791
7592.43893925429
7590.86520892208
7589.28897378579
7587.71023536232
7586.12899517099
7584.54525473352
7582.95901557404
7581.37027921909
7579.7790471976
7578.18532104091
7576.58910228277
7574.99039245931
7573.38919310906
7571.78550577297
7570.17933199435
7568.57067331892
7566.9595312948
7565.34590747249
7563.72980340486
7562.11122064721
7560.49016075718
7558.86662529483
7557.24061582258
7555.61213390524
7553.98118110999
7552.34775900641
7550.71186916643
7549.07351316437
7547.43269257692
7545.78940898314
7544.14366396446
7542.49545910469
7540.84479598998
7539.19167620889
7537.53610135229
7535.87807301346
7534.21759278802
7532.55466227394
7530.88928307156
7529.22145678359
7527.55118501508
7525.87846937342
7524.20331146837
7522.52571291204
7520.84567531889
7519.16320030571
7517.47828949166
7515.79094449823
7514.10116694925
7512.4089584709
7510.7143206917
7509.01725524249
7507.31776375647
7505.61584786916
7503.91150921841
7502.20474944443
7500.49557018972
7498.78397309913
7497.06995981984
7495.35353200135
7493.63469129548
