1434.09579663969
1434.13125386199
1434.16666522812
1434.20202894782
1434.23734323605
1434.27260631302
1434.30781640416
1434.34297174014
1434.37807055687
1434.41311109551
1434.44809160246
1434.48301032938
1434.5178655332
1434.55265547607
1434.58737842545
1434.62203265404
1434.65661643981
1434.69112806602
1434.72556582119
1434.75992799915
1434.79421289899
1434.82841882511
1434.86254408718
1434.89658700019
1434.93054588442
1434.96441906546
1434.99820487422
1435.03190164689
1435.06550772501
1435.09902145543
1435.13244119032
1435.16576528718
1435.19899210886
1435.23212002352
1435.26514740467
1435.29807263117
1435.33089408723
1435.3636101624
1435.39621925159
1435.42871975508
1435.4611100785
1435.49338863287
1435.52555383455
1435.5576041053
1435.58953787225
1435.62135356793
1435.65304963022
1435.68462450244
1435.71607663327
1435.7474044768
1435.77860649254
1435.80968114539
1435.84062690565
1435.87144224908
1435.90212565681
1435.93267561543
1435.96309061694
1435.99336915878
1436.02350974382
1436.05351088038
1436.08337108222
1436.11308886854
1436.142662764
1436.17209129873
1436.20137300829
1436.23050643373
1436.25949012157
1436.28832262378
1436.31700249784
1436.34552830667
1436.37389861872
1436.4021120079
1436.43016705363
1436.4580623408
1436.48579645984
1436.51336800667
1436.5407755827
1436.56801779489
1436.5950932557
1436.6220005831
1436.64873840061
1436.67530533727
1436.70170002766
1436.72792111189
1436.75396723562
1436.77983705005
1436.80552921195
1436.83104238363
1436.85637523295
1436.88152643337
1436.90649466388
1436.93127860905
1436.95587695906
1436.98028840962
1437.00451166206
1437.02854542329
1437.05238840581
1437.07603932772
1437.09949691271
1437.1227598901
1437.14582699479
1437.16869696732
1437.19136855384
1437.2138405061
1437.23611158151
1437.2581805431
1437.28004615952
1437.30170720506
1437.32316245968
1437.34441070896
1437.36545074414
1437.3862813621
1437.40690136542
1437.42730956229
1437.44750476661
1437.46748579794
1437.48725148149
1437.50680064819
1437.52613213463
1437.54524478309
1437.56413744154
1437.58280896367
1437.60125820883
1437.61948404211
1437.6374853343
1437.65526096187
1437.67280980706
1437.6901307578
1437.70722270774
1437.72408455627
1437.74071520851
1437.75711357533
1437.77327857331
1437.7892091248
1437.8049041579
1437.82036260645
1437.83558341005
1437.85056551406
1437.86530786962
1437.87980943362
1437.89406916874
1437.90808604341
1437.92185903187
1437.93538711414
1437.94866927601
1437.96170450907
1437.97449181074
1437.98703018418
1437.99931863842
1438.01135618824
1438.02314185427
1438.03467466294
1438.04595364652
1438.05697784308
1438.06774629652
1438.0782580566
1438.08851217888
1438.09850772478
1438.10824376156
1438.11771936233
1438.12693360604
1438.13588557751
1438.14457436741
1438.15299907228
1438.16115879451
1438.16905264237
1438.17667973002
1438.18403917748
1438.19113011064
1438.1979516613
1438.20450296713
1438.21078317171
1438.2167914245
1438.22252688088
1438.2279887021
1438.23317605535
1438.23808811372
1438.2427240562
1438.24708306773
1438.25116433914
1438.2549670672
1438.2584904546
1438.26173370999
1438.26469604791
1438.26737668889
1438.26977485935
1438.27188979171
1438.27372072429
1438.27526690141
1438.27652757331
1438.27750199621
1438.27818943228
1438.27858914968
1438.27870042251
1438.27852253087
1438.27805476083
1438.27729640442
1438.27624675969
1438.27490513065
1438.27327082731
1438.27134316566
1438.26912146772
1438.26660506148
1438.26379328094
1438.26068546612
1438.25728096302
1438.25357912368
1438.24957930616
1438.2452808745
1438.24068319881
1438.2357856552
1438.23058762581
1438.22508849881
1438.21928766841
1438.21318453485
1438.20677850442
1438.20006898944
1438.19305540829
1438.18573718539
1438.17811375121
1438.17018454229
1438.1619490012
1438.15340657659
1438.14455672317
1438.13539890171
1438.12593257906
1438.11615722813
1438.1060723279
1438.09567736344
1438.08497182588
1438.07395521245
1438.06262702646
1438.0509867773
1438.03903398044
1438.02676815746
1438.01418883603
1438.00129554991
1437.98808783896
1437.97456524914
1437.96072733251
1437.94657364724
1437.93210375762
1437.91731723402
1437.90221365294
1437.88679259701
1437.87105365493
1437.85499642157
1437.83862049789
1437.82192549097
1437.80491101403
1437.7875766864
1437.76992213356
1437.7519469871
1437.73365088474
1437.71503347035
1437.69609439391
1437.67683331157
1437.65724988558
1437.63734378437
1437.61711468248
1437.5965622606
1437.57568620557
1437.55448621038
1437.53296197415
1437.51111320216
1437.48893960584
1437.46644090277
1437.44361681667
1437.42046707744
1437.3969914211
1437.37318958986
1437.34906133205
1437.32460640219
1437.29982456093
1437.2747155751
1437.24927921768
1437.22351526781
1437.19742351079
1437.17100373808
1437.14425574731
1437.11717934226
1437.08977433289
1437.0620405353
1437.03397777176
1437.00558587072
1436.97686466678
1436.94781400069
1436.91843371939
1436.88872367597
1436.85868372968
1436.82831374594
1436.79761359632
1436.76658315857
1436.73522231658
1436.70353096043
1436.67150898633
1436.63915629667
1436.60647279999
1436.57345841099
1436.54011305052
1436.5064366456
1436.47242912938
1436.4380904412
1436.40342052653
1436.36841933697
1436.33308683031
1436.29742297046
1436.26142772749
1436.22510107759
1436.18844300312
1436.15145349256
1436.11413254053
1436.0764801478
1436.03849632124
1436.00018107388
1435.96153442486
1435.92255639945
1435.88324702904
1435.84360635113
1435.80363440934
1435.7633312534
1435.72269693914
1435.68173152851
1435.64043508955
1435.59880769637
1435.55684942922
1435.51456037439
1435.47194062427
1435.42899027733
1435.38570943811
1435.34209821721
1435.29815673129
1435.25388510307
1435.20928346131
1435.16435194083
1435.11909068247
1435.07349983309
1435.0275795456
1434.98132997892
1434.93475129795
1434.88784367361
1434.84060728283
1434.79304230849
1434.74514893947
1434.6969273706
1434.64837780267
1434.59950044244
1434.55029550256
1434.50076320165
1434.45090376423
1434.40071742073
1434.35020440746
1434.29936496662
1434.24819934628
1434.19670780037
1434.14489058864
1434.0927479767
1434.04028023595
1433.98748764359
1433.93437048261
1433.88092904177
1433.82716361556
1433.77307450421
1433.71866201367
1433.66392645559
1433.60886814726
1433.55348741165
1433.49778457735
1433.44175997856
1433.38541395507
1433.3287468522
1433.27175902085
1433.21445081738
1433.15682260365
1433.09887474696
1433.04060762004
1432.98202160097
1432.92311707321
1432.86389442553
1432.80435405195
1432.74449635176
1432.68432172942
1432.62383059454
1432.56302336185
1432.50190045111
1432.4404622871
1432.37870929954
1432.31664192305
1432.25426059707
1432.1915657658
1432.12855787814
1432.06523738762
1432.0016047523
1431.9376604347
1431.87340490174
1431.80883862458
1431.74396207857
1431.67877574313
1431.61328010163
1431.54747564126
1431.4813628529
1431.41494223098
1431.34821427329
1431.28117948087
1431.21383835774
1431.14619141078
1431.07823914944
1431.00998208555
1430.94142073301
1430.87255560752
1430.80338722626
1430.7339161075
1430.66414277025
1430.59406773375
1430.52369151703
1430.45301463832
1430.38203761442
1430.31076095999
1430.23918518671
1430.1673108024
1430.09513830986
1430.02266820571
1429.94990097889
1429.87683710895
1429.80347706406
1429.72982129864
1429.65587025041
1429.58162433695
1429.50708395142
1429.43224945723
1429.35712118138
1429.28169940598
1429.20598435717
1429.12997619068
1429.05367497213
1428.97708064997
1428.90019301687
1428.82301165281
1428.74553583748
1428.66776440804
1428.58969551074
1428.51132612112
1428.43265093883
1428.35365847807
1428.27425975492
-1428.18831893071
