1086.33494175422
1086.10605314369
1085.87824415311
1085.65151648012
1085.4258718146
1085.20131183875
1084.97783822699
1084.75545264601
1084.53415675474
1084.31395220434
1084.09484063817
1083.87682369182
1083.65990299307
1083.44408016186
1083.22935681034
1083.01573454281
1082.80321495571
1082.59179963765
1082.38149016933
1082.17228812361
1081.96419506544
1081.75721255186
1081.55134213201
1081.3465853471
1081.14294373042
1080.94041880728
1080.73901209506
1080.53872510317
1080.33955933303
1080.14151627808
1079.94459742375
1079.74880424746
1079.55413821861
1079.36060079857
1079.16819344065
1078.97691759012
1078.78677468416
1078.5977661519
1078.40989341436
1078.22315788446
1078.03756096701
1077.85310405872
1077.66978854812
1077.48761581563
1077.30658723351
1077.12670416583
1076.94796796851
1076.77037998926
1076.5939415676
1076.41865403483
1076.24451871403
1076.07153692005
1075.89970995949
1075.7290391307
1075.55952572374
1075.39117102042
1075.22397629424
1075.05794281041
1074.89307182582
1074.72936458904
1074.56682234031
1074.40544631151
1074.24523772617
1074.08619779947
1073.92832773818
1073.7716287407
1073.61610199702
1073.46174868872
1073.30856998895
1073.15656706243
1073.00574106544
1072.85609314579
1072.70762444283
1072.56033608743
1072.41422920196
1072.26930490031
1072.12556428782
1071.98300846134
1071.84163850917
1071.70145551107
1071.56246053822
1071.42465465327
1071.28803891026
1071.15261435464
1071.01838202327
1070.88534294439
1070.75349813763
1070.62284861395
1070.4933953757
1070.36513941656
1070.23808172153
1070.11222326693
1069.98756502042
1069.86410794092
1069.74185297865
1069.62080107512
1069.50095316308
1069.38231016655
1069.26487300079
1069.14864257229
1069.03361977876
1068.91980550912
1068.80720064349
1068.69580605317
1068.58562260065
1068.47665113957
1068.36889251474
1068.2623475621
1068.15701710872
1068.05290197282
1067.95000296368
1067.84832088173
1067.74785651846
1067.64861065645
1067.55058406933
1067.45377752181
1067.35819176961
1067.26382755953
1067.17068562935
1067.07876670789
1066.98807151496
1066.89860076135
1066.81035514885
1066.72333537021
1066.63754210912
1066.55297604025
1066.46963782918
1066.38752813242
1066.30664759741
1066.22699686246
1066.1485765568
1066.07138730055
1065.99542970466
1065.92070437098
1065.84721189219
1065.77495285181
1065.70392782419
1065.6341373745
1065.56558205872
1065.4982624236
1065.4321790067
1065.36733233636
1065.30372293165
1065.24135130242
1065.18021794926
1065.12032336347
1065.06166802711
1065.0042524129
1064.9480769843
1064.89314219544
1064.83944849113
1064.78699630684
1064.73578606871
1064.68581819353
1064.6370930887
1064.58961115226
1064.54337277288
1064.4983783298
1064.45462819288
1064.41212272255
1064.37086226982
1064.33084717625
1064.29207777396
1064.25455438561
1064.21827732437
1064.18324689397
1064.14946338861
1064.11692709301
1064.08563828236
1064.05559722235
1064.02680416912
1063.99925936927
1063.97296305985
1063.94791546834
1063.92411681265
1063.9015673011
1063.88026713243
1063.86021649574
1063.84141557054
1063.82386452672
1063.80756352451
1063.7925127145
1063.77871223763
1063.76616222517
1063.75486279871
1063.74481407013
1063.73601614165
1063.72846910576
1063.72217304521
1063.71712803307
1063.71333413262
1063.71079139741
1063.70949987124
1063.70945958812
1063.7106705723
1063.7131328382
1063.71684639049
1063.72181122399
1063.72802732371
1063.73549466483
1063.74421321268
1063.75418292275
1063.76540374066
1063.77787560215
1063.79159843309
1063.80657214945
1063.8227966573
1063.84027185279
1063.85899762216
1063.8789738417
1063.90020037778
1063.92267708678
1063.94640381516
1063.97138039938
1063.99760666591
1064.02508243125
1064.05380750189
1064.08378167429
1064.1150047349
1064.14747646015
1064.1811966164
1064.21616495997
1064.25238123713
1064.28984518405
1064.32855652685
1064.36851498152
1064.40972025399
1064.45217204005
1064.49587002537
1064.5408138855
1064.58700328585
1064.63443788167
1064.68311731805
1064.73304122992
1064.78420924202
1064.83662096891
1064.89027601496
1064.94517397431
1065.00131443089
1065.05869695842
1065.11732112036
1065.17718646995
1065.23829255015
1065.30063889367
1065.36422502296
1065.42905045016
1065.49511467713
1065.56241719545
1065.63095748636
1065.7007350208
1065.77174925939
1065.84399965238
1065.91748563971
1065.99220665097
1066.06816210536
1066.14535141172
1066.22377396853
1066.30342916386
1066.38431637539
1066.46643497041
1066.54978430579
1066.63436372798
1066.720172573
1066.80721016643
1066.89547582343
1066.98496884869
1067.07568853645
1067.16763417048
1067.26080502408
1067.35520036009
1067.45081943084
1067.54766147818
1067.64572573346
1067.74501141751
1067.84551774069
1067.94724390281
1068.05018909317
1068.15435249053
1068.25973326314
1068.3663305687
1068.47414355437
1068.58317135677
1068.69341310197
1068.80486790547
1068.91753487223
1069.03141309666
1069.14650166259
1069.26279964328
1069.38030610145
1069.49902008923
1069.6189406482
1069.74006680935
1069.86239759312
1069.98593200938
1070.11066905742
1070.23660772598
1070.36374699322
1070.49208582677
1070.62162318368
1070.75235801044
1070.88428924303
1071.01741580686
1071.15173661681
1071.28725057725
1071.42395658202
1071.56185351446
1071.70094024741
1071.84121564323
1071.9826785538
1072.12532782055
1072.26916227448
1072.41418073614
1072.56038201569
1072.70776491292
1072.85632821723
1073.00607070769
1073.15699115306
1073.3090883118
1073.46236093212
1073.61680775201
1073.77242749926
1073.9292188915
1074.08718063624
1074.24631143092
1074.40660996294
1074.56807490973
1074.73070493876
1074.89449870764
1075.05945486416
1075.22557204633
1075.39284888248
1075.56128399131
1075.73087598197
1075.90162345413
1076.0735249981
1076.24657919486
1076.42078461621
1076.59613982486
1076.77264337452
1076.95029381004
1077.12908966751
1077.30902947441
1077.49011174976
1077.67233500425
1077.85569774039
1078.04019845273
1078.22583562798
1078.41260774524
1078.60051327622
1078.78955068541
1078.97971843037
1079.17101496194
1079.36343872453
1079.5569881564
1079.75166168996
1079.94745775211
1080.14437476456
1080.34241114426
1080.54156530371
1080.74183565149
1080.94322059261
1081.14571852909
1081.34932786044
1081.55404698422
1081.75987429664
1081.96680819324
1082.17484706953
1082.3839893218
1082.59423334785
1082.80557754791
1083.01802032554
1083.23156008864
1083.44619525051
1083.66192423103
1083.87874545793
1084.09665736808
1084.31565840905
1084.5357470406
1084.75692173647
1084.97918098621
1085.20252329722
1085.42694719689
1085.65245123509
1085.87903398666
1086.1066940543
1086.33543007167
1086.56524070673
1086.79612466545
1087.02808069582
1087.26110759235
1087.49520420086
1087.73036942388
1087.96660222651
1088.20390164296
1088.44226678367
1088.6816968433
1088.92219110954
1089.16374897285
1089.40636993737
1089.65005363307
1089.89479982929
1090.14060844991
1090.38747959042
1090.63541353705
1090.88441078846
1091.13447208011
1091.38559841203
1091.63779108037
1091.89105171334
1092.14538231241
1092.4007852996
1092.657263572
1092.91482056483
1093.17346032472
1093.43318759525
1093.69400791715
1093.9559277464
1094.21895459406
1094.48309719278
1094.74836569624
1095.01477191973
1095.28232963215
1095.55105491332
1095.82096659459
1096.09208680724
1096.36444167143
1096.63806217119
1096.91298527857
1097.18925541683
1097.46692639232
1097.74606398669
1098.02674949834
1098.30908468102
1098.59319879417
1098.87925894361
1099.16748573512
1099.45817787184
1099.75175257957
1100.04881579532
1100.35029271669
1100.65769319127
1100.97371964236
1101.30391693137
1101.66248971711
1102.10504585228
1103.33134083338
