344.398226946448
345.027906755341
345.654311973794
346.277442645422
346.897298811553
347.513880511253
348.127187781334
348.737220656383
349.343979168772
349.94746334868
350.547673224112
351.144608820915
351.738270162799
352.328657271353
352.915770166062
353.49960886433
354.080173381494
354.657463730844
355.231479923641
355.802221969133
356.369689874579
356.933883645261
357.494803284504
358.052448793696
358.606820172304
359.157917417893
359.705740526146
360.250289490877
360.791564304055
361.329564955819
361.864291434494
362.395743726616
362.923921816943
363.448825688475
363.970455322475
364.488810698485
365.003891794342
365.5156985862
366.024231048546
366.529489154217
367.031472874421
367.530182178751
368.025617035208
368.517777410215
369.006663268638
369.492274573799
369.974611287501
370.453673370042
370.929460780233
371.401973475416
371.871211411485
372.3371745429
372.799862822706
373.259276202555
373.715414632719
374.168278062108
374.617866438295
375.064179707524
375.507217814737
375.946980703585
376.383468316453
376.816680594471
377.246617477538
377.673278904335
378.096664812348
378.516775137882
378.933609816083
379.347168780951
379.757451965364
380.164459301093
380.568190718817
380.968646148148
381.365825517646
381.759728754833
382.15035578622
382.537706537316
382.921780932654
383.302578895803
383.68010034939
384.054345215117
384.42531341378
384.793004865285
385.157419488671
385.518557202123
385.876417922992
386.231001567816
386.582308052336
386.930337291512
387.275089199548
387.616563689905
387.954760675318
388.289680067823
388.621321778764
388.949685718822
389.274771798026
389.596579925775
389.915110010856
390.230361961464
390.542335685216
390.851031089176
391.156448079867
391.458586563297
391.75744644497
392.05302762991
392.345330022679
392.634353527394
392.920098047747
393.202563487024
393.481749748123
393.757656733574
394.030284345558
394.299632485923
394.565701056208
394.828489957657
395.087999091243
395.344228357682
395.597177657456
395.84684689083
396.093235957874
396.336344758478
396.576173192375
396.812721159157
397.045988558299
397.275975289173
397.502681251072
397.726106343227
397.946250464825
398.163113515034
398.376695393017
398.586995997954
398.794015229062
398.997752985616
399.198209166963
399.39538367255
399.589276401937
399.779887254822
399.967216131056
400.151262930669
400.332027553885
400.509509901143
400.68370987312
400.854627370749
401.022262295238
401.186614548095
401.347684031144
401.505470646545
401.659974296819
401.811194884867
401.959132313985
402.103786487894
402.245157310754
402.383244687187
402.518048522299
402.649568721697
402.777805191517
402.902757838437
403.024426569703
403.142811293151
403.257911917224
403.369728350998
403.4782605042
403.583508287231
403.685471611188
403.784150387882
403.879544529868
403.971653950456
404.060478563742
404.146018284624
404.228273028828
404.307242712926
404.382927254364
404.455326571476
404.524440583516
404.590269210671
404.652812374092
404.712069995909
404.76804199926
404.820728308309
404.87012884827
404.916243545435
404.959072327187
404.998615122033
405.034871859621
405.067842470765
405.097526887469
405.123925042951
405.147036871664
405.166862309322
405.183401292923
405.196653760772
405.206619652506
405.213298909118
405.216691472981
405.216797287872
405.213616298995
405.207148453008
405.197393698046
405.184351983745
405.16802326127
405.148407483335
405.125504604231
405.099314579849
405.069837367711
405.037072926984
405.001021218518
404.961682204861
404.919055850292
404.873142120843
404.823940984323
404.771452410349
404.715676370368
404.656612837685
404.594261787487
404.528623196872
404.459697044872
404.387483312485
404.311981982695
404.233193040502
404.151116472952
404.065752269156
403.977100420324
403.885160919789
403.789933763035
403.691418947724
403.589616473724
403.484526343135
403.376148560318
403.264483131922
403.149530066914
403.031289376603
402.90976107467
402.784945177197
402.656841702693
402.525450672124
402.390772108941
402.252806039108
402.111552491129
401.96701149608
401.819183087636
401.668067302096
401.513664178419
401.355973758246
401.194996085933
401.030731208579
400.863179176053
400.692340041025
400.518213858996
400.340800688322
400.160100590249
399.97611362894
399.788839871503
399.598279388018
399.404432251572
399.207298538285
399.006878327335
398.803171700993
398.596178744651
398.385899546845
398.172334199294
397.955482796917
397.73534543787
397.511922223573
397.285213258735
397.055218651385
396.821938512899
396.585372958031
396.345522104933
396.102386075192
395.85596499385
395.606258989434
395.353268193984
395.096992743075
394.837432775847
394.574588435029
394.308459866967
394.039047221643
393.766350652707
393.490370317493
393.211106377051
392.928558996163
392.642728343369
392.353614590987
392.061217915136
391.765538495755
391.466576516621
391.164332165373
390.858805633523
390.549997116479
390.237906813559
389.922534928004
389.603881666993
389.281947241658
388.956731867093
388.628235762364
388.29645915052
387.961402258596
387.623065317624
387.281448562633
386.936552232651
386.588376570708
386.236921823832
385.882188243045
385.524176083359
385.162885603763
384.798317067218
384.430470740636
384.059346894869
383.684945804687
383.307267748754
382.926313009602
382.542081873604
382.154574630933
381.763791575533
381.36973300507
380.972399220886
380.57179052795
380.167907234801
379.760749653482
379.350318099474
378.936612891624
378.519634352061
378.099382806111
377.675858582198
377.249062011747
376.818993429068
376.38565317124
375.949041577979
375.509158991503
375.066005756377
374.619582219359
374.169888729224
373.716925636577
373.260693293662
372.801192054142
372.338422272875
371.872384305672
371.403078509031
370.930505239863
370.454664855191
369.975557711831
369.49318416605
369.007544573203
368.518639287341
368.026468660794
367.531033043726
367.032332783661
366.530368224967
366.02513970832
365.516647570119
365.004892141863
364.489873749488
363.971592712657
363.450049344
362.925243948301
362.397176821628
361.865848250403
361.331258510407
360.793407865715
360.252296567552
359.707924853068
359.160292944032
358.609401045423
358.055249343923
357.497838006298
356.937167177663
356.373236979616
355.806047508233
355.23559883191
354.661890989049
354.08492398556
353.504697792168
352.921212341524
352.334467525074
351.744463189687
351.151199134014
350.554675104553
349.954890791387
349.351845823578
348.745539764167
348.135972104766
347.52314225967
346.907049559476
346.287693244134
345.665072455386
345.039186228519
344.410033483381
343.77761301455
343.141923480596
342.502963392317
341.860731099838
341.215224778453
340.566442413053
339.914381780979
339.259040433115
338.600415673002
337.938504533728
337.273303752313
336.604809741269
335.933018556958
335.257925864319
334.579526897469
333.897816415596
333.212788653467
332.524437265763
331.832755264324
331.137734947183
330.439367818136
329.737644495285
329.032554606729
328.324086671231
327.6122279612
326.896964344822
326.178280103446
325.45615771951
324.730577629166
324.001517932417
323.268954051786
322.532858328295
321.793199540516
321.049942328644
320.303046500332
319.552466188195
318.798148819556
318.04003384626
317.278051164759
316.512119131768
315.742142045396
314.968006910185
314.189579228425
313.40669744546
312.61916549978
311.826742648999
311.029129287913
310.225946711001
309.416707441747
308.600770336029
307.77727006061
306.945001237437
306.10221736276
305.246256933718
304.372783666661
303.474046594911
302.534159300976
301.512457325046
300.249818831842
296.742261064919
