-295.442325903662
-295.391079092097
-295.339548007701
-295.287732700064
-295.235633219052
-295.183249614804
-295.130581937732
-295.07763023852
-295.024394568128
-294.970874977787
-294.917071519003
-294.862984243553
-294.80861320349
-294.753958451138
-294.699020039094
-294.64379802023
-294.588292447688
-294.532503374885
-294.476430855511
-294.420074943527
-294.363435693167
-294.30651315894
-294.249307395626
-294.191818458276
-294.134046402217
-294.075991283045
-294.017653156631
-293.959032079117
-293.900128106917
-293.840941296719
-293.781471705482
-293.721719390436
-293.661684409086
-293.601366819206
-293.540766678843
-293.479884046318
-293.41871898022
-293.357271539413
-293.295541783032
-293.233529770482
-293.171235561442
-293.108659215861
-293.045800793961
-292.982660356233
-292.919237963442
-292.855533676623
-292.791547557082
-292.727279666397
-292.662730066417
-292.597898819262
-292.532785987323
-292.467391633263
-292.401715820013
-292.335758610778
-292.269520069033
-292.203000258523
-292.136199243264
-292.069117087543
-292.001753855916
-291.934109613213
-291.86618442453
-291.797978355236
-291.729491470971
-291.660723837643
-291.591675521432
-291.522346588787
-291.452737106428
-291.382847141343
-291.312676760793
-291.242226032306
-291.171495023682
-291.100483802989
-291.029192438566
-290.957620999021
-290.885769553231
-290.813638170344
-290.741226919775
-290.668535871211
-290.595565094606
-290.522314660185
-290.448784638442
-290.374975100138
-290.300886116305
-290.226517758243
-290.151870097522
-290.07694320598
-290.001737155722
-289.926252019126
-289.850487868833
-289.774444777758
-289.698122819081
-289.621522066251
-289.544642592986
-289.467484473271
-289.390047781361
-289.312332591777
-289.23433897931
-289.156067019018
-289.077516786226
-288.998688356528
-288.919581805786
-288.840197210129
-288.760534645952
-288.680594189921
-288.600375918968
-288.51987991029
-288.439106241354
-288.358054989894
-288.276726233909
-288.195120051669
-288.113236521707
-288.031075722824
-287.94863773409
-287.865922634839
-287.782930504673
-287.699661423461
-287.616115471337
-287.532292728702
-287.448193276225
-287.36381719484
-287.279164565746
-287.19423547041
-287.109029990565
-287.023548208209
-286.937790205606
-286.851756065286
-286.765445870046
-286.678859702946
-286.591997647315
-286.504859786744
-286.417446205092
-286.329756986483
-286.241792215304
-286.153551976209
-286.065036354119
-285.976245434216
-285.887179301949
-285.797838043033
-285.708221743446
-285.618330489431
-285.528164367495
-285.437723464412
-285.347007867218
-285.256017663214
-285.164752939966
-285.073213785303
-284.981400287319
-284.889312534371
-284.796950615082
-284.704314618337
-284.611404633284
-284.518220749338
-284.424763056174
-284.331031643733
-284.237026602217
-284.142748022095
-284.048195994095
-283.953370609211
-283.8582719587
-283.76290013408
-283.667255227133
-283.571337329905
-283.475146534703
-283.378682934098
-283.281946620921
-283.184937688269
-283.087656229499
-282.990102338231
-282.892276108347
-282.794177633992
-282.69580700957
-282.59716432975
-282.498249689463
-282.3990631839
-282.299604908513
-282.199874959018
-282.099873431391
-281.99960042187
-281.899056026953
-281.7982403434
-281.697153468233
-281.595795498732
-281.494166532443
-281.392266667167
-281.29009600097
-281.187654632177
-281.084942659373
-280.981960181404
-280.878707297376
-280.775184106657
-280.671390708872
-280.567327203909
-280.462993691914
-280.358390273293
-280.253517048714
-280.148374119101
-280.04296158564
-279.937279549776
-279.831328113213
-279.725107377916
-279.618617446105
-279.511858420265
-279.404830403134
-279.297533497712
-279.189967807259
-279.082133435291
-278.974030485583
-278.865659062169
-278.757019269343
-278.648111211654
-278.538934993912
-278.429490721183
-278.319778498793
-278.209798432324
-278.099550627617
-277.989035190769
-277.878252228137
-277.767201846333
-277.655884152229
-277.544299252952
-277.432447255887
-277.320328268677
-277.207942399219
-277.09528975567
-276.982370446442
-276.869184580204
-276.755732265883
-276.642013612659
-276.528028729972
-276.413777727516
-276.299260715242
-276.184477803357
-276.069429102322
-275.954114722857
-275.838534775935
-275.722689372787
-275.606578624897
-275.490202644005
-275.373561542108
-275.256655431456
-275.139484424555
-275.022048634166
-274.904348173304
-274.786383155241
-274.668153693499
-274.549659901861
-274.430901894358
-274.311879785279
-274.192593689166
-274.073043720815
-273.953229995278
-273.833152627857
-273.712811734111
-273.592207429851
-273.471339831141
-273.350209054301
-273.228815215901
-273.107158432766
-272.985238821974
-272.863056500856
-272.740611586995
-272.617904198228
-272.494934452642
-272.37170246858
-272.248208364635
-272.124452259653
-272.000434272732
-271.876154523222
-271.751613130725
-271.626810215095
-271.501745896437
-271.376420295109
-271.250833531718
-271.124985727125
-270.99887700244
-270.872507479026
-270.745877278496
-270.618986522713
-270.491835333793
-270.3644238341
-270.236752146251
-270.108820393112
-269.980628697799
-269.852177183679
-269.723465974369
-269.594495193735
-269.465264965895
-269.335775415213
-269.206026666305
-269.076018844038
-268.945752073525
-268.815226480129
-268.684442189464
-268.553399327391
-268.422098020022
-268.290538393714
-268.158720575076
-268.026644690964
-267.894310868483
-267.761719234986
-267.628869918074
-267.495763045595
-267.362398745647
-267.228777146575
-267.094898376969
-266.960762565671
-266.826369841767
-266.691720334592
-266.556814173726
-266.421651488999
-266.286232410485
-266.150557068507
-266.014625593634
-265.878438116679
-265.741994768706
-265.605295681021
-265.468340985179
-265.33113081298
-265.193665296468
-265.055944567936
-264.91796875992
-264.779738005204
-264.641252436815
-264.502512188025
-264.363517392354
-264.224268183565
-264.084764695665
-263.945007062907
-263.804995419788
-263.664729901051
-263.52421064168
-263.383437776908
-263.242411442207
-263.101131773296
-262.959598906137
-262.817812976936
-262.675774122141
-262.533482478447
-262.390938182788
-262.248141372343
-262.105092184535
-261.961790757029
-261.818237227732
-261.674431734795
-261.53037441661
-261.386065411812
-261.24150485928
-261.096692898132
-260.951629667729
-260.806315307676
-260.660749957816
-260.514933758236
-260.368866849264
-260.222549371469
-260.075981465661
-259.929163272892
-259.782094934454
-259.634776591878
-259.48720838694
-259.339390461652
-259.191322958269
-259.043006019286
-258.894439787436
-258.745624405694
-258.596560017274
-258.44724676563
-258.297684794456
-258.147874247682
-257.997815269483
-257.847508004268
-257.696952596687
-257.546149191629
-257.395097934221
-257.243798969829
-257.092252444057
-256.940458502749
-256.788417291983
-256.636128958079
-256.483593647593
-256.330811507319
-256.177782684289
-256.024507325772
-255.870985579274
-255.717217592537
-255.563203513544
-255.40894349051
-255.254437671889
-255.099686206372
-254.944689242886
-254.789446930593
-254.633959418893
-254.478226857421
-254.322249396047
-254.166027184879
-254.009560374259
-253.852849114763
-253.695893557206
-253.538693852634
-253.381250152331
-253.223562607814
-253.065631370836
-252.907456593383
-252.749038427677
-252.590377026173
-252.43147254156
-252.272325126763
-252.112934934938
-251.953302119477
-251.793426834003
-251.633309232374
-251.472949468682
-251.31234769725
-251.151504072635
-250.990418749627
-250.829091883248
-250.667523628753
-250.505714141629
-250.343663577594
-250.1813720926
-250.018839842829
-249.856066984698
-249.693053674851
-249.529800070167
-249.366306327754
-249.202572604952
-249.038599059333
-248.874385848697
-248.709933131078
-248.545241064739
-248.380309808171
-248.2151395201
-248.049730359477
-247.884082485488
-247.718196057544
-247.552071235288
-247.385708178592
-247.219107047559
-247.052268002517
-246.885191204026
-246.717876812875
-246.55032499008
-246.382535896888
-246.21450969477
-246.04624654543
-245.877746610797
-245.709010053029
