-52.0944533000791
-52.3842571084708
-52.6740105043006
-52.963713208721
-53.2533649429334
-53.5429654281884
-53.8325143857859
-54.122011537075
-54.4114566034553
-54.7008493063759
-54.9901893673367
-55.2794765078881
-55.5687104496315
-55.8578909142195
-56.1470176233559
-56.4360902987967
-56.7251086623496
-57.0140724358745
-57.3029813412841
-57.5918351005436
-57.8806334356716
-58.1693760687398
-58.4580627218736
-58.7466931172521
-59.0352669771089
-59.3237840237316
-59.6122439794629
-59.9006465666999
-60.1889915078955
-60.4772785255577
-60.7655073422503
-61.0536776805932
-61.3417892632624
-61.6298418129908
-61.9178350525677
-62.2057687048398
-62.4936424927108
-62.7814561391424
-63.069209367154
-63.356901899823
-63.6445334602854
-63.9321037717359
-64.219612557428
-64.5070595406744
-64.7944444448476
-65.0817669933794
-65.3690269097618
-65.6562239175472
-65.9433577403484
-66.2304281018389
-66.5174347257535
-66.8043773358883
-67.0912556561008
-67.3780694103107
-67.6648183224995
-67.9515021167112
-68.2381205170527
-68.5246732476936
-68.8111600328667
-69.0975805968683
-69.3839346640585
-69.6702219588612
-69.9564422057649
-70.2425951293224
-70.5286804541511
-70.8146979049338
-71.1006472064185
-71.3865280834188
-71.672340260814
-71.9580834635497
-72.2437574166378
-72.5293618451568
-72.8148964742523
-73.1003610291367
-73.3857552350903
-73.6710788174607
-73.9563315016638
-74.2415130131834
-74.526623077572
-74.8116614204509
-75.0966277675103
-75.3815218445096
-75.666343377278
-75.9510920917144
-76.2357677137877
-76.5203699695373
-76.804898585073
-77.0893532865756
-77.373733800297
-77.6580398525606
-77.9422711697613
-78.226427478366
-78.5105085049137
-78.794513976016
-79.0784436183571
-79.3622971586943
-79.6460743238579
-79.929774840752
-80.2133984363541
-80.4969448377162
-80.7804137719641
-81.0638049662984
-81.3471181479946
-81.6303530444032
-81.9135093829498
-82.1965868911359
-82.4795852965389
-82.762504326812
-83.0453437096851
-83.3281031729645
-83.6107824445337
-83.8933812523532
-84.1758993244608
-84.4583363889723
-84.7406921740813
-85.0229664080595
-85.3051588192573
-85.5872691361038
-85.8692970871069
-86.1512424008541
-86.4331048060121
-86.7148840313276
-86.9965798056273
-87.2781918578182
-87.5597199168878
-87.8411637119046
-88.1225229720179
-88.4037974264588
-88.6849868045396
-88.9660908356546
-89.2471092492804
-89.5280417749757
-89.8088881423822
-90.0896480812242
-90.3703213213092
-90.6509075925285
-90.9314066248567
-91.2118181483525
-91.4921418931589
-91.7723775895031
-92.0525249676973
-92.3325837581387
-92.6125536913095
-92.8924344977777
-93.172225908197
-93.4519276533069
-93.7315394639335
-94.0110610709892
-94.2904922054735
-94.5698325984727
-94.8490819811605
-95.1282400847983
-95.4073066407351
-95.6862813804083
-95.9651640353434
-96.2439543371547
-96.5226520175453
-96.8012568083074
-97.0797684413227
-97.3581866485625
-97.6365111620879
-97.9147417140503
-98.1928780366915
-98.470919862344
-98.7488669234312
-99.0267189524677
-99.3044756820596
-99.5821368449045
-99.8597021737924
-100.137171401605
-100.414544261317
-100.691820485996
-100.968999808801
-101.246081962987
-101.523066681899
-101.79995369898
-102.076742747763
-102.353433561878
-102.630025875047
-102.906519421091
-103.182913933922
-103.459209147548
-103.735404796074
-104.011500613701
-104.287496334723
-104.563391693535
-104.839186424624
-105.114880262577
-105.390472942077
-105.665964197904
-105.941353764937
-106.21664137815
-106.491826772619
-106.766909683514
-107.041889846108
-107.31676699577
-107.591540867969
-107.866211198274
-108.140777722352
-108.415240175971
-108.689598295
-108.963851815407
-109.238000473261
-109.512044004731
-109.78598214609
-110.05981463371
-110.333541204066
-110.607161593732
-110.880675539389
-111.154082777816
-111.427383045898
-111.70057608062
-111.973661619073
-112.24663939845
-112.519509156047
-112.792270629265
-113.06492355561
-113.337467672691
-113.609902718222
-113.882228430022
-114.154444546015
-114.426550804232
-114.698546942808
-114.970432699984
-115.242207814109
-115.513872023636
-115.785425067126
-116.056866683249
-116.328196610777
-116.599414588596
-116.870520355694
-117.14151365117
-117.412394214231
-117.683161784192
-117.953816100476
-118.224356902618
-118.494783930258
-118.765096923149
-119.035295621151
-119.305379764236
-119.575349092487
-119.845203346093
-120.11494226536
-120.384565590699
-120.654073062637
-120.92346442181
-121.192739408966
-121.461897764965
-121.730939230781
-121.999863547497
-122.268670456312
-122.537359698537
-122.805931015595
-123.074384149024
-123.342718840475
-123.610934831714
-123.879031864619
-124.147009681184
-124.414868023519
-124.682606633847
-124.950225254506
-125.217723627951
-125.485101496752
-125.752358603595
-126.019494691282
-126.286509502732
-126.55340278098
-126.820174269179
-127.086823710598
-127.353350848624
-127.619755426761
-127.886037188633
-128.15219587798
-128.418231238662
-128.684143014656
-128.949930950059
-129.215594789088
-129.481134276078
-129.746549155484
-130.011839171881
-130.277004069965
-130.542043594551
-130.806957490575
-131.071745503095
-131.336407377289
-131.600942858457
-131.86535169202
-132.129633623522
-132.393788398627
-132.657815763124
-132.921715462923
-133.185487244057
-133.449130852683
-133.71264603508
-133.976032537652
-134.239290106925
-134.502418489551
-134.765417432306
-135.028286682089
-135.291025985926
-135.553635090966
-135.816113744484
-136.078461693882
-136.340678686687
-136.602764470549
-136.864718793249
-137.126541402693
-137.388232046911
-137.649790474063
-137.911216432436
-138.172509670444
-138.433669936628
-138.694696979657
-138.95559054833
-139.216350391572
-139.476976258439
-139.737467898114
-139.997825059911
-140.258047493272
-140.518134947769
-140.778087173103
-141.037903919108
-141.297584935745
-141.557129973108
-141.816538781421
-142.075811111039
-142.334946712448
-142.593945336267
-142.852806733244
-143.111530654263
-143.370116850337
-143.628565072613
-143.886875072371
-144.145046601022
-144.403079410114
-144.660973251325
-144.918727876468
-145.176343037491
-145.433818486474
-145.691153975633
-145.948349257319
-146.205404084017
-146.462318208347
-146.719091383065
-146.975723361064
-147.232213895369
-147.488562739145
-147.744769645692
-148.000834368447
-148.256756660981
-148.512536277006
-148.76817297037
-149.023666495058
-149.279016605193
-149.534223055035
-149.789285598985
-150.044203991579
-150.298977987495
-150.553607341547
-150.808091808691
-151.062431144021
-151.31662510277
-151.570673440312
-151.824575912161
-152.078332273971
-152.331942281536
-152.585405690794
-152.838722257819
-153.09189173883
-153.344913890188
-153.597788468392
-153.850515230087
-154.103093932059
-154.355524331234
-154.607806184685
-154.859939249624
-155.11192328341
-155.363758043542
-155.615443287664
-155.866978773565
-156.118364259177
-156.369599502575
-156.620684261981
-156.871618295761
-157.122401362425
-157.373033220631
-157.623513629178
-157.873842347016
-158.124019133238
-158.374043747082
-158.623915947935
-158.87363549533
-159.123202148947
-159.372615668612
-159.6218758143
-159.870982346132
-160.119935024378
-160.368733609455
-160.61737786193
-160.865867542517
-161.114202412079
-161.362382231629
-161.610406762327
-161.858275765486
-162.105989002564
-162.353546235174
-162.600947225075
-162.848191734178
-163.095279524546
-163.342210358389
-163.588983998073
-163.83560020611
-164.082058745169
-164.328359378065
-164.574501867771
-164.820485977407
-165.066311470247
-165.31197810972
-165.557485659405
-165.802833883036
-166.048022544498
-166.293051407832
-166.537920237232
-166.782628797045
-167.027176851773
-167.271564166074
-167.515790504757
-167.75985563279
-168.003759315293
-168.247501317544
-168.491081404974
-168.734499343171
-168.97775489788
-169.220847835
-169.46377792059
-169.706544920861
-169.949148602186
-170.191588731091
-170.433865074261
-170.67597739854
-170.917925470928
-171.159709058583
-171.401327928823
-171.642781849123
-171.884070587116
-172.125193910597
