6.82966404719775
6.79453259329194
6.75939580743547
6.72425368954535
6.68910623981676
6.65395345872262
6.61879534701326
6.58363190571595
6.54846313613458
6.51328903984918
6.47810961871567
6.44292487486532
6.40773481070446
6.37253942891412
6.33733873244955
6.30213272453992
6.26692140868793
6.23170478866939
6.19648286853294
6.16125565259956
6.1260231454623
6.09078535198584
6.0555422773062
6.0202939268303
5.98504030623563
5.9497814214699
5.91451727875065
5.87924788456495
5.84397324566899
5.80869336908775
5.77340826211463
5.73811793231116
5.70282238750659
5.66752163579756
5.63221568554779
5.59690454538772
5.56158822421416
5.52626673118998
5.49094007574374
5.45560826756946
5.42027131662611
5.38492923313747
5.34958202759172
5.31422971074112
5.27887229360169
5.24350978745293
5.20814220383745
5.17276955456073
5.13739185169078
5.10200910755779
5.06662133475387
5.0312285461328
4.99583075480965
4.96042797416049
4.92502021782219
4.88960749969203
4.85418983392743
4.81876723494571
4.78333971742383
4.747907296298
4.71246998676354
4.67702780427451
4.6415807645435
4.60612888354136
4.5706721774969
4.53521066289666
4.49974435648466
4.46427327526218
4.42879743648739
4.39331685767525
4.35783155659723
4.32234155128098
4.28684686001019
4.25134750132441
4.2158434940186
4.18033485714316
4.14482161000365
4.10930377216041
4.0737813634285
4.03825440387751
4.0027229138313
3.96718691386774
3.93164642481861
3.89610146776939
3.86055206405904
3.82499823527983
3.78944000327717
3.75387739014943
3.71831041824773
3.68273911017583
3.64716348878996
3.6115835771986
3.57599939876242
3.54041097709402
3.50481833605788
3.46922149977021
3.43362049259872
3.39801533916261
3.36240606433238
3.3267926932297
3.29117525122731
3.25555376394895
3.21992825726918
3.1842987573133
3.14866529045729
3.11302788332772
3.07738656280158
3.04174135600627
3.00609229031959
2.97043939336944
2.93478269303401
2.89912221744167
2.86345799497073
2.82779005424963
2.79211842415672
2.75644313382035
2.72076421261879
2.6850816901802
2.64939559638258
2.61370596135381
2.57801281547162
2.54231618936363
2.50661611390731
2.47091262022996
2.4352057397088
2.399495503971
2.3637819448936
2.3280650946037
2.29234498547841
2.25662165014487
2.2208951214804
2.18516543261257
2.14943261691915
2.1136967080283
2.07795773981857
2.04221574641913
2.00647076220966
1.97072282182065
1.93497196013348
1.89921821228035
1.86346161364472
1.82770219986121
1.79194000681576
1.75617507064595
1.72040742774098
1.6846371147419
1.64886416854172
1.61308862628579
1.57731052537173
1.54152990344983
1.50574679842309
1.46996124844756
1.43417329193253
1.3983829675407
1.36259031418846
1.32679537104614
1.29099817753828
1.2551987733438
1.21939719839636
1.18359349288461
1.14778769725247
1.11197985219939
1.07616999868077
1.0403581779081
1.00454443134937
0.968728800729381
0.932911328030186
0.897092055491169
0.861271025609681
0.825448281141228
0.789623865099896
0.753797820758753
0.717970191650123
0.682141021566113
0.646310354558933
0.61047823494138
0.574644707287106
0.538809816431195
0.50297360747053
0.467136125764239
0.431297416934162
0.395457526865254
0.359616501706109
0.32377438786949
0.287931232032611
0.252087081137772
0.216241982392877
0.180395983271891
0.144549131515226
0.108701475130556
0.0728530623929282
0.0370039418457434
0.00115416230095777
-0.0346962271603208
-0.0705471771871285
-0.106398638158236
-0.142250560181525
-0.178102893093561
-0.213955586458731
-0.249808589569099
-0.285661851443339
-0.321515320826601
-0.357368946189541
-0.393222675728103
-0.429076457362663
-0.464930238737523
-0.500783967220356
-0.536637589901613
-0.572491053593756
-0.608344304830941
-0.644197289868221
-0.680049954681012
-0.715902244964557
-0.751754106133226
-0.787605483320119
-0.823456321376235
-0.859306564870055
-0.895156158086977
-0.931005045028764
-0.966853169412847
-1.00270047467194
-1.03854690395345
-1.07439240011895
-1.11023690574362
-1.14608036311586
-1.18192271423674
-1.21776390081956
-1.25360386428931
-1.28944254578232
-1.325279886146
-1.36111582593807
-1.3969503054266
-1.43278326458949
-1.46861464311423
-1.50444438039745
-1.54027241554485
-1.5760986873711
-1.61192313439939
-1.64774569486145
-1.68356630669764
-1.71938490755661
-1.75520143479547
-1.79101582547981
-1.82682801638387
-1.8626379439907
-1.8984455444925
-1.93425075379067
-1.97005350749649
-2.00585374093148
-2.04165138912773
-2.07744638682892
-2.11323866849062
-2.14902816828152
-2.18481482008398
-2.22059855749522
-2.25637931382841
-2.29215702211397
-2.32793161510094
-2.36370302525847
-2.39947118477729
-2.43523602557186
-2.47099747928223
-2.50675547727592
-2.54250995065044
-2.57826083023578
-2.61400804659707
-2.64975153003738
-2.68549121060098
-2.72122701807659
-2.75695888200087
-2.79268673166251
-2.8284104961062
-2.86413010413689
-2.89984548432482
-2.93555656501008
-2.97126327430866
-3.00696554011743
-3.04266329012056
-3.07835645179606
-3.11404495242251
-3.14972871908657
-3.18540767869066
-3.22108175796145
-3.25675088345825
-3.29241498158269
-3.32807397858878
-3.363727800593
-3.39937637358574
-3.43501962344344
-3.47065747594066
-3.50628985676354
-3.54191669152431
-3.57753790577595
-3.61315342502772
-3.64876317476282
-3.68436708045523
-3.71996506758964
-3.75555706168041
-3.79114298829302
-3.82672277306707
-3.86229634173904
-3.89786362016805
-3.93342453436235
-3.96897901050699
-4.00452697499427
-4.04006835445463
-4.07560307579067
-4.11113106621204
-4.14665225327289
-4.18216656491163
-4.21767392949298
-4.25317427585203
-4.28866753334178
-4.32415363188293
-4.35963250201617
-4.39510407495868
-4.43056828266311
-4.46602505788075
-4.50147433422761
-4.53691604625573
-4.57235012952735
-4.60777652069455
-4.6431951575834
-4.67860597928375
-4.71400892624343
-4.74940394036893
-4.78479096513277
-4.82016994568608
-4.85554082897993
-4.89090356389269
-4.92625810136675
-4.96160439455199
-4.99694239896107
-5.03227207263184
-5.067593376302
-5.10290627359424
-5.13821073121318
-5.17350671915614
-5.20879421093654
-5.24407318382257
-5.27934361909264
-5.31460550230527
-5.3498588235901
-5.38510357795674
-5.42033976562569
-5.45556739238096
-5.49078646994804
-5.52599701639746
-5.56119905657693
-5.59639262257517
-5.63157775421648
-5.66675449959289
-5.70192291563303
-5.7370830687157
-5.77223503532495
-5.80737890275577
-5.84251476987253
-5.877642747926
-5.91276296143031
-5.94787554910864
-5.98298066491374
-6.0180784791272
-6.05316917954635
-6.08825297276837
-6.12333008557353
-6.15840076642824
-6.19346528710814
-6.22852394445743
-6.26357706230131
-6.29862499351574
-6.33366812228187
-6.36870686653676
-6.40374168064015
-6.43877305828349
-6.47380153566056
-6.50882769493306
-6.54385216802008
-6.57887564074346
-6.61389885737279
-6.64892262561148
-6.68394782207648
-6.71897539832482
-6.75400638749101
-6.78904191161085
-6.82408318970914
-6.85913154675181
-6.89418842355778
-6.92925538780215
-6.96433414624802
-6.99942655836709
-7.03453465152478
-7.06966063795977
-7.1048069337897
-7.13997618032822
-7.17517126805808
-7.2103953636318
-7.2456519403568
-7.28094481269791
-7.31627817542201
-7.35165664810676
-7.38708532590723
-7.42256983759912
-7.45811641214346
-7.49373195525088
-7.52942413772536
-7.56520149775244
-7.60107355972405
-7.6370509728033
-7.67314567310548
-7.70937107434332
-7.74574229284341
-7.78227641435881
-7.81899281200939
-7.85591352699905
-7.89306372707866
-7.93047226174472
-7.96817233877063
-8.00620235403732
-8.04460691654982
-8.08343812414798
-8.12275716422712
-8.16263633989777
-8.20316165915206
-8.24443617771495
-8.28658436369133
-8.32975786673903
-8.37414324713757
-8.41997248582975
-8.46753751354926
-8.5172106686931
-8.56947410391428
-8.624963052784
-8.68453120372791
-8.7493525408188
-8.8210857292516
-8.90215078107914
-8.99621853284108
-9.10913085835663
-9.2507664367231
-9.4392077983019
-9.71132493319661
-10.1549640671448
-11.0376861621304
-13.6386405031134
-37.8771151391441
439.78260581416
